0.3426252306
0.3426591456
0.2624699473
0.2361113131
0.3730296493
0.2774024308
0.2916069627
0.3638185561
0.5387516618
0.3145654500
0.3053354323
0.3337597847
0.3220573068
0.5520002246
0.2890418172
0.2567500770
0.2655529380
0.2746051252
0.3605041504
0.2611792088
0.1030156687
0.2551806271
0.3488844633
0.2418810129
0.2604045868
0.2656107247
0.3324719369
0.2457763851
0.2363949269
0.3485073447
0.2909061909
0.0640173182
0.3462415040
0.2522470355
0.0779343396
0.2913216650
0.5641080141
0.2779505849
0.2818951011
0.2788272202
0.2615332007
0.2801441848
0.3147155344
0.3353154361
0.2996851802
0.3839205205
0.3870691657
0.5063919425
0.5633101463
0.2659305930
0.2628221810
0.2965778410
0.3742227554
0.2877978384
0.5714924335
0.6822376251
0.3499791026
0.2666742504
0.3062163889
0.3399655223
0.1966382414
0.3073998988
0.3117174208
0.2500567138
0.4426307976
0.3261838853
0.3202496171
0.2406465560
0.4596093595
0.3748796284
0.3149419725
0.2855270505
0.2469104081
0.4012978971
0.3754870892
0.3446884155
0.2539638281
0.2565298676
0.2993516028
0.2840029001
0.3876397312
0.3450488150
0.2673167884
0.2757911086
0.2982035577
0.3830395043
0.2555660009
0.1996808201
0.2913427651
0.3524676859
0.2827385962
0.5426075459
0.2973450124
0.2869934738
0.2658158839
0.3782203794
0.3006893396
0.3195033967
0.3073475659
0.3170048296
0.2810301483
0.3055171072
0.3739166260
0.3329494894
0.3078893721
0.3530615866
0.3181748092
0.3188638389
0.3036261797
0.3184671402
0.4878140688
0.3198824525
0.2972829640
0.4746086895
0.3107822835
0.2935212851
0.0802517310
0.3847287893
0.3604809046
0.5352061391
0.3098550439
0.3234207034
0.3122936785
0.3109582365
0.5521923304
0.3268159330
0.3318271637
0.2986919284
0.3478423655
0.3540719450
0.2942664027
0.2820708752
0.3148802817
0.4528663754
0.2812669277
0.2765198350
0.3637942374
0.4313956499
0.3502295315
0.3212178051
0.2713164389
0.4032755494
0.3317857087
0.3073690236
0.3811120093
0.3807918429
0.3322760165
0.3708765507
0.3813755512
0.2711257637
0.2806952298
0.2840544283
0.0922144949
0.0863844454
0.3277068734
0.3512131572
0.2813521326
0.2370721549
0.3027719259
0.2650497556
0.2996145189
0.2916741371
0.2937356830
0.2723402083
0.2880137265
0.3207658827
0.2791900635
0.2662914693
0.4256814420
0.3195728660
0.3225513697
0.1975644976
0.0617168099
0.3090775013
0.3232893050
0.3591948152
0.3396138549
0.2855444551
0.3014060259
0.4932656884
0.3586568832
0.5444436669
0.4516355395
0.2874159515
0.3152629435
0.3210956752
0.4502504468
0.2744058669
0.2596809268
0.4609131515
0.1792657226
0.5286437869
0.2751637399
0.2801526189
0.3266829550
0.4089691341
0.2637180686
0.2837977111
0.3235695660
0.3236924410
0.3107045591
0.2248046696
0.3256910145
0.2487554401
0.4712472260
0.3028112054
0.2972656190
0.3267742097
0.4272730947
0.3111164272
0.3053495884
0.3543568850
0.3530510962
0.3022328615
0.0704599619
0.2645778358
0.4342824519
0.3141748309
0.3383874893
0.2523783445
0.3078974485
0.3882952631
0.5851674676
0.2867295146
0.2786053717
0.2861961722
0.3434432447
0.3858568668
0.3282466233
0.3662454486
0.3362783194
0.3188833892
0.3702960312
0.1375175714
0.3480159044
0.3474169374
0.4870949388
0.3019236922
0.5207598805
0.2846595347
0.2907710373
0.5016899109
0.3504331410
0.3329073489
0.2838625312
0.3737601340
0.2574225664
0.2884242237
0.4767269492
0.3511842489
0.3940240741
0.2709455490
0.3106478751
0.5456240177
0.2778429091
0.2884304225
0.3458819389
0.3435761631
0.4208471179
0.1918923110
0.3091497123
0.2619929016
0.2436634451
0.1795815229
0.3370357156
0.3283712268
0.3818311393
0.3716962337
0.4460406005
0.0492882915
0.3373771608
0.4654218853
0.2995616794
0.2527687848
0.2239698470
0.3531610072
0.4949859381
0.2785491049
0.3486529589
0.5589853525
0.3645494878
0.3034512103
0.2933019400
0.3574509323
0.3316751719
0.3214505911
0.3052626848
0.3549368083
0.2242877036
0.3045080900
0.2982051373
0.3478009999
0.2887369096
0.1490767151
0.2855422199
0.3236372173
0.2932014465
0.3095371425
0.2113892883
0.2455910295
0.5533908606
0.3565344810
0.3232585192
0.2715200186
0.2300025672
0.0538295060
0.3099075556
0.3548353314
0.3111955225
0.3862711191
0.5716500282
0.3216947317
0.2438812256
0.4566683471
0.3899908364
0.3277650476
0.3679483235
0.2956227064
0.3392007649
0.3794757426
0.3733092546
0.3846787512
0.5261864662
0.4311867356
0.4970729947
0.2535665333
0.4753751755
0.3120187819
0.4242969453
0.3269328773
0.3199452460
0.2884498537
0.3691328168
0.2920003831
0.4192391038
0.5001215935
0.3157919943
0.0549497567
0.2537923157
0.2183193117
0.3872055113
0.3747044504
0.2764869034
0.2711007297
0.2592811286
0.2510538995
0.3082596064
0.2939853668
0.2649398446
0.2641922534
0.3564132750
0.6428115964
0.3389135301
0.2898798585
0.4283397198
0.2761611938
0.2019405663
0.3745296896
0.3080130517
0.3067302406
0.0970553681
0.7015491724
0.4680676460
0.3402552307
0.2800179124
0.4158054590
0.1926041692
0.2897885740
0.5230289102
0.3381331265
0.3712500632
0.3644375503
0.3160193861
0.4960368574
0.3173203766
0.2982835472
0.4026481807
0.5482580662
0.3453432918
0.2915535867
0.3271071017
0.3939208090
0.5495077968
0.2882413566
0.2304302007
0.4462708533
0.3182183802
0.3352709711
0.2750509083
0.4918426871
0.4405411184
0.5697287917
0.3131596744
0.4671303928
0.2480310351
0.1210012361
0.2586767077
0.2440650463
0.2900730371
0.3014637530
0.4884875119
0.3228721917
0.5471891165
0.3269195259
0.2925645411
0.3256899714
0.3133580089
0.2357534021
0.4533529580
0.4672235548
0.0471921042
0.3282397687
0.4949411750
0.3933756649
0.2744914293
0.2531431913
0.2597006559
0.3872145116
0.4406318665
0.3632303774
0.2579315603
0.2748067975
0.3759552538
0.2166255862
0.5605611801
0.3125638962
0.3108198643
0.3549337685
0.3418419957
0.3804897070
0.2673307657
0.3545660973
0.2754128873
0.3194651604
0.3279559016
0.3021606207
0.3776076734
0.3230003417
0.1886289418
0.3173301220
0.3011320829
0.3023463786
0.3149853349
0.3252624571
0.2833098173
0.3026160002
0.4281682968
0.0252340641
0.3176337481
0.3513564467
0.3570690453
0.3224219084
0.0661481619
0.2216695994
0.3927476704
0.2855837643
0.0681523830
0.1909107268
0.2996701002
0.3435601294
0.2445954680
0.2732635736
0.2791115940
0.2705007792
0.2845647633
0.1270262599
0.3858351707
0.4532699287
0.3194491565
0.5921539664
0.3245777488
0.3504088223
0.2324026376
0.3281113505
0.2863162458
0.5239841938
0.2515422702
0.5444904566
0.0094710467
0.2695640624
0.3566747308
0.3135991991
0.2948375344
0.3544480801
0.3300249279
0.3097744286
0.5263967514
0.3426433802
0.3538225889
0.5608198047
0.2845202386
0.2793500423
0.2998598814
0.2988567650
0.3018712103
0.3706495762
0.3037739694
0.4404776394
0.5668527484
0.3041740954
0.2044518888
0.3599045575
0.2989752293
0.2925406098
0.2999117374
0.4397773445
0.3173718452
0.4928134680
0.4879939556
0.3282249272
0.4062297642
0.3576968908
0.2639704049
0.2818467617
0.2982298732
0.2937782705
0.1576860994
0.3660920560
0.3318830132
0.4152393043
0.3356908262
0.3271303773
0.2101350874
0.2748165727
0.2577504814
0.3499527872
0.2796550095
0.3384862542
0.2684248388
0.2839441597
0.1201566756
0.4820482731
0.4490044415
0.2334128171
0.2731584907
0.3045406938
0.5057939291
0.2467873991
0.2722044885
0.5089921355
0.4122940600
0.2818145752
0.2744159698
0.2813532352
0.3233017027
0.3014172614
0.3846792281
0.2784736156
0.4510761797
0.3304070532
0.2270690203
0.2160400003
0.3360407948
0.3075610399
0.6632411480
0.2954409420
0.2597257495
0.2905836105
0.3471822143
0.2711212635
0.2985465527
0.2756139636
0.3114374578
0.2987460494
0.3253867328
0.3718160391
0.3030272126
0.5459962487
0.3579598665
0.2437893599
0.0724366009
0.3357977569
0.2489685565
0.5631827116
0.3735439777
0.3071468174
0.2573111653
0.3518320322
0.3300658464
0.0229117759
0.4500997663
0.2545585334
0.3721493185
0.2395661324
0.2808419466
0.2800876200
0.3459567130
0.2767927647
0.2761694193
0.4976559579
0.4401879311
0.2823407948
0.3715191782
0.3311373889
0.5264604092
0.3665646017
0.1458627582
0.3137776852
0.2782275677
0.3141342103
0.2814671099
0.2764660716
0.4558006823
0.4178125262
0.0544274896
0.3435573280
0.3120448887
0.3297425210
0.2165693939
0.3271295130
0.2505345345
0.3244939744
0.3012212515
0.3989729285
0.3248986006
0.3401506841
0.2244644910
0.2922939360
0.2308821529
0.5857854486
0.4443639517
0.3051252365
0.3391359448
0.2957719862
0.4681904912
0.5209006071
0.2769738138
0.3370513022
0.2772631943
0.3300864100
0.2906698287
0.3964053392
0.4744479656
0.2399861962
0.3004033267
0.3209603727
0.2996070087
0.3167137206
0.3074253201
0.4023816288
0.2729814649
0.2977271676
0.2909224927
0.2705881298
0.2711853087
0.1176175848
0.4293985665
0.4041999578
0.1582415700
0.2639448643
0.3331412673
0.4166340828
0.2860165536
0.3215747178
0.2986372411
0.3004041314
0.2509247065
0.3298869133
0.2940491736
0.2982670367
0.4103666842
0.2692946494
0.5358144641
0.2232438624
0.3138422370
0.3637384474
0.0664063394
0.2058119178
0.2481891662
0.4510415196
0.4144491553
0.2887661755
0.4982514381
0.3153351843
0.3153575361
0.4781695604
0.4095765352
0.3286880255
0.2740145624
0.3906714916
0.3118047416
0.2703759968
0.5162683129
0.2809098661
0.2792313099
0.2797330618
0.2668003738
0.0897758827
0.3055297732
0.2186637819
0.2745080292
0.2786478996
0.3977753222
0.5297620893
0.3603070974
0.2493300736
0.3173673153
0.0533536635
0.2635261416
0.2900716960
0.3332582116
0.4753493667
0.3336649239
0.4236837626
0.3796971142
0.5181226134
0.2334523052
0.3050878644
0.3779004216
0.2538307607
0.4134383202
0.4888760746
0.3568890393
0.2917174697
0.4901955724
0.3060976565
0.3069283962
0.3196599185
0.2465574145
0.3111190200
0.2579280436
0.2586149573
0.2661841214
0.4117205739
0.3728789091
0.3235954344
0.3585361540
0.3398292363
0.5103508830
0.5840912461
0.4024749398
0.2891652882
0.3456796706
0.3292715847
0.2382500023
0.3404227495
0.3100109100
0.4966011345
0.3187071681
0.3490192294
0.2880185843
0.4344628155
0.3024210036
0.3081549406
0.2867630124
0.3567719460
0.0955089033
0.2910092473
0.3128995299
0.2940109670
0.3005870879
0.3553442955
0.2781588435
0.1892774105
0.4008916020
0.2761228681
0.3939114511
0.2501105368
0.4624219537
0.2867058218
0.2488911152
0.2796864510
0.2908497751
0.3430182338
0.2589277029
0.2792643011
0.3080232739
0.3251282275
