0.3263257146
0.3106685877
0.2688728571
0.2805014253
0.1505696028
0.2407824695
0.2148312777
0.1739373803
0.3090575039
0.2975223958
0.2532357872
0.3136011064
0.2658349872
0.3955900669
0.2687317431
0.2180474401
0.2108422071
0.2607554197
0.2893294096
0.2494507879
0.3535813987
0.2152331173
0.2532044053
0.2527956665
0.2217454761
0.2444140315
0.3251508474
0.2605773509
0.2281824648
0.3312181830
0.2828888893
0.1209130511
0.2684174478
0.2210736275
0.3688592017
0.2840644419
0.2950050831
0.2369246483
0.2365988046
0.2448026240
0.2502378821
0.2326959223
0.2565292120
0.0715403929
0.2492586225
0.4085199237
0.2879339159
0.3792732656
0.3825601339
0.1714321077
0.2069851309
0.1875568181
0.1196910217
0.1058785245
0.2739383578
0.5272395611
0.2231847048
0.2594422400
0.2618245780
0.3221683204
0.3444370627
0.1656702757
0.2047285736
0.0824056491
0.5013277531
0.4007906914
0.2620858550
0.1352768242
0.2722893059
0.1818400174
0.2652949691
0.2086362243
0.2678160071
0.3269222379
0.3399358392
0.2841467261
0.1094854176
0.1525442302
0.1208760068
0.2662873566
0.2034573853
0.2778465152
0.2641138136
0.1619857848
0.2682788074
0.3049149513
0.2298442125
0.3069337606
0.2497222722
0.2566302121
0.1990196854
0.4096136689
0.1646061242
0.2451659590
0.0673102066
0.4009476304
0.2599012554
0.2561966181
0.3342486918
0.1417364031
0.3514204323
0.2325496972
0.3762395084
0.1903612316
0.2775138915
0.0866038278
0.2294074595
0.4420151711
0.2175678164
0.0447031371
0.4079954028
0.2736226916
0.3012094498
0.4729383588
0.2494717538
0.3193387687
0.5015309453
0.1386765242
0.3355856836
0.2310949564
0.2839289010
0.2808111608
0.2955547869
0.1422320008
0.1214558482
0.2725595534
0.2747121751
0.1692217886
0.2061333805
0.1841817349
0.2695494890
0.2538826168
0.2507121861
0.4211099744
0.1174401939
0.2121783048
0.2723095119
0.4354313314
0.3038874269
0.2453891933
0.1592381299
0.3471540213
0.2993891537
0.3571503460
0.3443802297
0.3581330180
0.3043735921
0.3545427322
0.2640315294
0.2444774359
0.2430568486
0.2771281600
0.1745000333
0.1866143644
0.4355165660
0.2876022756
0.2540144026
0.2153571844
0.3238879740
0.2170572430
0.2644299865
0.2494341433
0.3075230718
0.2249813080
0.2928467989
0.1491735727
0.2316046804
0.2115312368
0.4065493941
0.2702336311
0.3042980134
0.2652406693
0.0936490893
0.0593383461
0.2548294663
0.3547198474
0.3178598285
0.1909817010
0.2797210515
0.3613294959
0.2650121748
0.4031174183
0.4965344369
0.2454385906
0.3004622161
0.2668319046
0.3689896166
0.2492658347
0.3136501908
0.4570372403
0.3014162481
0.3478470445
0.0621366315
0.2441044897
0.2020247132
0.3424858153
0.2693153322
0.2510702610
0.2634349763
0.2987135351
0.1174719855
0.1577976048
0.3570793271
0.2172461003
0.2706947625
0.2235235274
0.1803951263
0.1777276844
0.2740923166
0.2642219067
0.1645907760
0.3100656271
0.2963894904
0.2575564981
0.0890971720
0.0792855471
0.3970786631
0.2806549668
0.2324702293
0.2300705910
0.3017973602
0.3810387552
0.5273416042
0.2610244751
0.2036108375
0.2459110767
0.3526200950
0.3062746823
0.2875586152
0.3050129116
0.1209312901
0.0465428792
0.3361510336
0.2713605464
0.1833507121
0.3534536362
0.4349024594
0.3110041022
0.3446231186
0.4415105581
0.0897866115
0.1268156320
0.3943467438
0.1669618189
0.1104705781
0.2968659103
0.2562608123
0.4122813642
0.5081377625
0.3239688575
0.2564155757
0.3041489422
0.0358234420
0.4614616036
0.2572942078
0.4734753668
0.2375994325
0.2601470351
0.3664957881
0.2247457206
0.2861332297
0.0671028867
0.2437894940
0.0485376716
0.2324636281
0.2375698686
0.1174287573
0.0641519427
0.4424647391
0.3059763908
0.2904961109
0.4037363231
0.1545561850
0.2515884936
0.2119860351
0.3481486142
0.3712364137
0.2255493850
0.1356829554
0.5795255899
0.0438014828
0.2227781564
0.2559560537
0.3451651931
0.3377857804
0.2349565327
0.3130095601
0.3432731628
0.2214780450
0.2061027288
0.2713710666
0.3811284602
0.2872316241
0.2731007934
0.2260781974
0.1113178208
0.1299198568
0.2100331634
0.2182692885
0.2356079072
0.1135748252
0.2943817079
0.2887474298
0.2710466981
0.2629301548
0.5143887401
0.2251042873
0.3333777785
0.3256211579
0.4614675641
0.3187437057
0.3241032362
0.0685120746
0.4057427347
0.2647008300
0.2913643718
0.3502272666
0.2409478575
0.2500184774
0.3171024919
0.1819470823
0.2238579839
0.5609869957
0.3557900488
0.4207568169
0.1578355730
0.3508431315
0.2723218203
0.4693355560
0.2728521824
0.2657988966
0.0904149115
0.2876788080
0.2329538465
0.3917578757
0.2931203842
0.2215363383
0.2936657965
0.2215388864
0.1663288027
0.3786339462
0.2207761407
0.3071750700
0.1816056818
0.2516386509
0.4624895453
0.2242612243
0.2851434350
0.2548754513
0.2332914174
0.3296149969
0.4793910384
0.1779525280
0.2428792417
0.3854429722
0.2822030783
0.2066313028
0.3221304119
0.2591099441
0.2806588113
0.2585453689
0.3002273738
0.2708264291
0.2460337430
0.2666060925
0.4030812979
0.1824136078
0.2596203089
0.4096205831
0.2809596360
0.3649269342
0.2865684032
0.2680877149
0.4052120745
0.3181340098
0.2979697883
0.4291962385
0.1264552027
0.3471012115
0.1692970842
0.2730817199
0.2218504846
0.3492566943
0.2390601337
0.2485428900
0.2634507418
0.2630386949
0.1817799509
0.0852471739
0.4122312367
0.3318369687
0.5048587322
0.2814202905
0.4998743534
0.2455405891
0.3396762908
0.2488606870
0.2061966956
0.2606560290
0.3044887483
0.3245716095
0.2259236872
0.0969697610
0.3068554997
0.2769888639
0.2844032049
0.2878589034
0.2219336033
0.3259591758
0.4808197021
0.0589423627
0.3842209876
0.4899884462
0.3379527926
0.2955021858
0.3079962134
0.2187165767
0.3802833259
0.3620204628
0.1531341970
0.1424745172
0.1582559645
0.2536458075
0.2173938751
0.4637838006
0.2996564806
0.2829386592
0.4143149853
0.3102648556
0.2436719686
0.2375240177
0.3509144187
0.2626070380
0.3062766194
0.1877003312
0.2399852276
0.3651932776
0.2937548757
0.0852970108
0.2861618698
0.0896770582
0.2567947805
0.2738482058
0.3267746866
0.2975121439
0.2936383784
0.3891822100
0.2410604805
0.3082664013
0.3351860344
0.2844537795
0.2347403467
0.3051204085
0.2153864801
0.3147185445
0.2480457574
0.1113625094
0.3763566613
0.2719618380
0.2950327992
0.4293227792
0.0987840518
0.1854380667
0.2570876479
0.2295987010
0.2439334095
0.2511799037
0.4334496558
0.3039006591
0.5301805139
0.2977167368
0.3050878942
0.2143764198
0.2642788291
0.2565366328
0.2216993868
0.3541301191
0.5887962580
0.2366755754
0.2517500818
0.3438487351
0.1544304788
0.1839873195
0.3303128481
0.1490686387
0.2869366705
0.1056841463
0.3107205927
0.3299910724
0.2569018304
0.2875510454
0.2764613628
0.1362928897
0.2834012508
0.2864653766
0.3450986147
0.2364498526
0.3786279857
0.2908873856
0.2809419036
0.2511791289
0.2514084280
0.1810528934
0.2748222053
0.1151676998
0.4570100307
0.2721173763
0.3818320930
0.4752138853
0.0963080376
0.1796857417
0.2954317033
0.2537899315
0.1291853487
0.2564970553
0.3065525293
0.3081130981
0.4034212828
0.2737880647
0.3660585582
0.3336488903
0.1996316165
0.5569859743
0.2344979197
0.2771485150
0.2904374897
0.2328145206
0.1197747141
0.1167500168
0.1477627456
0.3127650917
0.4784163237
0.3165888488
0.2788329422
0.1999967694
0.2577174604
0.4179830253
0.2403117120
0.2688234150
0.3722184002
0.4187280536
0.2923412621
0.4323270321
0.2643443644
0.2941343784
0.1249930561
0.2848889232
0.2812677324
0.3456177711
0.2602412403
0.2322551906
0.2791109681
0.2410018295
0.3050129712
0.3400588930
0.2536933124
0.2295859754
0.0932802930
0.3096649647
0.1099435911
0.3009384573
0.2534100413
0.2671470642
0.2651611269
0.2251033187
0.4102788866
0.0390096456
0.2737449706
0.3241809607
0.0262191426
0.2465281636
0.2920297682
0.1922570020
0.3048679531
0.2613987923
0.2472098917
0.1978224367
0.3528034687
0.2783439159
0.1912643015
0.3599117398
0.2390788049
0.3575223982
0.2220646292
0.1887244582
0.2605594993
0.3165179193
0.2726663053
0.2760260999
0.3691193759
0.3244239688
0.2627876401
0.2630271912
0.3239292502
0.3405148387
0.3252833188
0.2682814002
0.2882367373
0.2871302962
0.2469510734
0.2822601497
0.2607655525
0.3653145432
0.4212033451
0.2121096998
0.1992779672
0.2638733387
0.3422767818
0.1977783144
0.2925159037
0.2773777246
0.2061090767
0.2435238808
0.1281099916
0.2879754305
0.3473069370
0.2110062987
0.2439293414
0.2701594234
0.3288683891
0.3968830109
0.2523275912
0.3027988672
0.0873721838
0.2196686417
0.3605199754
0.2968888879
0.1621989161
0.2428227514
0.1637072414
0.1708906740
0.3355219066
0.4081888795
0.1929726899
0.2087192088
0.2858899236
0.1240263283
0.2029310167
0.1305454969
0.4110406339
0.0553840250
0.2620152533
0.2502996027
0.2529468238
0.2010042369
0.2023699135
0.3174189329
0.3345140219
0.1105573848
0.2169911116
0.3126499057
0.2341170758
0.2518886626
0.2810729742
0.1752076894
0.0911572799
0.2403982729
0.2996675074
0.2546839714
0.2553996146
0.3407720327
0.2447517514
0.5764054060
0.2348861247
0.3116564155
0.2913887799
0.2990241945
0.1829917282
0.2456506491
0.4260749817
0.3324159384
0.2335099578
0.2932993174
0.3063513339
0.2761507928
0.4265463650
0.3928456306
0.2845045328
0.2477798760
0.3372962773
0.2868004143
0.2579042614
0.4751071334
0.2012753189
0.2576123178
0.2515443563
0.2426125854
0.2838077545
0.2267859280
0.2243108749
0.1442160010
0.3236195445
0.4699228406
0.3369846046
0.3660738170
0.3594064415
0.2774823010
0.2827215791
0.2588661909
0.2237876803
0.2481950223
0.3681290746
0.0421112664
0.2425334156
0.2728683054
0.3986518383
0.0982274786
0.2925415337
0.3182145655
0.2737497687
0.4238240421
0.2032583654
0.3334206045
0.0974632055
0.3984839320
0.2469174117
0.3144050837
0.2955743074
0.2336138487
0.1932670921
0.1127582490
0.2607199252
0.3556458354
0.3301546872
0.1670352221
0.2722763121
0.2778186500
0.3241845965
0.3725929856
0.5217478275
0.2738051414
0.2156790644
0.3201682270
0.3026690185
0.2565213442
0.2973518670
0.2313684970
0.3888341486
0.2598128617
0.2741154432
0.0826206133
0.3605467081
0.2998132408
0.2579674721
0.2647860944
0.3542656600
0.2535114586
0.1056593508
0.2195307314
0.2386442125
0.3274790943
0.1159691811
0.0845317692
0.5070216656
0.1426872909
0.2654688954
0.3258879185
0.2683168352
0.4609317780
0.1523724794
0.2449010909
0.2455454171
0.1224949732
0.3044707477
0.2243337929
0.1972953230
0.2750515938
0.1723148227
