0.5289327502
0.4959477186
0.5483387113
0.4977629185
0.2510700524
0.4861674905
0.2534762919
0.3466596305
0.2876766920
0.5633282661
0.2864904404
0.2759146094
0.2481168658
0.1744825840
0.4788597524
0.2359053642
0.3809371293
0.4520354271
0.5552749038
0.2766606808
0.5204498768
0.5382161736
0.8412849903
0.3414098918
0.3561449945
0.2878671288
0.2608484328
0.2362202108
0.2686833739
0.3740952909
0.2491803169
0.4153536260
0.2941826284
0.2622273862
0.2896521986
0.2738926411
0.4136324525
0.4120951295
0.4562101662
0.5009949803
0.2422992885
0.3288484216
0.3333645463
0.3206740022
0.2248953283
0.3330114484
0.5516456962
0.4462224245
0.2724834085
0.4374110997
0.3667984009
0.4049684107
0.2590042949
0.5209253430
0.3315702379
0.3769842684
0.2654553354
0.2359867841
0.3726719916
0.2841500342
0.3432445228
0.2222429216
0.5582928658
0.5570706129
0.3797786832
0.5505672097
0.4837588966
0.3193508387
0.4740813673
0.5410384536
0.2706122696
0.5253469944
0.4075691104
0.2850654125
0.5203317404
0.5003323555
0.2802629471
0.3112798631
0.4456320107
0.3754622042
0.4493905604
0.2993730605
0.4379853010
0.2235668749
0.4436931014
0.5256230235
0.2864490747
0.1844806075
0.3562187552
0.4126008451
0.3256924748
0.3598517478
0.3373835981
0.3661029935
0.4054758847
0.1958795190
0.3420224786
0.2399449646
0.3246315420
0.5166765451
0.2906405926
0.4979234934
0.5936947465
0.5781643987
0.2469696701
0.2833106816
0.4197283983
0.2924992442
0.2161655128
0.4948009253
0.2889786959
0.3585779071
0.3383326232
0.2501953244
0.4363600612
0.4963219464
0.3229921460
0.3884505033
0.2295435816
0.3260342777
0.6684273481
0.3602781892
0.2897939384
0.2065621763
0.2213743478
0.5305594206
0.5542297959
0.3583694696
0.2926878631
0.5103620291
0.3882320821
0.3044818938
0.2664526105
0.2238181233
0.3376366794
0.4152732193
0.2819418907
0.2874496877
0.3602407277
0.2788389027
0.2879885137
0.3059721589
0.5621027350
0.3355618119
0.4936122000
0.3849636614
0.5308295488
0.4577716589
0.3177070320
0.5407998562
0.5424236059
0.3073829114
0.2691037655
0.2779521346
0.2662133276
0.3091125488
0.4065891206
0.7465964556
0.2216251194
0.3222686350
0.2574638724
0.3287951350
0.4203625023
0.5745003819
0.4053551257
0.5145346522
0.2637112141
0.2707122266
0.5302672982
0.0699805170
0.5903069973
0.4891866148
0.5701937675
0.5208050609
0.4087209702
0.2022561878
0.3226062357
0.4186657369
0.3391065001
0.2715538740
0.2866546214
0.3715043366
0.3644162416
0.5289520621
0.3182680905
0.3326409459
0.2841178179
0.5522698164
0.0683526024
0.4205471277
0.5077067018
0.5163251758
0.5397211313
0.3265715837
0.5082080960
0.3556040823
0.5669305921
0.3155038357
0.2900755405
0.5354573131
0.5047782660
0.2954543531
0.4220781028
0.4597054124
0.5741828680
0.3138732314
0.5162515640
0.2489291579
0.4569724798
0.5075289011
0.4448685944
0.5262839794
0.5682975054
0.4370166063
0.3687890768
0.5450047851
0.3952929080
0.3380100131
0.2927618027
0.3498771489
0.5094119906
0.3957559168
0.5533298850
0.1785313040
0.7352864742
0.2365491688
0.4753342569
0.1710502505
0.2845606208
0.3219816089
0.3048289418
0.3841206431
0.2677184641
0.2029564977
0.3618513048
0.5414496064
0.1455016732
0.2943230569
0.3892766833
0.2535228133
0.5710253119
0.3038727641
0.3690984249
0.2655153275
0.3894211054
0.2239773124
0.5239540339
0.2346310914
0.4511737227
0.2768274844
0.2360115200
0.2795546651
0.3087424636
0.3229269385
0.5120966434
0.3219622374
0.4575480223
0.3424845338
0.2060228437
0.4266621172
0.4814993143
0.3209948540
0.4293544590
0.2830588222
0.3389869332
0.4086827636
0.2983646989
0.3145017326
0.3986488581
0.2125364691
0.1178699881
0.5335560441
0.2303586453
0.5537629724
0.3725285530
0.5742690563
0.5624592900
0.2328667343
0.2533805072
0.2983303666
0.2854160070
0.3039540350
0.1619670093
0.5106614828
0.4832014143
0.3238051832
0.5462459326
0.3755472600
0.3091080785
0.1725827605
0.2962032259
0.3239351809
0.3417071104
0.5898932219
0.5341156721
0.2171622515
0.3774939775
0.5487347841
0.3245666325
0.5381572843
0.2593278289
0.3529588580
0.4029174745
0.3483962417
0.3582326174
0.4307439625
0.2694309652
0.5143932104
0.5313794017
0.2912381589
0.2546088994
0.3538727462
0.5596077442
0.3407819569
0.3543994427
0.2148427516
0.3416980505
0.5552704930
0.3388425112
0.1684492975
0.2495127022
0.5082092881
0.3193504214
0.5059586167
0.3373902142
0.1448733807
0.6055145860
0.4615315795
0.5511090159
0.4424446523
0.3041800857
0.1595980078
0.3939576149
0.5603276491
0.4256875217
0.5347768664
0.0393221378
0.3068678677
0.3906851709
0.2866580784
0.3886525929
0.4015392959
0.2573467493
0.3410255015
0.5247064233
0.3425279856
0.2769814432
0.5679808855
0.3243982792
0.4870026708
0.3196922839
0.4965657890
0.3075941801
0.2414461821
0.1198638603
0.3958427012
0.1977901012
0.4149117768
0.2676822245
0.2625128627
0.4791899025
0.2498053610
0.3346692920
0.4824951589
0.4947701693
0.2791031897
0.3848033547
0.3143678010
0.5353829861
0.5500219464
0.3278247118
0.3156266809
0.3024604023
0.5853611827
0.2237344235
0.5118464828
0.4930301309
0.5413728952
0.7998927236
0.2997512221
0.2945657670
0.5163619518
0.2576902807
0.5075400472
0.7053402662
0.4504002333
0.3314225078
0.4192459583
0.5282946825
0.4805906415
0.4669998586
0.0999921411
0.4319035113
0.3190760612
0.5471031666
0.1991858631
0.2841507196
0.2910722196
0.4700820744
0.3837369680
0.3589806855
0.2630400360
0.2743352354
0.5156123638
0.3849064410
0.2567702532
0.6258945465
0.1971177459
0.3256690502
0.6121096015
0.4931178391
0.4096797407
0.3497703075
0.2043841630
0.3109624088
0.5226643682
0.4099986851
0.2009481043
0.3736636937
0.2200598419
0.1830186248
0.2327134013
0.3502070606
0.4295506179
0.1284558326
0.5417513251
0.3313425183
0.2727596760
0.2879627347
0.5101523995
0.5173884630
0.3644577265
0.0334144719
0.3016601503
0.3216207027
0.5715018511
0.2387013286
0.2422456741
0.5217365026
0.2916754782
0.2926496565
0.4921347201
0.3997433186
0.4772216082
0.6062706709
0.3675099611
0.1949694455
0.2004418671
0.4471485317
0.5416111350
0.2697122395
0.5898047686
0.5368484259
0.5155462027
0.5145537853
0.2800373733
0.4370707273
0.5290793777
0.2535363734
0.3133684099
0.4352721572
0.3295028806
0.3668490648
0.5084578395
0.2966041267
0.3515302837
0.5171722174
0.3152756393
0.5558716655
0.4698319137
0.3769474030
0.3811928928
0.4270303547
0.5163203478
0.2691567540
0.2616474926
0.2669208646
0.6004940271
0.2477061898
0.5872610211
0.3602404296
0.3910419941
0.5586225390
0.5009624362
0.2882498205
0.4973429739
0.2813511193
0.2411610782
0.5101715326
0.4183360934
0.2807826102
0.2777301967
0.3476898372
0.2432332933
0.3365543783
0.3261351883
0.6831328869
0.5763148665
0.3919840753
0.5147430301
0.3094763756
0.2875447571
0.4192632139
0.3239383399
0.4855682850
0.3884382248
0.2005984634
0.2799467742
0.3800975680
0.2902807593
0.2842698097
0.4330171645
0.3413479328
0.3671760857
0.4120184779
0.5279630423
0.2855478823
0.4099463522
0.4374432564
0.2303533405
0.2556786835
0.3065686524
0.2200000733
0.5799962282
0.4597395658
0.2772043049
0.3202866912
0.5231769085
0.2946302295
0.3165077269
0.3869978487
0.3239804208
0.5622343421
0.3002493083
0.5685904026
0.3738450110
0.4035805166
0.2739652097
0.2278031409
0.3677220047
0.6043851972
0.3971432745
0.4939468205
0.3321564198
0.3769601285
0.3319658041
0.3045319319
0.4975640178
0.2474592775
0.5811479688
0.2577904761
0.6714462638
0.3542163968
0.2088764459
0.5017920732
0.2049935907
0.3393423557
0.4531334937
0.2606220841
0.2735693753
0.2606963515
0.2164424509
0.1968962252
0.2793182433
0.4449012876
0.4080764055
0.2816219032
0.3997748494
0.2170076221
0.4046558142
0.2708895206
0.5034621358
0.5387089849
0.5028188229
0.3276322484
0.3562086821
0.2996350229
0.3971222937
0.2767211199
0.3746609390
0.1751371175
0.2429031283
0.2202007324
0.3342784345
0.5174657702
0.4170151949
0.5405786633
0.3289897442
0.4310463667
0.3039105237
0.5770509839
0.2676536441
0.3197624385
0.5368468165
0.5167452097
0.3532290161
0.2691918015
0.5251343846
0.5388790369
0.4513956010
0.3453818858
0.5232707858
0.2345390320
0.2734363079
0.3348165154
0.2207714021
0.2524870038
0.3256924152
0.2877565324
0.2511999905
0.3620677292
0.4465544820
0.3387312889
0.6323122978
0.4139321446
0.5243213773
0.4101236761
0.3461666405
0.4063563049
0.3762856722
0.5610331297
0.7672498226
0.5081695318
0.3632706106
0.2975316644
0.3706957698
0.2423384190
0.4540854990
0.4227445126
0.3800767064
0.2762719393
0.5388453603
0.2856250703
0.5461107492
0.3416170478
0.2358416766
0.3665120900
0.2925180495
0.5227829814
0.4622370899
0.3779658079
0.2800060213
0.2380497456
0.3283490539
0.4317943454
0.3417370617
0.4236328602
0.3028999269
0.5441816449
0.3159706891
0.3767617345
0.5959403515
0.3178771436
0.5565831065
0.4041478336
0.8623702526
0.5818849206
0.2761527896
0.3791169524
0.4004927576
0.2391652167
0.2876085937
0.3931845427
0.2257243544
0.3551805913
0.5004715919
0.2819391191
0.4591075778
0.3079216778
0.5197508931
0.4459726810
0.2568079531
0.5179615021
0.4896431565
0.3964309990
0.5198125839
0.4170347452
0.3764755130
0.2420174778
0.5383745432
0.6530581713
0.2501564324
0.4055975676
0.5105510354
0.5437994599
0.5035609603
0.5983275175
0.3382769823
0.5651248097
0.3027504086
0.5133839250
0.2621220052
0.5139528513
0.4539776444
0.5054740310
0.3941528499
0.2857370079
0.3980893791
0.5158407688
0.2692510188
0.3001771569
0.3776287735
0.2032692283
0.2058612704
0.4221532941
0.3170968294
0.4377832413
0.5620701313
0.3428748250
0.3017867506
0.5466847420
0.3387993872
0.5176953077
0.5589632392
0.3648074269
0.5224339962
0.3395590484
0.5175431967
0.3384023011
0.5322892666
0.5439966321
0.1877988577
0.5019254088
0.2623264492
0.2990067899
0.2777934968
0.4229586124
0.3117290735
0.5436695218
0.2550612688
0.6073879004
0.3328740001
0.6863318086
0.2609072626
0.8046228290
0.3964224756
0.3613256812
0.3113827705
0.3086785376
0.2866078317
0.5536428690
0.2118568718
0.4418400526
0.2130640894
0.3616200387
0.2963744998
0.2648614943
0.4932452738
0.3003779650
0.5540697575
0.1911464334
0.5305160880
0.7003875971
0.3204793036
0.4243924320
0.1998119950
0.2494246811
0.3074347973
0.3053522110
0.5574570298
0.4669233263
0.3819991946
0.2175156623
0.4695075154
0.3158114552
0.3738696277
0.2431389540
0.3397410214
