0.1403379589
0.3872636855
0.2515480220
0.0709938928
0.3663556278
0.3255892396
0.3082834780
0.3098226786
0.3569646180
0.3202956319
0.2948688269
0.3046993315
0.2935790718
0.3225570023
0.3678279519
0.2940334380
0.2574435174
0.3111774325
0.3269738257
0.3022708595
0.3419850171
0.2969900668
0.2440319508
0.3360075355
0.3792388439
0.3473701477
0.2860156000
0.3208754361
0.2921251953
0.2117776275
0.2999441624
0.2788070738
0.2646690309
0.3681685030
0.3513697386
0.3156886101
0.2482358664
0.2966206074
0.3235635459
0.4351353347
0.3149485588
0.3768203855
0.2122066319
0.2488298565
0.2453257293
0.3419859707
0.0137573108
0.2695311606
0.3957464993
0.3452965915
0.2722095847
0.1828180403
0.2791159153
0.2998807132
0.2511525154
0.3402781487
0.3798306286
0.3157010972
0.3385506868
0.3234292865
0.3192290068
0.3833630383
0.3622550964
0.2381187826
0.2586080134
0.2756567001
0.3318808675
0.2963668704
0.5797424316
0.3455071747
0.4441545010
0.2781711221
0.3571003675
0.2480137050
0.3413050175
0.2925928533
0.2369301766
0.3373515606
0.2891113162
0.2914193571
0.2636060119
0.4565579891
0.2946430445
0.5339078307
0.3142673969
0.3267539442
0.4168581367
0.2888616025
0.2749591768
0.2668024302
0.3316595256
0.3023941815
0.2707332075
0.0425852016
0.3065279424
0.3043799102
0.2929283082
0.3090198636
0.3002164960
0.2733765841
0.3659917414
0.3785747588
0.2997797132
0.0807747692
0.3208551109
0.2506677508
0.3414703310
0.3341268897
0.4654219747
0.3072023988
0.3443090320
0.3812379539
0.3137506545
0.2599886954
0.1206361130
0.3052854538
0.3203535974
0.0537135527
0.3223235607
0.3363488913
0.5702980161
0.0453046113
0.2775093913
0.2847461104
0.3014379740
0.3093449473
0.2846856713
0.2562368214
0.4186317325
0.4373081028
0.3020556569
0.1665820926
0.3351133466
0.4353334010
0.8324802518
0.2518404424
0.2931081057
0.4316666722
0.2641856670
0.3328971565
0.2196984589
0.2479309291
0.3385942280
0.1079228222
0.1691881865
0.3016600311
0.2800729275
0.6540367603
0.3054637611
0.1692591310
0.2722892165
0.3312042654
0.2330937535
0.2998172641
0.2973674536
0.3455449045
0.3021179140
0.3555719852
0.2802291811
0.3577715158
0.3111399114
0.1522701383
0.2675404847
0.3079631925
0.2620042562
0.3114289641
0.3613326848
0.1608203053
0.3223273158
0.7646130919
0.3413004577
0.4073797464
0.3205975592
0.2466319799
0.0620928183
0.2852919102
0.2715920806
0.3018905222
0.2919100225
0.3007910550
0.2638984025
0.2469474673
0.0673164427
0.3475558460
0.2773576677
0.0382853337
0.2023364902
0.2863620520
0.0528203920
0.0776172876
0.4801173806
0.2695212662
0.2693622410
0.3320547640
0.2875073254
0.3143884838
0.2902916074
0.2812307477
0.3279420137
0.3415553272
0.0212765448
0.3539142907
0.3002263904
0.2458567172
0.2880854011
0.4180697799
0.4521277547
0.0321829319
0.3020958602
0.3178106844
0.2938064933
0.2268350869
0.3529148102
0.3768389523
0.3875765502
0.3299435973
0.3486737907
0.6220046878
0.2912304997
0.3604686558
0.2987213135
0.3107504249
0.3960602582
0.3443665504
0.3316100240
0.3569092751
0.2697179615
0.2865116298
0.2707837820
0.2565161884
0.2910635173
0.1665481925
0.0661478862
0.2915637493
0.3456366658
0.3845653832
0.2872001529
0.3028849959
0.2782849371
0.3190753460
0.3138298392
0.3924691677
0.4295306206
0.2899098992
0.3187303245
0.3019503951
0.3444158733
0.3249391019
0.3444499075
0.2663458586
0.3214695752
0.3172962964
0.3030111194
0.2736269534
0.2650004327
0.3178115487
0.2835896909
0.2782031596
0.4031600058
0.2997653186
0.3606577516
0.2464255542
0.3476594090
0.3619795144
0.2999861240
0.1565075815
0.0596442111
0.2853806615
0.2857860625
0.2789496779
0.2505203485
0.4181761444
0.2643506527
0.1238401979
0.3290341496
0.3542440832
0.3746488988
0.3406293988
0.2774101496
0.2815108001
0.3599006534
0.2743641436
0.2665145993
0.2588799000
0.2422235310
0.3696718514
0.4023118019
0.3433061838
0.2464098036
0.2981826365
0.0506163798
0.2859924734
0.3108336329
0.2564355433
0.3044837415
0.2744950056
0.2021474838
0.1844858080
0.3555895984
0.2849108875
0.3061531484
0.2802205980
0.4135081768
0.3133431971
0.2879998088
0.3325837255
0.3127753735
0.2712053657
0.3044468760
0.3241814971
0.3671250343
0.3359277248
0.0725080967
0.2857742608
0.4683544934
0.2661340237
0.2876828313
0.2093414217
0.3704915345
0.2861506343
0.2601481676
0.2292228490
0.3556294143
0.2238316387
0.2301251888
0.2951807976
0.2845672369
0.3006128073
0.2886922657
0.3064906299
0.3920168877
0.3211786449
0.3376739621
0.2884631455
0.3164780736
0.1127864122
0.2879410684
0.1270763576
0.3817706108
0.3923577964
0.3499604464
0.3248591721
0.3783470988
0.3039087951
0.3462458551
0.2351250052
0.3202162683
0.3108380139
0.2823437750
0.0921528786
0.2767018974
0.3879963756
0.3201137483
0.2867995203
0.3232132196
0.2206142247
0.3009570837
0.2630658150
0.2930888534
0.2843846083
0.2808168232
0.3234407008
0.0534144491
0.4480743110
0.3020804524
0.3342768550
0.4656573832
0.3028455675
0.3341309428
0.0683663711
0.3310953081
0.3185941577
0.2652240992
0.3885801733
0.3964028955
0.2825946212
0.2258733958
0.2745985389
0.2888860703
0.3532982469
0.4424043000
0.4337071478
0.3201174438
0.2504860759
0.4046795070
0.1849756986
0.3025424182
0.2751502395
0.3040178418
0.3417249918
0.4037835598
0.2426729649
0.3182421327
0.2857773602
0.3035239875
0.2563987374
0.3585467935
0.3286594152
0.3363855183
0.2594620585
0.3193963170
0.2837851644
0.3392097056
0.1846095473
0.1121825203
0.3092462718
0.1182926744
0.3133272231
0.2887256444
0.2817216814
0.2680226564
0.2759799361
0.3110766411
0.2620495558
0.5300576091
0.3021376729
0.3226919472
0.2648635805
0.2966652215
0.2981837690
0.3494030833
0.3071696758
0.3032652140
0.2595048845
0.3667658269
0.2509062588
0.2729385197
0.3351403773
0.2793901563
0.2695549726
0.3374825716
0.3447198570
0.2790741324
0.0690587610
0.3355284035
0.2321726680
0.2429529727
0.2710826397
0.3204687536
0.2629205883
0.2443616390
0.2980723083
0.4141834378
0.3281257749
0.4136897027
0.2058178782
0.4406009018
0.2815989256
0.3729594648
0.3187132478
0.2824600637
0.3147647679
0.2850701213
0.3058164716
0.3173146844
0.3971471190
0.3566552997
0.3063959777
0.3027397394
0.2956900001
0.3030646741
0.3069050610
0.3644207716
0.3111817241
0.3152391016
0.2990894020
0.2640431225
0.0876723379
0.3056674898
0.3177839816
0.3180439174
0.2516216338
0.2981667519
0.2884729505
0.3603636324
0.2905548513
0.2449024171
0.2630946636
0.1724171937
0.3147894442
0.3030630648
0.2581607401
0.3518380821
0.3550080359
0.2651998997
0.3117040396
0.2931324840
0.3072301745
0.2645769417
0.2366636097
0.2756882906
0.0833285004
0.2289033234
0.3635611832
0.2895645499
0.2881481946
0.2400936931
0.3205620944
0.2535992861
0.3327002525
0.3398244381
0.3519633114
0.3247869015
0.2552104294
0.3143681884
0.2591422498
0.3301504254
0.3241288960
0.2933529913
0.0967462361
0.3171205819
0.2953138351
0.3503152132
0.3280163705
0.2901005149
0.3796780407
0.2997545004
0.2689650655
0.2400751412
0.2517951727
0.6199689507
0.2258703560
0.2455578595
0.3627771139
0.2873400450
0.2061612606
0.2808264196
0.2560925484
0.2856422365
0.2746156454
0.2641253173
0.2968941927
0.1565351635
0.3501461148
0.3049438894
0.1758679599
0.2789352536
0.3158627450
0.2912890315
0.3040774465
0.2784328759
0.2979001403
0.3224995136
0.3481956720
0.2686232626
0.2786191702
0.3676797748
0.3008604944
0.0647069886
0.2606903911
0.2020279616
0.2919243574
0.3064050078
0.3058404028
0.3220732808
0.1407668144
0.3260429502
0.3262706697
0.2127657682
0.2963936925
0.5524808168
0.2965434790
0.3287982643
0.2715480626
0.3194557428
0.2932305932
0.3617037833
0.0933362693
0.3513109684
0.2650846541
0.2864272296
0.1221877337
0.3513489068
0.2818661630
0.3355819285
0.3940991163
0.2749213874
0.2994619012
0.2963278294
0.3060483634
0.2714045048
0.2576462924
0.2819518447
0.4297004640
0.2441602647
0.3243877888
0.3260093331
0.3309468031
0.3176878095
0.3364320993
0.2294690311
0.3789702952
0.3388768137
0.2548214495
0.2589204311
0.3443241119
0.3715352118
0.3207298517
0.2955119014
0.2099168599
0.2989769578
0.3626616001
0.0461115837
0.3080561757
0.3624843359
0.3399004936
0.2491228133
0.3052520752
0.3617657721
0.3264754117
0.3494471908
0.2924148142
0.2566005290
0.2718368173
0.3180801272
0.3558502495
0.3507300913
0.2711228430
0.3153512180
0.2701455355
0.2120121419
0.1705169678
0.3273066580
0.3396219909
0.2979366481
0.3185932040
0.2526569068
0.2649044693
0.3952238262
0.3080302775
0.2542363107
0.2953498363
0.2826052904
0.3032451272
0.3229719400
0.2881362438
0.2854201496
0.3041332364
0.2935423851
0.2489782423
0.1998006254
0.3023992479
0.3287548721
0.2839458585
0.2695529759
0.1287545115
0.2969093919
0.3127498627
0.3055761456
0.2740406990
0.3394256234
0.2832944989
0.3436496854
0.3397628665
0.3089046776
0.2667482495
0.2583952844
0.5708905458
0.2441315949
0.3703761101
0.0769195929
0.4050093591
0.2895827293
0.3294703662
0.2817670703
0.2631942034
0.2695288360
0.2703141570
0.3831587136
0.2982397377
0.3812385201
0.2856639624
0.3365472555
0.1305555850
0.3141081333
0.2954042852
0.2702875137
0.1662749797
0.3706959784
0.3325480223
0.3744450212
0.3099387288
0.3598627746
0.2701521516
0.0622780994
0.3322838843
0.2902139425
0.5784590840
0.2404777706
0.2687639296
0.4555940032
0.0420990512
0.2144646198
0.4326959252
0.1001630500
0.2531071603
0.5473759174
0.2903271019
0.2504593134
0.2651506662
0.2665381730
0.3031773865
0.2830263674
0.2723610103
0.2806158066
0.3119136989
0.3084904552
0.2748627663
0.2937059402
0.3264492154
0.2142233402
0.3763539493
0.2670715451
0.2722634375
0.0696744546
0.3668186069
0.1491598189
0.2902055383
0.2786612809
0.2740274072
0.3348050117
0.3002040684
0.3480696678
0.4386657476
0.3227095008
0.3007501364
0.3968348503
0.2662177980
0.3131603599
0.3248462677
0.3334241807
0.1350363642
0.3266347647
0.2920686305
0.4083345830
0.4702001512
0.0354712307
0.3012819290
0.3389692008
0.2770491242
0.2898074389
0.5309609771
0.2967303693
0.2468365878
0.2644284666
0.3537021279
0.3186989129
0.3057422638
0.4268127382
0.2742237747
0.1172597483
0.3894572854
0.0725080371
0.3473662138
0.0691635683
0.2770403326
0.2769407332
0.0208502747
0.5435411930
0.2706100643
0.3118517697
0.1280048043
0.2553413212
0.2932328284
0.3158873916
0.3550188839
0.3285144269
0.3130152524
