0.3299134076
0.5158079863
0.3039818704
0.2209029049
0.2815434933
0.5580066442
0.5099716187
0.3513028026
0.3403280675
0.3129682541
0.2576163113
0.3750753999
0.4244318008
0.3687236011
0.4769062400
0.3090710938
0.3105430603
0.4589355588
0.4544394910
0.6225794554
0.2148183137
0.4688065648
0.4743344188
0.3402424157
0.4802880287
0.5103214383
0.2711949944
0.3611385524
0.3295553923
0.5569152236
0.5113149881
0.5478624105
0.3000855148
0.4306592643
0.2901028097
0.4240901470
0.2403026670
0.2943621278
0.5502119660
0.3511396050
0.3053385019
0.3219023943
0.2188807130
0.2699454427
0.2936651111
0.4477325976
0.4760868251
0.4671872258
0.4804972112
0.2330096960
0.4101444781
0.2300737500
0.3688074648
0.5380782485
0.4540958703
0.5341698527
0.3171733618
0.3801736534
0.2346589863
0.3052052259
0.3883594871
0.2273376733
0.3370692134
0.3358500600
0.3698918819
0.2246577144
0.5578801036
0.3757365644
0.2746327817
0.5372374654
0.4304379821
0.7554417849
0.2303393781
0.3031372428
0.2996632755
0.4097344875
0.3091317713
0.2386301160
0.2944598198
0.3646953702
0.5133382082
0.2702353001
0.4024687409
0.5767906904
0.4773055017
0.2892026305
0.3174806535
0.3324905336
0.3657565713
0.3566433191
0.5682927370
0.4914427102
0.3620287478
0.4424569011
0.0705914795
0.3457924426
0.3338976502
0.3172367513
0.4562178254
0.2947966754
0.5178920031
0.4477637112
0.5064287782
0.5020439625
0.3049244285
0.2807718515
0.2967035174
0.3304398656
0.2781071961
0.5136730075
0.2866553366
0.2721337378
0.3511143625
0.3186477125
0.4074689746
0.3842431605
0.3537150323
0.3302906454
0.3773158789
0.4243234396
0.4093176425
0.5228117704
0.3514613211
0.3870523572
0.3657136261
0.3515453935
0.3363810480
0.3940127492
0.2376947105
0.3984123766
0.3640730381
0.3344969749
0.3414537609
0.5175555944
0.3055177629
0.4686340094
0.3139090538
0.4761439264
0.5335090756
0.3298519254
0.3807311654
0.4914301038
0.3256123364
0.2944146991
0.4205234349
0.3469760716
0.4527402520
0.3493085802
0.3688357174
0.2807338536
0.4551348388
0.4051626623
0.4258140326
0.4814155698
0.3182791173
0.3742261827
0.3615559936
0.2087439597
0.2174738795
0.3656135499
0.3565335274
0.5751523376
0.2826790810
0.3978337646
0.4143016934
0.5530033708
0.4519674480
0.1866717041
0.2729240060
0.2435950339
0.3482311964
0.4914510250
0.5241733789
0.4395044446
0.4850190878
0.3265478909
0.4283428788
0.3181218207
0.2392168194
0.3600514233
0.3304249942
0.2983967066
0.4695425332
0.3414851427
0.2558088303
0.3641278744
0.3615650535
0.3556083739
0.2960497141
0.4084526598
0.3235537708
0.2714352608
0.2004970908
0.4358224273
0.3672615886
0.3316612244
0.5258628130
0.2711912990
0.2613159716
0.2632002532
0.4596091509
0.3756108880
0.4181075692
0.5188779235
0.3714042902
0.3411027193
0.3886977434
0.2748260796
0.3647083342
0.3104695082
0.3549051583
0.3332172036
0.3801404536
0.2663572431
0.3345347643
0.3560020626
0.2876136601
0.3316980600
0.3187542856
0.2373679578
0.3725075424
0.3704293966
0.5323458314
0.3667072952
0.5210136771
0.2594260275
0.7271683216
0.1617019624
0.5005816817
0.6663182378
0.2428713292
0.3828413486
0.2812847793
0.3294798732
0.3208975494
0.2779930234
0.5390680432
0.2631395161
0.2580392659
0.2932968438
0.2511693835
0.3667882681
0.3597324193
0.3480560482
0.2944790423
0.5039315820
0.3732324839
0.3653926551
0.5059096813
0.2541110516
0.3129304349
0.2979116142
0.4013667703
0.2645551860
0.3308986425
0.3441354334
0.4510137141
0.3897511661
0.2968070805
0.3633702695
0.5594068766
0.5194393992
0.3028131723
0.3341047466
0.2862853408
0.3132042289
0.4390077889
0.4973221719
0.2096055746
0.3357699513
0.5707100630
0.5010913610
0.2802096605
0.3415382206
0.3112908900
0.2702377141
0.3625581861
0.3037277460
0.4064962268
0.5455111861
0.3900034726
0.3303018212
0.2393888980
0.3741990328
0.2533101737
0.3307389021
0.2989927828
0.2636296153
0.2481772900
0.3815665543
0.4421094358
0.4763947725
0.4576691389
0.5827955604
0.3733014166
0.3586678803
0.4759961963
0.5089129210
0.4666424990
0.2717916369
0.2701422274
0.1955833435
0.5170565844
0.3885068297
0.3027331829
0.3061012328
0.3328702152
0.2782810926
0.3742783368
0.2583369613
0.6877478957
0.3396261334
0.4634949267
0.3287414312
0.3761132360
0.3734974563
0.3124628365
0.3526984155
0.3502085209
0.4891660511
0.3472952545
0.5477085710
0.2827590704
0.5209953785
0.2515433431
0.3393579125
0.2570424676
0.3078093827
0.3324129879
0.3346737027
0.4820813239
0.2695438266
0.5754051805
0.3805822432
0.4440436661
0.4894232452
0.4117520154
0.2461078614
0.3991312385
0.3935475647
0.3236459196
0.3071892262
0.3577446640
0.3096406460
0.3056695461
0.3320756853
0.3009313345
0.4796047509
0.3302436769
0.3382547200
0.4945503771
0.3071382046
0.3472474813
0.4251203537
0.2635191977
0.4615248144
0.2117856145
0.3045883477
0.3329284489
0.3527433574
0.5586403608
0.4764141738
0.4659353793
0.3110865653
0.4075390697
0.3251347840
0.3325409889
0.5231213570
0.2965727746
0.4108877778
0.3293302655
0.4082273245
0.4781880379
0.2691481411
0.3398705721
0.3602385819
0.2910971642
0.1432355195
0.5246601105
0.5748025179
0.4758946598
0.5226464868
0.3730959594
0.2911030948
0.4961281419
0.3879048526
0.2622433007
0.3388769627
0.8626720905
0.2921986282
0.3062169254
0.2086764574
0.2255583405
0.3928650320
0.4167703390
0.3527638018
0.3394529819
0.3481394947
0.4948348105
0.5008044243
0.2952174842
0.3512106538
0.2193275541
0.2474039644
0.2887880206
0.5046375990
0.3680210710
0.4439499080
0.3450543284
0.5007372499
0.4197461903
0.4407225847
0.3690835238
0.4817751050
0.3099162281
0.3812787533
0.3589160442
0.4581287503
0.6264269352
0.4884405136
0.8068454862
0.3263802826
0.4712391496
0.4063313007
0.4501396120
0.4871166348
0.3616769612
0.2785779834
0.3032607138
0.2978913188
0.3755515516
0.2534121275
0.2981485128
0.2629047036
0.3088967502
0.3853611350
0.2000657618
0.3821498156
0.4109790921
0.6809307337
0.4696792066
0.5022153258
0.5389536619
0.4799484015
0.5535836816
0.2718308270
0.3536779284
0.2325164825
0.4278681576
0.4753237069
0.3899835050
0.3355383873
0.5116379261
0.3819929361
0.3390806913
0.3425764441
0.3253953457
0.5504700541
0.5020854473
0.3809024990
0.5270637274
0.2539187074
0.4912257791
0.4484686255
0.5427926183
0.2679435611
0.2646758258
0.3027302027
0.0685121268
0.2873745263
0.4057791829
0.5145185590
0.3845493495
0.3213289380
0.4225988984
0.3104110956
0.5505558848
0.5161391497
0.3702463806
0.4794309437
0.4538685679
0.2135065049
0.5614292622
0.4364007413
0.3607343137
0.5344151855
0.2777260840
0.3131194115
0.3125399351
0.5141269565
0.3619123101
0.2960207164
0.3665155470
0.3814608753
0.3014889956
0.3312931955
0.3164076209
0.2421680540
0.7830565572
0.3755868375
0.4169207811
0.3298742473
0.4042909145
0.2759748697
0.2503460348
0.5387596488
0.3901930749
0.5266839862
0.3653685451
0.3314810991
0.2072893232
0.3520671427
0.5323404074
0.3789349794
0.3772223592
0.3566281199
0.4147784412
0.2173151225
0.2670346498
0.2820699513
0.4605452418
0.3323176205
0.5119634271
0.4684837759
0.3340592682
0.5304736495
0.4432373643
0.2576101422
0.3071404397
0.3829506934
0.3334547877
0.3345241845
0.1830874830
0.3007760346
0.2868390381
0.4084951878
0.5244551897
0.5386704803
0.4624581635
0.3311612904
0.3338359892
0.4702844620
0.1313524991
0.4827005565
0.3915523291
0.1862700880
0.3445313573
0.3284547925
0.5630674362
0.3882670999
0.4842197597
0.2217625827
0.2917120159
0.2916426063
0.5599633455
0.5410443544
0.3309649527
0.2701190710
0.5354053974
0.3826595545
0.3051610887
0.3712239265
0.3278687894
0.2932377756
0.4184955359
0.2883712053
0.5040223002
0.3506366611
0.4712868929
0.3196475804
0.4379036725
0.4891606569
0.2336364686
0.2398979813
0.3649389446
0.2601400614
0.3912627399
0.3955110908
0.3747705817
0.3331289589
0.0726065859
0.2499300838
0.3315246701
0.3554946780
0.3283193111
0.9969171286
0.4239546359
0.4909514487
0.3521566987
0.3175133765
0.4719399810
0.3830680847
0.2800878286
0.3116858006
0.3428557217
0.4794157743
0.3503834903
0.3663846552
0.2923423350
0.2935463488
0.3428808451
0.2608995736
0.4953440726
0.4010021389
0.2780537903
0.3621630967
0.3010337949
0.4723739624
0.3303371966
0.2734989524
0.3048807979
0.3883624375
0.3298100829
0.2635773122
0.3487413228
0.4971231222
0.3377991915
0.3287262619
0.5590816140
0.3303308487
0.3147156537
0.0507861190
0.2684281766
0.3140048087
0.4154023528
0.3245754242
0.4499293268
0.2484238297
0.1286179572
0.3213742375
0.3044645488
0.5327699780
0.4399837255
0.3260435760
0.4905408919
0.5787063241
0.8536048532
0.3523651361
0.2914716899
0.5089411139
0.4890817106
0.3571856320
0.1557375640
0.5237207413
0.3958299160
0.4818121493
0.3075760007
0.4953056276
0.3757174015
0.3598071337
0.2824431062
0.4551201165
0.3522198498
0.3237546980
0.3457193375
0.2934054136
0.4322704971
0.5199327469
0.3164474368
0.5579841733
0.5825202465
0.4940927029
0.2885203063
0.2840048671
0.5532841682
0.3068331778
0.4424117208
0.3440438211
0.5564581156
0.3551737964
0.2143086046
0.4060070217
0.3488835990
0.3541021943
0.3680996001
0.3677848279
0.3184726536
0.4710322320
0.3055302203
0.4702912271
0.3259955943
0.3983107507
0.4384661317
0.6503416896
0.2129810005
0.2939571440
0.8128765225
0.2776676714
0.2074261159
0.6223086715
0.3892929554
0.2768520713
0.2963759303
0.2839865983
0.3575833738
0.3688038886
0.4868060350
0.2718033195
0.3000144362
0.4778471887
0.4184699953
0.2785013616
0.3620706499
0.3859200180
0.2934390008
0.1992428899
0.2783313096
0.2845604420
0.4408109486
0.3545779586
0.4288443029
0.6133214235
0.4849596024
0.2967348397
0.5259238482
0.3739213645
0.3258719444
0.6431032419
0.4032004774
0.3284820914
0.4432983100
0.3273457885
0.3191973567
0.2223374546
0.2980375290
0.3255238235
0.6826065779
0.3300539851
0.2796363533
0.3597839177
0.7172719240
0.3770852983
0.2924119234
0.2454740703
0.5482144356
0.0861670300
0.3291653395
0.2763859630
0.4568316340
0.3241729438
0.4263630211
0.3588162065
0.4011861086
0.5177513957
0.3547725976
0.4705998898
0.5573561192
0.3929671943
0.5819696784
0.3331637681
0.3682549000
0.2640240490
0.3972213268
0.3643240333
0.5158773661
0.3527891636
0.3787564039
0.4953093529
0.2791712284
0.2942606211
0.2549429834
0.3680993021
0.3471258581
0.2829355597
0.4935640693
0.3111584485
0.3988523781
0.3680194020
