0.2832787037
0.1683550328
0.3556170464
0.2962020636
0.2081191689
0.1393801719
0.6847648621
0.2045088410
0.2287380993
0.3400866985
0.3161050081
0.2342077941
0.0478988476
0.4282777905
0.1742559671
0.2781096399
0.4009141326
0.0893129930
0.2423585951
0.2627127767
0.2875444889
0.2825668752
0.2160964012
0.2503278255
0.2166457027
0.0969563350
0.2241620421
0.2257839292
0.3410675228
0.2558397353
0.2764655650
0.2676866353
0.2260722518
0.2051015645
0.2995645702
0.3205567896
0.4092626572
0.2740790546
0.1715392619
0.1964004040
0.3394354582
0.2179660052
0.2396226376
0.3035543561
0.2473024130
0.2105846107
0.2359030992
0.8041735291
0.1558764577
0.4254493415
0.2282267362
0.2633478642
0.2820658982
0.3487723172
0.2106223553
0.3153296411
0.2185404599
0.1956868917
0.3929402828
0.1644846350
0.2550227642
0.3414015174
0.2358066440
0.3261361122
0.5679154992
0.2386225760
0.2971188128
0.3320621550
0.3020421267
0.1725909263
0.2655482888
0.2280302346
0.2686550915
0.0190704186
0.2315745354
0.2962934077
0.1939142048
0.2201748937
0.2367769778
0.2270984054
0.2824961245
0.2363997102
0.2482913733
0.2086449414
0.3921363354
0.2767873108
0.2675906420
0.2763817906
0.3318301737
0.2016471177
0.3206608891
0.2730610967
0.2550018728
0.2464238256
0.3407017589
0.2430154979
0.3570416570
0.6299539804
0.2045038193
0.2558504641
0.2630413473
0.2702537179
0.3247355223
0.3314481080
0.1745675504
0.3811919689
0.1969127059
0.2906773686
0.2967085242
0.6785118580
0.2254175693
0.0842990503
0.2137432843
0.2921766043
0.3392998874
0.2079264671
0.1906880736
0.3011950254
0.2709771991
0.2814079821
0.1766757071
0.2714649141
0.2244286984
0.0160762854
0.5298082232
0.1952784061
0.3430147469
0.3412080109
0.2224642783
0.2500374317
0.2953051627
0.1403665394
0.1990018338
0.1681684107
0.2962971926
0.3064778447
0.3081203103
0.2012358755
0.2381856591
0.2883892357
0.2071362138
0.2780303061
0.2799905241
0.2024414390
0.2312592268
0.2269704938
0.3584931493
0.2382802069
0.2136465758
0.1660139710
0.2960529029
0.2559562624
0.1303274781
0.2268265933
0.2077801228
0.2278843075
0.2573666573
0.2292138338
0.3443316221
0.1733272672
0.2864981890
0.0974572599
0.1095380560
0.2939482331
0.2909796536
0.3041541278
0.2339466959
0.2483101785
0.5387803316
0.2399978191
0.3016899824
0.2110264599
0.1956795007
0.3233535290
0.0688537285
0.2176097780
0.3941562474
0.6062956452
0.2538219690
0.4071201086
0.2556671798
0.1478999406
0.3061218262
0.2346833944
0.2464879602
0.2367798388
0.2881365418
0.2235357165
0.3492682874
0.3276205659
0.2209891826
0.2113106698
0.2061967850
0.1819009632
0.1897096485
0.2663185894
0.1922476292
0.2737033963
0.1899400055
0.3822161257
0.2695181370
0.1931916773
0.3295562565
0.2826396227
0.4665852189
0.2160174549
0.3203311265
0.2540646195
0.2817519009
0.2034255564
0.3099659085
0.3447891176
0.2818572521
0.2411443591
0.4726736844
0.2312731147
0.2433674335
0.2902966142
0.2629149854
0.3002032936
0.3158389032
0.1754790843
0.2376997620
0.2166101336
0.3012123406
0.2633274794
0.2232577503
0.1083504483
0.2510344386
0.3232844770
0.4669475853
0.4432524145
0.2352667153
0.2438667864
0.2426741570
0.4753912985
0.2341928035
0.2632729113
0.1997146755
0.2679862082
0.2617635131
0.2363307625
0.4468856156
0.2415264845
0.2263732255
0.2052611411
0.2438515574
0.2957983017
0.3400503099
0.1590965539
0.2130187154
0.1668485701
0.2974124551
0.2679956555
0.2307981104
0.3430827260
0.2776129544
0.4547805786
0.2371890992
0.2053721994
0.3032796979
0.2264733464
0.2926322520
0.3953531384
0.2747587264
0.1872889996
0.2808729112
0.2317218632
0.0252150279
0.1792614758
0.4808444381
0.2761240602
0.2530719042
0.2115689218
0.4879593849
0.2204234451
0.2815435231
0.3639706075
0.1984571815
0.2142203450
0.2478504181
0.2260522544
0.2727600336
0.2863560915
0.5777578354
0.2595660686
0.3097912967
0.2643704116
0.2843227983
0.2552502751
0.2449032366
0.2386984229
0.3485462070
0.2395416647
0.3933756053
0.3619456291
0.2212497592
0.1785963625
0.2507913709
0.3141429424
0.2420649230
0.1910044402
0.2295031101
0.3233747780
0.2258207500
0.1973950714
0.2204914838
0.2353829592
0.2788809836
0.3678524494
0.2593040466
0.2753489614
0.0517890081
0.2998314798
0.2803247273
0.1854095906
0.1051987112
0.2662913799
0.2006348073
0.2838868797
0.1975521892
0.2596127689
0.2802194059
0.1849961728
0.3661352098
0.2114016265
0.3184092641
0.2310567200
0.1102833673
0.2685773373
0.2000907212
0.0965496451
0.2160435617
0.2588688135
0.3123497665
0.1086709648
0.3835430741
0.2184638977
0.2202650905
0.2500356436
0.2668568790
0.2427538782
0.1543240547
0.1987844706
0.2516076565
0.0303850546
0.2665775418
0.3872593641
0.2035830319
0.2729039490
0.3027765453
0.2310294062
0.2650792599
0.2975620925
0.2405666858
0.2759188116
0.3124339283
0.3846614659
0.2382660806
0.4437602758
0.4052334726
0.2911719978
0.2033455074
0.4980075061
0.4243413508
0.2582073212
0.5156983733
0.2298566699
0.2258812189
0.2637017965
0.3947700858
0.3416333497
0.3069423139
0.2584184110
0.4812200069
0.1903669834
0.4000284076
0.1735226363
0.2782399654
0.2570688725
0.2250853181
0.2559508681
0.3967334628
0.0884239152
0.2822979987
0.2578417957
0.2695248127
0.2841323912
0.2838108242
0.2786575854
0.2371664643
0.2430559695
0.4432075918
0.6213972569
0.3399286568
0.3209757209
0.0943359882
0.2646296024
0.5824730992
0.1866691858
0.3357822895
0.2779496014
0.3723593056
0.2553005219
0.4404066205
0.2317725122
0.1385699213
0.2322580069
0.1579785943
0.2190321982
0.2346357405
0.3321526349
0.3061949015
0.2221188992
0.2519596815
0.0399283245
0.2747186422
0.2466978580
0.2584524751
0.2257626355
0.4343375862
0.3176294863
0.3021141291
0.1874785125
0.2660723925
0.2648409903
0.2164626718
0.2065925449
0.5119761825
0.0490357168
0.2258499712
0.0751215816
0.5256101489
0.3534692228
0.3716920018
0.0406156480
0.1919774562
0.6041525602
0.2019388825
0.0590762272
0.2671686411
0.2182814777
0.4060424864
0.3000081778
0.2016024888
0.2813062370
0.3644365072
0.3147661090
0.2866943777
0.2119364738
0.2197860926
0.2254852057
0.2202594727
0.2631561756
0.2249840349
0.3287075460
0.3388030827
0.1749386936
0.2434642464
0.2620117664
0.2052551359
0.2284453213
0.4596325755
0.2068547606
0.2831412256
0.3984592855
0.2675525546
0.3859337568
0.2164439112
0.2528082430
0.3143205047
0.2247381657
0.2907560766
0.5551617146
0.3644618392
0.2625514269
0.2365307063
0.3401954770
0.2659062147
0.3908853531
0.2847682834
0.0224859938
0.2547671199
0.2648726702
0.2280493081
0.6241164804
0.1770321578
0.4553829730
0.2110565007
0.3480194509
0.2189549655
0.2633864582
0.3415756226
0.2499873340
0.1928008646
0.3555077314
0.2101185620
0.3007898629
0.4964660406
0.2392426133
0.3128169179
0.2373231053
0.2644930482
0.2098898739
0.2013631314
0.2272254676
0.2741243541
0.2962845266
0.1550903767
0.2793611884
0.3959333599
0.2196031809
0.2769031227
0.2393726707
0.2339686602
0.2895565629
0.1805379242
0.2565535307
0.2774874568
0.4251634479
0.1217025220
0.2488930076
0.2077189088
0.2482649386
0.6763715148
0.3698338866
0.2445068955
0.3334162235
0.1915263981
0.2696879506
0.2854392529
0.2415476739
0.2654593289
0.2306770533
0.2989069819
0.3434515595
0.3181475699
0.2215593010
0.2129553258
0.2564697564
0.0849639252
0.2701874375
0.2173022032
0.2466863245
0.2481641173
0.2404009253
0.2350178212
0.3336750269
0.0958705619
0.3097684085
0.1292950660
0.2316938341
0.2466252595
0.2796238959
0.2515786290
0.2560688555
0.2830861807
0.1980598122
0.2276611924
0.4596709907
0.1769680679
0.2627083659
0.2149039060
0.5359477997
0.3835393786
0.2152301371
0.1115738750
0.2427392751
0.9822216630
0.3143473864
0.1711957157
0.0190480985
0.4272245169
0.3928019404
0.2420778275
0.2274768502
0.2140504271
0.2037864625
0.4695274234
0.3033117354
0.2842580080
0.3887112737
0.4832307696
0.2110518664
0.2200299501
0.1933396012
0.2672789693
0.2590183020
0.3588066399
0.2220432907
0.2395545095
0.3097323477
0.2491960824
0.2882842720
0.2146565318
0.2498243749
0.5637149811
0.3126434684
0.2412931323
0.2404001802
0.3667811453
0.0369587988
0.2903052270
0.2017329782
0.2623651326
0.4342125952
0.2754101753
0.1390878260
0.2404817492
0.4616136253
0.7937093973
0.1883051842
0.2174674124
0.2738549709
0.2726810277
0.3697500825
0.5506470799
0.2374279797
0.4787604511
0.2131720036
0.2887015641
0.2356351316
0.4424580038
0.2268496901
0.2261628509
0.2037680447
0.2362456769
0.2349886596
0.4145881236
0.0564423986
0.3537512422
0.1570406556
0.2279634327
0.2835473716
0.2145518363
0.2383066863
0.2572775185
0.3014848232
0.2458223850
0.2040403783
0.2349215001
0.1943282783
0.2957774401
0.2140963823
0.2113013417
0.2617609203
0.6041576266
0.2609432936
0.3510997891
0.4120166898
0.1828974038
0.2628534138
0.2457962632
0.2641541362
0.3331041932
0.2505441904
0.0408283509
0.2237809151
0.2488813400
0.3211541474
0.3095960319
0.2721574605
0.2186619639
0.3057300448
0.3797407150
0.6092395782
0.2832278907
0.2163354456
0.2574632764
0.1766329706
0.1917595863
0.3072878122
0.2837275863
0.2298003882
0.2767873406
0.2219973207
0.1285513788
0.1997740120
0.2496484071
0.2639819384
0.2468239069
0.3503807783
0.2013717741
0.2073376626
0.0593982376
0.2647691667
0.2522280216
0.3245331943
0.5551377535
0.2022326589
0.2659660876
0.0668683052
0.1118240505
0.3042850494
0.2136132121
0.2531732917
0.2540891171
0.1905254871
0.2497704327
0.1234592944
0.3841660619
0.1289377064
0.2040846795
0.2793730199
0.1982746422
0.2936175764
0.2846055031
0.2404578477
0.2309852242
0.3619085848
0.2171143740
0.2615778744
0.3682299554
0.3935223222
0.2028720975
0.2433984429
0.1879105866
0.2264355272
0.2577982843
0.3846767545
0.0983212441
0.2907418311
0.1996690482
0.1757828444
0.1935619563
0.1787061244
0.3082712293
0.1843439937
0.3712793589
0.2267033011
0.2532786727
0.2108568698
0.2506760955
0.3809787929
0.2378281057
0.2367880195
0.2684451938
0.2384545207
0.2897209525
0.1440130323
0.2587466836
0.3200511038
0.2829454839
0.2064199746
0.1723136306
0.3117080927
0.2102823555
0.2616911829
0.1817359477
0.2151165307
0.2355733067
0.1866128594
0.1950611919
0.2369926125
0.3514454365
0.1807261556
0.3075438440
0.2189999223
0.3039971888
0.2976154983
0.2506271601
0.2926873267
0.2314649522
0.2451195866
0.3056153059
0.2610181272
0.1887724847
0.2492258549
