0.2626249790
0.2893769145
0.2680230737
0.3705401421
0.4654350579
0.4120497108
0.3238055110
0.3446324468
0.2982539535
0.3399666250
0.4187162220
0.3936409354
0.2711482942
0.3050839901
0.3112326860
0.4088787735
0.3607341647
0.3559363484
0.3349902630
0.1523649991
0.3401515782
0.4794650972
0.3324671686
0.3847197294
0.4060802460
0.3572631776
0.3606020808
0.3653001487
0.3271681964
0.3101435304
0.2660796046
0.4231693447
0.4116154313
0.3492420018
0.3967727125
0.3277997077
0.3409121335
0.3579329848
0.4116916955
0.3119590282
0.3441469967
0.2810712457
0.3729402423
0.2762708664
0.3060764074
0.3557619452
0.4047085345
0.2737931311
0.3575260937
0.3767180443
0.2371697873
0.3685586452
0.3733954728
0.4019998908
0.3979106247
0.3784631789
0.2665596604
0.5130050778
0.2792796493
0.3775379956
0.3475298882
0.3873969615
0.3459425867
0.3248593509
0.2711303830
0.3820665181
0.3352435827
0.3316326141
0.3252367377
0.2941353917
0.4614371359
0.3023345470
0.2977221310
0.3184095025
0.3061269522
0.2848033607
0.2820423543
0.4294336140
0.6993544102
0.3583095968
0.3215935528
0.0635134652
0.2892492414
0.3194096684
0.2919910848
0.3495209813
0.3623249233
0.3040375113
0.2346141934
0.3522108793
0.3464828134
0.3291517198
0.3876880407
0.3578808904
0.1994464695
0.2382522970
0.4424836040
0.3521058559
0.3162811399
0.3526169956
0.2459863424
0.3245045543
0.4481330812
0.3560245335
0.3077656925
0.2526394725
0.3280320466
0.2837805748
0.3409440815
0.3634005189
0.3098561466
0.3264731467
0.3927069604
0.3435018957
0.3285119832
0.4169488847
0.3503540754
0.2225695699
0.3881806135
0.2960513830
0.3830989003
0.3324053884
0.4094377458
0.3195490837
0.2900706232
0.3070574105
0.3794283569
0.2864779234
0.3248668015
0.3019568920
0.3934631944
0.0757852718
0.2883886397
0.3539101183
0.3443412185
0.4045482874
0.3492965400
0.5300289392
0.4743283987
0.3498052657
0.3656632900
0.3635366261
0.4134457111
0.3618097603
0.3176395595
0.3308053613
0.3575110137
0.3719760180
0.3280420899
0.3909810483
0.4616629481
0.3957525194
0.3311338127
0.3846371770
0.3277980983
0.2954619527
0.3341921270
0.2541675568
0.4114838541
0.2493723631
0.3762486279
0.2555133402
0.4082074761
0.3413391709
0.3907485604
0.5027341843
0.2608937025
0.3228541613
0.3019173145
0.2743886709
0.3586620390
0.2970210910
0.1964259148
0.3555499613
0.3961632550
0.1968051791
0.3751847744
0.3904570937
0.3960224986
0.3588241339
0.3666272759
0.2520779073
0.3877438605
0.3847504258
0.3873440325
0.3708878458
0.3051043451
0.2857252359
0.3868495822
0.3259876072
0.3013119698
0.3192406297
0.5462227464
0.3611853719
0.2539497912
0.4236885309
0.2589077055
0.5654140711
0.3218264282
0.3667857945
0.2155712843
0.3301341534
0.3908383250
0.3217575848
0.3144560158
0.2464649975
0.3830598593
0.3572783470
0.3323246241
0.4214727581
0.3939600587
0.2727370262
0.2728879750
0.2870876491
0.3185514808
0.2448918670
0.3237422407
0.5425488949
0.3380797505
0.4605804384
0.3028465807
0.3455600441
0.3033105433
0.0211084280
0.4179855287
0.3406714499
0.4045287371
0.3292945921
0.3411304057
0.3651387095
0.2508591115
0.3619177639
0.3725779951
0.3210702837
0.2282284796
0.5343258381
0.2120330185
0.3622793555
0.3161574602
0.3499649167
0.3848170042
0.3759658337
0.3590920866
0.3822398484
0.2057818621
0.3643428683
0.3944755793
0.3172230124
0.2981415093
0.3593381643
0.3451279402
0.3655233979
0.2819095850
0.2962763011
0.3939622939
0.3649829924
0.4260061681
0.3053097725
0.4135334492
0.2939434648
0.2396414876
0.3255948722
0.3242875040
0.5105601549
0.3366892934
0.3968615830
0.3687793911
0.3220465481
0.2679561973
0.3132820725
0.3804575801
0.3999922872
0.2918029130
0.3599826396
0.3508686721
0.3255000114
0.3756892681
0.3692038953
0.4270792305
0.2576320767
0.3503711522
0.4846788645
0.3547144234
0.3294269145
0.3515876532
0.3399451971
0.5200619698
0.3226383328
0.3162118196
0.3021463752
0.3660783768
0.3492567241
0.1807020605
0.3656888306
0.2287309170
0.3821025789
0.3314391971
0.3108791113
0.3690939546
0.3789765537
0.4154627919
0.2526283264
0.3853073716
0.2927269638
0.2068308592
0.1396084875
0.1438064873
0.3179986179
0.3978419304
0.3616405427
0.3432702720
0.2634974718
0.2936810851
0.3607588410
0.4240323901
0.3957910538
0.3313742876
0.2869015038
0.3627486527
0.3218018115
0.2469325513
0.3884861767
0.2186949402
0.3516311944
0.3085525930
0.3762431443
0.4317906797
0.3504538834
0.2453819811
0.3763316572
0.3808951676
0.4426043034
0.1424905509
0.3487842977
0.3692297637
0.3987655938
0.3451957405
0.2474523783
0.3488157988
0.3277431130
0.4262123704
0.3690275252
0.3423637152
0.3903981149
0.4038242102
0.3375476301
0.3952823877
0.3242669702
0.2735697627
0.3068244457
0.3067075014
0.5863338113
0.4001579881
0.2788137496
0.3457487226
0.2932027280
0.2226710320
0.3652284741
0.3115975559
0.3787227571
0.3237400353
0.3613446653
0.3680506051
0.3494484127
0.3599949181
0.3941231966
0.3532985449
0.3687459826
0.3805074096
0.2908070982
0.3822084367
0.3489749730
0.3201423287
0.4029261768
0.3092850745
0.4135307670
0.3739221394
0.3907229304
0.3364080787
0.3707080781
0.3864070475
0.3406148851
0.3541050851
0.3781043291
0.2037855685
0.2885781825
0.3922685087
0.3842970133
0.4566956460
0.3629204631
0.3405030370
0.2836278975
0.3466354012
0.4883484840
0.3133372962
0.3684208989
0.3114309907
0.4125864804
0.4218912423
0.4282483757
0.3215375543
0.5182375312
0.3759361506
0.3891829252
0.2987362742
0.3921206295
0.3357912898
0.3572293818
0.3950906992
0.3025284111
0.4638439119
0.3108026981
0.2347847521
0.3367486894
0.3512380421
0.3695571423
0.4267670214
0.3900990188
0.4757834077
0.3709163368
0.3479741216
0.4097188711
0.3392784297
0.6061012149
0.3029724061
0.3755843341
0.2926567197
0.3212253451
0.3346712589
0.3298358619
0.3359189332
0.3560360074
0.3527200222
0.3015253246
0.3380001187
0.4097101092
0.3471876085
0.3266807199
0.2550885379
0.3869367540
0.2801547050
0.3413823843
0.3759907186
0.4292094707
0.3711973131
0.3355588019
0.3066629469
0.3782504201
0.3258385956
0.3458009064
0.2845318317
0.3425563872
0.3463748693
0.3253397644
0.3541409373
0.3319250941
0.3496519327
0.3493867218
0.3812521696
0.3609055877
0.3224311173
0.3374352455
0.2586424053
0.3064646721
0.3077234328
0.2906107605
0.4221938252
0.3329916596
0.2940934896
0.3007701337
0.3769411743
0.3217828870
0.3214734495
0.3889687955
0.2693495750
0.3306257725
0.3043078184
0.2871647179
0.5030969977
0.3089894056
0.2966344357
0.2538613975
0.3314755559
0.2929545343
0.2950416207
0.3410025835
0.3641806841
0.3475108445
0.3666785359
0.3444022536
0.2330154181
0.3191756904
0.3665960133
0.4338634610
0.2971696556
0.4781837463
0.3461546600
0.3416164219
0.2421995699
0.3769591451
0.5557890534
0.5105229616
0.3990648091
0.3131029904
0.3032265902
0.3869729936
0.3264519274
0.3998931348
0.3383792937
0.3172260821
0.2360179573
0.3543107212
0.4370513856
0.3873153031
0.3095229268
0.2104981691
0.4435352087
0.4070722461
0.2847258747
0.3588025868
0.3845805228
0.6436672211
0.3272661567
0.3277682662
0.2899157107
0.1620213985
0.4121722579
0.3322684765
0.4051443934
0.3428972661
0.3177501857
0.3368161023
0.2943777740
0.3703515530
0.3519544899
0.3206378520
0.3789929450
0.3028625548
0.4143188000
0.3782926500
0.4653570652
0.3495897353
0.3965095878
0.4157631099
0.4390759766
0.3693594337
0.2850014269
0.4152604043
0.2777061760
0.3042761981
0.3132114112
0.3513880670
0.2760972381
0.2377186716
0.3234788775
0.2822319269
0.3545614183
0.2911423445
0.3710537553
0.3772705495
0.3440553248
0.3095931113
0.3941958547
0.4420277476
0.2956197560
0.3870887160
0.3765124083
0.4366831779
0.3350641131
0.3355942965
0.2751384974
0.2691233158
0.2900139689
0.3254784942
0.3349957466
0.3432828486
0.3760038316
0.3256197870
0.4817535579
0.3698430359
0.3255022764
0.3471495211
0.5740715861
0.3233641982
0.4008066654
0.3797908127
0.3037395775
0.3522609472
0.3602338433
0.3031684458
0.3092223406
0.2784290016
0.4064052701
0.3994064033
0.3680542707
0.3905692399
0.3601407111
0.3053962290
0.3322146237
0.4202271998
0.2981125116
0.4268994033
0.3420659900
0.5492354035
0.3191685379
0.2626972198
0.3527078331
0.4431113601
0.2802362442
0.3638769388
0.4735569358
0.3706111610
0.3614244759
0.3352790475
0.2975703776
0.3483523726
0.4079116881
0.3564305007
0.3272807300
0.3492980003
0.4208355248
0.3508105874
0.2629837394
0.4123888016
0.2281569839
0.3846211433
0.2779811621
0.3568251133
0.4049031138
0.3876253366
0.4208863378
0.3527240157
0.2589481175
0.3046234548
0.3424351513
0.3930367529
0.2835065424
0.3691771626
0.3144653440
0.3434396088
0.3585518301
0.3614344299
0.4040459692
0.2713974118
0.2698319852
0.3152836263
0.2882180214
0.3580896556
0.2527124584
0.3874531090
0.3638162613
0.3283501863
0.2693754137
0.3764452636
0.2953646481
0.3927594125
0.2296195030
0.3478488028
0.3332407475
0.4024198949
0.3924423754
0.2897363007
0.2962863445
0.3750763237
0.3945685029
0.3724361658
0.2981550992
0.4037481844
0.2251194268
0.3259353936
0.3463946283
0.3452769816
0.3137728274
0.3204894662
0.3568659425
0.2803446651
0.3233158886
0.4387544394
0.3361069858
0.3942366242
0.3131682277
0.2730418444
0.2215346098
0.2386598289
0.2588568330
0.0849157944
0.3419145942
0.2690620422
0.2845599055
0.3484602869
0.2568093538
0.3340157866
0.3177059293
0.2856056094
0.2621236444
0.4264500141
0.4211979806
0.4421607256
0.3312275112
0.3947766423
0.3711365759
0.3803231716
0.3666222095
0.3766503036
0.3043497205
0.3308076262
0.2870472670
0.3540590405
0.3329055905
0.3905425966
0.3577550650
0.3758009374
0.4662731886
0.3258957863
0.4542682469
0.3924084306
0.3542236984
0.3515518904
0.3864924014
0.3681454360
0.2912572026
0.3289577067
0.4884529710
0.3803656995
0.4562550485
0.3984453380
0.3044625819
0.1773829460
0.3499638736
0.4203906059
0.4447156191
0.3467819393
0.3884574473
0.3364088237
0.3309521079
0.1671140194
0.3258609772
0.3397808373
0.3488307595
0.3756993711
0.3206396103
0.5070834756
0.3507980704
0.1897341162
0.3621830344
0.3317434192
0.3743485808
0.3615891933
0.3517043293
0.3381870985
0.3641341627
0.3602350652
0.2216192633
0.3654832840
0.2638886869
0.3836176395
0.4156460166
0.3136638403
0.3098911345
0.3190394342
0.2666432261
0.2773437798
0.3920594454
0.3589900732
0.3985441923
0.3031902909
0.4060502350
0.3256033659
