0.4115728736
0.4367825687
0.4811807573
0.4731579423
0.3550108969
0.3984135091
0.5419266224
0.4443868697
0.3087545335
0.4959603250
0.2992778718
0.3752835691
0.4372627139
0.3560369015
0.3653767407
0.3772760034
0.4994010329
0.4703738689
0.4299374521
0.4927672744
0.4763809443
0.3042047024
0.4421997964
0.5131646395
0.3715034723
0.3597364426
0.3004223406
0.4866934419
0.3384016752
0.3214025199
0.3805011213
0.9144746065
0.4733985960
0.3137848079
0.4298809767
0.4476621449
0.3077960312
0.4155740142
0.6943016052
0.3679652512
0.3400790989
0.4918680191
0.4851860404
0.3978505731
0.5097700357
0.3488704562
0.3967123032
0.3460097015
0.4683342278
0.3556708097
0.3863436282
0.4614021480
0.4494572878
0.4269304872
0.4869818985
0.3941152990
0.3902730942
0.5665738583
0.3630155325
0.3842851818
0.4693602324
0.4317857623
0.4713626802
0.4193311334
0.4206105173
0.4070648849
0.5503071547
0.3787452579
0.4332084358
0.2545080483
0.4352746308
0.3535505235
0.3645040095
0.4593360424
0.4330256283
0.3651414216
0.3933235705
0.4215421975
0.4634020030
0.3637947738
0.3756332695
0.3361743689
0.6105257273
0.3947670758
0.4042804539
0.3450858295
0.3191043437
0.5029195547
0.3928167820
0.0615619570
0.4141119421
0.3148663938
0.4775403142
0.3674937487
0.4523957372
0.3926200569
0.3477537036
0.4625311792
0.3580689430
0.4378998280
0.4836717844
0.4444095194
0.3317136765
0.3512780368
0.3928385079
0.4503678977
0.3604967892
0.4933675230
0.3971359432
0.4325588644
0.3048336804
0.4507907033
0.3876964748
0.4455312490
0.5923762321
0.4402815402
0.0294683464
0.5070661902
0.4487528801
0.5129948854
0.4591144323
0.3824932873
0.3292905986
0.2614584863
0.4308189750
0.3878853917
0.4030584395
0.3647646010
0.3697042465
0.4278517663
0.3758307397
0.4774256945
0.4396321476
0.3319217861
0.4385387897
0.5105683804
0.3893895149
0.0847912803
0.3977451324
0.3682467341
0.2879995108
0.3277856708
0.4745713770
0.3490644395
0.5110641718
0.4165998697
0.3515283167
0.4234545529
0.4925418496
0.4042930901
0.3927689791
0.3705364168
0.4046131074
0.3520959914
0.4694304466
0.4252915382
0.4104099572
0.4825261831
0.3557415605
0.3787498772
1.2547345161
0.4562655389
0.3281130195
0.4104501605
0.4580183625
0.3508883119
0.4681526721
0.3687108457
0.3448390365
0.4595449269
0.3878722191
0.3820970654
0.4050458670
0.3832537234
0.5181378126
0.3386735022
0.4222988188
0.3454847932
0.3476005197
0.4252542555
0.4306676388
0.3485213220
0.3361724913
0.4015153646
0.3144105077
0.3898540139
0.4608796239
0.5947147608
0.3304947317
0.4418476820
0.3533933461
0.3730969727
0.3987954855
0.5145755410
0.3961288631
0.3724165261
0.4172816575
0.3712216616
0.3629141450
0.4324927926
0.3779514134
0.3622766137
0.4447461665
0.3939345181
0.4685328603
0.4584729075
0.3951081634
0.4284272790
0.4314095378
0.4151692688
0.4019825459
0.4703128636
0.5340359807
0.4222408533
0.3909726739
0.4204186201
0.5808642507
0.4571866095
0.4102350473
0.4985577166
0.5004597902
0.4724856615
0.4198990762
0.3708103299
0.1568351835
0.4002447426
0.5708432794
0.2358490527
0.4409463704
0.3806122243
0.1301219463
0.3718474507
0.4391702712
0.3919500113
0.4608533382
1.0902351141
0.4364191890
0.4131592810
0.4241252840
0.4594073594
0.4091955721
0.4197909534
0.4334673584
0.3452768326
0.4080227017
0.3845959008
0.4004695714
0.3302961290
0.3525967896
0.4907306433
0.4451334178
0.4545469880
0.5291165709
0.3442785442
0.8920866847
0.4476404190
0.3990255892
0.4202991724
0.4227842689
0.3607780933
0.4715847671
0.3567579091
0.4508782327
0.6568267345
0.4575607479
0.4092264175
0.4237910807
0.4135157764
0.4817433953
0.3958086073
0.4202756286
0.3769870698
0.3468194604
0.3700307310
0.4667034149
0.3465747833
0.4413908720
0.8131842017
0.3728379607
0.1613004208
0.3641570807
0.4969228804
0.5279605985
0.3412236571
0.3701711297
0.3233913183
0.5312079787
0.3869765699
1.2820355892
0.4497577548
0.3567612469
0.3894880116
0.4224236310
0.3954582512
0.3213670254
0.4239815474
0.4516050518
0.4157428443
0.3943890333
0.4303451478
0.3270737529
0.4319055676
0.4628761113
0.3346203268
0.4151107073
0.3967877030
0.4867475033
0.4210650623
0.4226720929
0.4443108439
0.4147683084
0.3674560189
0.3697044849
0.4922398925
0.4377378523
0.3785582185
0.5358867645
0.7316138744
0.4378201365
0.4107817709
0.4235826731
0.3148637712
0.4304500520
0.3563311100
0.4872804284
0.4229209423
0.2342422307
0.4169594944
0.4771808386
0.4605311155
0.4747059941
0.3612817526
0.5067042708
0.4416622221
0.5871528387
0.3366732895
0.3619276881
0.6319799423
0.3513160944
0.4243564904
0.3209280074
0.5117815733
0.4792830050
0.2896753252
0.4180396795
0.4487732947
0.3979141712
0.4443789124
0.3825168610
0.4138593078
0.4491957426
0.3888258934
0.1540904492
0.4668268263
0.4616500735
0.3583903015
0.5631363988
0.2775938809
0.7412592173
0.5170775652
0.4161709249
0.3954330087
0.3641352654
0.2334911078
0.3361898661
0.5485046506
0.4092867374
0.4351977706
0.5288300514
0.4538237154
0.4275556803
0.3606846035
0.5816079378
0.4365610182
0.3848648965
0.4395355582
0.4014473259
0.5619905591
0.3992890418
0.4081828296
0.7674930096
0.4593462944
0.4027808309
0.3692015409
0.3737732768
0.4743289053
0.3048648536
0.4687202275
0.4518739581
0.3525409400
0.4035012722
0.3066962063
0.3047272563
0.3517971933
0.3698599637
0.3869714141
0.4408475459
0.3668071628
0.4055838287
0.4179716706
0.3605158031
0.3444895148
0.4390489459
0.4053657353
0.3694740236
0.4128926098
0.4522799850
0.1871918589
0.3935219646
0.4506961405
0.4047667980
0.4526886046
0.4336470664
0.4182907343
0.3662301898
0.3813657463
0.4206623435
0.3876374364
0.5150841475
0.4386684895
0.4214213490
0.4238182902
0.2745021582
0.3177576065
0.3573167026
0.8655435443
0.4410180748
0.4679953754
0.3471438289
0.6592496634
0.3553597033
0.3027618229
0.4838246405
0.4964050949
0.3577856123
0.3497220874
0.4947195947
0.2152329832
0.3908716142
0.4921072721
0.3502884507
0.5102170706
0.4712357223
0.4196546972
0.6544924378
0.5200695992
0.4148758948
0.5416649580
0.4002026618
0.4080545604
0.5526240468
0.3498890996
0.3823109567
0.4307073057
0.4238020480
0.2908591628
0.6476626396
0.3613756895
0.4455446601
0.4754891098
0.3292861283
0.4065985084
0.4151304960
0.3990179300
0.4945686460
0.5527651310
0.3789033294
0.4420676231
0.5140885711
0.3297915161
0.6195045114
0.4697089791
0.4029836953
0.4594119191
0.3371930420
0.2424467951
0.5170198083
0.4331859648
0.4617827237
0.3900331557
0.3830994666
0.4044286609
0.3836889863
0.4766072035
0.4470434189
0.4404759705
0.4309873283
0.5912355781
0.4351007640
0.3709692955
0.3993362486
0.4095467627
0.7005042434
0.4773062170
0.4013939500
0.5315834880
0.3922435045
0.3992767334
0.3828094900
0.4426097870
0.4101281464
0.4097296894
0.4003213346
0.4108846188
0.3564691842
0.3888898492
0.4778417647
0.4483259320
0.2552634776
0.4879164696
0.4256894588
0.4858035147
0.2343000919
0.3641954064
0.4907612503
0.4754497409
0.3663544655
0.5714783072
0.4608397484
0.5642335415
0.4034538269
0.4113007486
0.4628324509
0.4012794197
0.3973682523
0.4828752279
0.1239630654
0.3773354292
0.3908935189
0.3638449907
0.4129073918
0.3653803170
0.3579529226
0.2869071066
0.4405644238
0.4683587849
0.4221021235
0.3265376687
0.3814383149
0.5184252858
0.4125152230
0.3901367784
0.4275818765
0.3100454509
0.4753468633
0.1182358563
0.4958122969
0.3880624175
0.3507391214
0.5409712195
0.4449505210
0.4029249847
0.5563858151
0.3916911781
0.4207041860
0.6663304567
0.3650326431
0.3843575418
0.4736723602
0.4150787890
0.4020741284
0.4800794423
0.4391210079
0.4479320049
0.3937320709
0.4378049970
0.3482302725
0.3672447801
0.3474064469
0.3024718761
0.4411812723
0.4342696965
0.3932237923
0.4008586407
0.4548316002
0.4074608088
0.5599105954
0.3227395713
0.4062617123
0.5262390971
0.5319665670
0.4140205383
0.4115043283
0.3524497747
0.3185730278
0.4121182561
0.2999899685
0.3866055906
0.4225004911
0.4848236442
0.5198507905
0.4226841331
0.3686316311
0.4539558887
0.4739561975
0.4582225382
0.4115550220
0.4031977952
0.4657818973
0.4876584113
0.4140682817
0.5428279638
0.3117780089
0.3578124642
0.4045390487
0.4042623639
0.3990790546
0.4009308517
0.3440614045
0.2950216532
0.3891263604
0.3990530670
0.3778410256
0.4937343895
0.7241011858
0.3921952546
0.4665727913
0.8506897688
0.3501985669
0.2908718288
0.4724257588
0.4311634004
0.4132811129
0.5601420999
0.4726958275
0.4649148285
0.4879043400
0.4850968719
0.5094765425
0.4119215012
0.4375674725
0.4952357113
0.4385198355
0.3075228930
0.4712729156
0.3951543570
0.4912435412
0.4462068677
0.4093919396
0.4252273738
0.6579419374
0.4714169204
0.3995888829
0.3965722322
0.7096540928
0.4046696424
0.5014919639
0.5030403137
0.3239740729
0.2362156808
0.3607920110
0.3876843750
0.5235844851
0.3633948565
1.1099210978
0.3525846303
0.3941929936
0.5152667761
0.4671635032
0.5028151870
0.4344782531
0.5926866531
0.3785465658
0.4393069744
0.3998479843
0.3754650652
0.5535942316
0.3951917589
0.5624088049
0.4573231041
0.3587356508
0.4224736989
0.3954910338
0.3361877203
0.3628327847
0.4413800240
0.3240445852
0.3784893155
0.4432854056
0.6889664531
0.3920807540
0.7280454636
0.6062721014
0.3960516751
0.3736798763
0.2770887613
0.4596474767
0.3822895586
0.4088657796
0.2824822366
0.3583692908
0.3837074935
0.3857323527
0.3987583220
0.4662420750
0.3667229414
0.3955608308
0.3383969367
0.4555628300
0.3774490654
0.4354529977
0.3830748796
0.3767904937
0.4112806320
0.3814214766
0.3052709401
0.4039002061
0.4824530184
0.4587821364
0.4287305176
0.4306328297
0.4273526073
0.4502752423
0.7505538464
0.3081445992
0.3177213371
0.4422388077
0.3872518837
0.4739076793
0.3928844631
0.4477404058
0.6123362184
0.4060657918
0.3771215975
0.4800078273
0.6661160588
0.4395824075
0.3773334324
0.4032593668
0.3634453118
0.4954743981
0.5577000380
0.4524936676
0.4014631212
0.3954784274
0.4798324406
0.4560039043
0.4431114197
0.4557168782
0.4429449439
0.4070985019
0.3945313394
0.3407211006
0.4556511343
0.3845352530
0.3889866471
0.4728266597
0.4085151851
0.3760857880
0.4486886859
0.5014584064
0.4717929363
0.4768312573
0.3709430099
0.4177494645
0.5071763396
0.6166447401
0.4486709535
0.3979071975
0.4258303046
0.4301348925
0.5329219699
0.2845034301
0.3346907198
0.4197497368
0.4582174718
0.4853827357
0.4695770144
