0.3562208712
0.2209236026
0.4014875591
0.3569561243
0.3591447771
0.0825943202
0.3518251181
0.4027263522
0.3335138559
0.4307244122
0.1662683189
0.3449520469
0.3493806124
0.3709258139
0.3238927126
0.2668824494
0.2938988805
0.3909213245
0.3436367810
0.2759846449
0.4048599899
0.2381675094
0.3518725634
0.4332379401
0.2918463945
0.2628077567
0.2633236349
0.4109944701
0.3493286967
0.2903766036
0.2976706326
0.5448916554
0.3041399419
0.3151464462
0.4178562760
0.4062365592
0.3444229364
0.3589054048
0.3668136299
0.3447899818
0.3252064288
0.4276891053
0.2002571672
0.3436199427
0.3184432089
0.3302864134
0.3674814701
0.2963528037
0.3681326210
0.4419979751
0.3747850358
0.1108430773
0.4312578440
0.3946448863
0.3169133067
0.0498952828
0.3546604514
0.4493324757
0.3655143678
0.3303468227
0.0800113007
0.3283202052
0.1339088678
0.3175021112
0.2416239828
0.4257468879
0.3547599614
0.2909627855
0.2765516937
0.2648570240
0.4457284510
0.3447664082
0.3534629643
0.3573532104
0.4373491704
0.2558558285
0.4167953134
0.2366303056
0.2495431453
0.3689081073
0.2659806013
0.3307819963
0.2396231145
0.2643910050
0.3237430453
0.3452016115
0.3380150199
0.3934814632
0.3128542304
0.9527254105
0.3995905817
0.2886751592
0.4035039544
0.3459768891
0.3956700861
0.3368415833
0.2277294546
0.2695134282
0.4672947824
0.4320231378
0.3624160886
0.3671263754
0.3963597119
0.4172410667
0.3483291566
0.3574813604
0.3340151906
0.4332117736
0.3206082284
0.3667078018
0.2126554996
0.4345300198
0.3802110553
0.2982779741
0.2447805405
0.4332311153
1.0775691271
0.1562086344
0.3292402923
0.3278179765
0.3484803736
0.2032091022
0.2570808530
0.3031951189
0.3586407304
0.3983687162
0.3086925149
0.3591824770
0.3602456450
0.3615186810
0.3098221421
0.3233055770
0.3855936229
0.1334889382
0.2880138457
0.4725012779
0.2692040205
0.2571435869
0.3249215484
0.3131088614
0.3265608549
0.3340242505
0.4085251987
0.2863012254
0.3953848481
0.2388750315
0.4020648003
0.3949643672
0.3711806536
0.3673940301
0.3087215722
0.3930189013
0.4126810133
0.2776778936
0.3892908990
0.4297990203
0.3306552768
0.4164121747
0.3411669433
0.3240480125
0.6150896549
0.3951565027
0.2999500036
0.2724912167
0.3645166159
0.4454055429
0.3413742483
0.3422306180
0.3496842086
0.3682055473
0.3199734390
0.3643260896
0.3459710777
0.4426457286
0.3408977985
0.3615673780
0.3676772714
0.3306034803
0.2711347044
0.4694088995
0.2836531401
0.2412829250
0.2308894992
0.4686358571
0.3832573593
0.3547411859
0.5251431465
0.3258683085
0.2795034945
0.3761547506
0.3409973085
0.3573259413
0.3375723660
0.3246035278
0.3334530592
0.2801085711
0.3179123700
0.1530626565
0.1682267934
0.3341628611
0.3599384427
0.3175457716
0.3765053153
0.2219870836
0.3902115524
0.3197061718
0.1543142647
0.4021551311
0.3868459761
0.2266128361
0.4177435637
0.4294428527
0.4000048637
0.3075225055
0.3576454520
0.1647128165
0.3549953699
0.3399874270
0.3044049740
0.1650060862
0.3290242553
0.1571676880
0.3837884367
0.3150649369
0.2585612535
0.3078941703
0.2376644313
0.3057941198
0.3525809348
0.2850138247
0.2624919713
0.3628418744
0.3206823766
0.3142972589
0.0541675538
0.3483617008
0.3339355290
0.3208341300
0.3042861819
0.4510812461
0.3090842664
0.3404034078
0.1170804724
0.3217444420
0.3906534910
0.3297484517
0.2711465657
0.2437455803
0.3409354091
0.4097509384
0.5374971032
0.3574015200
0.4911268651
0.2755512297
0.1937796175
0.4543048143
0.3221644759
0.3479421437
0.3072308898
0.3274292648
0.3471725881
0.2885629535
0.3799459934
0.2618150711
0.4064772427
0.3587715030
0.3031662703
0.3743824363
0.4181472659
0.4045449495
0.2472699881
0.2716913819
0.2889211774
0.3131252229
0.2160111964
0.1478827298
0.2956230342
0.4465223551
0.3817318678
0.5209500194
0.2959283292
0.4404055774
0.1920576692
0.2440439761
0.4350597858
0.2052330375
0.3668342531
0.3240245581
0.8159065843
0.3809039295
0.3153204918
0.2873710394
0.3392207325
0.3709118962
0.3402208686
0.3619802296
0.4134266675
0.2872457504
0.2525037229
0.3508554697
0.3212375939
0.3746242225
0.4322305322
0.3021535873
0.3451178074
0.3509548306
0.3940038979
0.3385601044
0.2393090129
0.2112581879
0.4274193048
0.3496204019
0.2958512306
0.4507120550
0.1825649142
0.3621268868
0.2128327191
0.2375506759
0.3408412337
0.4013268650
0.3619114757
0.2950524986
0.3524044454
0.2732934058
0.4715884924
0.2643554211
0.2235053480
0.3330470622
0.2891919911
0.3716153800
0.3207623959
0.1856582910
0.3720552921
0.3431215882
0.3687337637
0.2130238712
0.4544965327
0.3243120015
0.3633646667
0.4243278503
0.3239157200
0.2202881277
0.3921833038
0.3264956772
0.2858623862
0.4346264601
0.3547299504
0.3058801591
0.3523454964
0.3246732950
0.2981436849
0.2625310421
0.0440989845
0.2833989561
0.3496512771
0.2905679941
0.3213669956
0.3379655480
0.3020735383
0.4266149700
0.3825324476
0.1941758692
0.2629739642
0.1422615200
0.3795257211
0.4008122981
0.3393931687
0.3101460636
0.3133840561
0.3627933264
0.4510385990
0.2608161569
0.2233297080
0.3320770860
0.3077547550
0.4467608333
0.3457219005
0.2948997617
0.3701907694
0.3505440056
0.0505847372
0.3381216526
0.3328498900
0.4384841621
0.4455452561
0.4500612915
0.1855621934
0.2326202095
0.4023680985
0.4577482939
0.1270846277
0.1215248182
0.1090850160
0.2249342501
0.3638966382
0.3329255879
0.3383441269
0.3063571751
0.2861099541
0.4001418352
0.3349476159
0.2840461135
0.3791700006
0.1508426517
0.3082032204
0.2967478633
0.4172495604
0.1833963394
0.4230544567
0.4351724088
0.3170167506
0.3158067167
0.4111408889
0.3087239265
0.3650715053
0.2804702222
0.4071054757
0.1290341914
0.3561005294
0.3857939243
0.3483289778
0.2788618505
0.4088263512
0.2029699385
0.3036687970
0.1932913810
0.3781369925
0.3708153963
0.3142234385
0.3802756369
0.2974978387
0.2880495489
0.4203175008
0.4455565512
0.4231458902
0.1918334067
0.3961126804
0.3569291830
0.2161047310
0.3602811098
0.3211365938
0.4727528989
0.3122793734
0.2890319228
0.3057759702
0.1881102026
0.2598025203
0.4175783992
0.3530184627
0.4104984403
0.3740966022
0.3796225786
0.3614140451
0.4071633220
0.3679716587
0.2095823139
0.5081879497
0.3509126902
0.3478860557
0.4257035553
0.2754709721
0.1785969883
0.3883171380
0.3640740216
0.4538350999
0.3335265517
0.4267556071
0.3569011092
0.3547575176
0.1683722585
0.2375929952
0.4078660011
0.3251448572
0.4134581387
0.2430999130
0.2807223797
0.4594598413
0.3786868453
0.3640552759
0.3572923243
0.2557617724
0.3893658817
0.2934805751
0.3985381722
0.3046715558
0.3273462951
0.3822382689
0.3546450138
0.3215071261
0.2853349447
0.3374560177
0.2428343445
0.2183068395
0.1624082327
0.3356308341
0.3906803429
0.4270972013
0.3198760152
0.3644628525
0.3252401352
0.3954849839
0.4022714198
0.3449399173
0.3690077960
0.1744386852
0.3406966627
0.3334986269
0.3798241913
0.3907873631
0.2533497512
0.3673095405
0.2144601345
0.3296644986
0.2577970326
0.3479034305
0.1332979798
0.3138460815
0.4111002386
0.4131478369
0.2700521946
0.2695432901
0.3837079108
0.4070486724
0.4141194224
0.3887818754
0.2313565910
0.3112658560
0.3730595708
0.4078172743
0.2973571420
0.3726693988
0.3207210004
0.3847067952
0.2664835453
0.3443601727
0.3345437348
0.3565655649
0.2935852408
0.2733812630
0.3929339349
0.3076640368
0.3896533549
0.4692280889
0.2981403172
0.3686944842
0.0968273506
0.3781888783
0.3322792649
0.2888176143
0.3633741140
0.3571836352
0.3396307528
0.4846267104
0.2970162332
0.2712027729
0.1086171120
0.2475841045
0.3845919669
0.3666458130
0.3278003633
0.3360569775
0.3817865849
0.3639789224
0.4238852859
0.4417611063
0.3244025111
0.2344872355
0.2114268690
0.2330269367
0.4015725553
0.3716767728
0.3785796762
0.4266010225
0.3481217921
0.3932333589
0.3201148808
0.3914591670
0.3711240888
0.2609913945
0.3487556875
0.1944695860
0.3070217073
0.3110362291
0.4688397050
0.3573695123
0.3585877419
0.3167527318
0.1832668334
0.3480776548
0.3785275817
0.3704184592
0.2800738811
0.3007255495
0.4036323428
0.2879012525
0.4232570529
0.3196562231
0.3638438880
0.3995081484
0.4392313361
0.4314909279
0.3373294771
0.0588408299
0.4523089230
0.3423091173
0.4151955545
0.3825064301
0.3413503468
0.3141082525
0.3841856420
0.1731085479
0.3378797174
0.3068958521
0.1934376955
0.3429084718
0.3724845946
0.2327331901
0.7210386992
0.2939948142
0.2920440137
0.3989769220
0.3009882867
0.3244584799
0.2383050472
0.4240561426
0.3883101344
0.2113300413
0.3324559033
0.4523281455
0.2234494984
0.1416476220
0.4569865167
0.3638311923
0.3040722609
0.3299449980
0.3471549153
0.3157736659
0.3853281140
0.3778652549
0.2958159149
0.5617283583
0.2351691872
0.2864912748
0.3825649321
0.5628092289
0.3621637523
0.3242706060
0.4160979986
0.3360065222
0.2115475833
0.2629818320
0.2207503617
0.2891354561
0.3672946990
0.7817227840
0.3257255852
0.3140563071
0.3855382800
0.3439933956
0.3674713373
0.3715601861
0.3995173872
0.3227897882
0.4033805728
0.1725721359
0.3162512183
0.1559838504
0.3344264925
0.4097615480
0.3608092368
0.0412351005
0.3777591288
0.2364556193
0.2792212069
0.3764832914
0.3342841566
0.2632678151
0.1075625569
0.0835748166
0.3642925918
0.4739481509
0.3970160782
0.2996328175
0.3096801937
0.3031518757
0.2860029340
0.3097932637
0.3208651841
0.3471386433
0.2377174050
0.3371664286
0.3680270910
0.4180108011
0.3155071735
0.1563684344
0.3198258579
0.2249571979
0.3102895617
0.3531851768
0.1306978613
0.3143106401
0.2739046216
0.2799950242
0.3518562317
0.4077159464
0.3417862952
0.2833299935
0.3263234794
0.3983759880
0.3978133500
0.3483888805
0.3372578621
0.3385012746
0.1745421588
0.2861135900
0.2097767889
0.4039884806
0.2942227423
0.3883941174
0.4241710603
0.4135221839
0.5412299633
0.3905223310
0.2575569749
0.3223878145
0.3067835569
0.0807460546
0.3482988477
0.3475734293
0.3327938616
0.4219610691
0.2790367901
0.3061303794
0.3733735979
0.3754285872
0.5196604133
0.3209943473
0.4953720868
0.3997999132
0.4047137499
0.3411131799
0.4187748134
0.3090701401
0.4250791967
0.3464400768
0.2786868215
0.4151351452
0.2870552242
0.3879808784
0.3485877812
0.3685589433
0.3724930882
0.4055718184
0.3153817952
0.3349106312
0.5317792892
0.2702034116
0.1815246195
0.3115479350
0.4271989763
0.4026606381
0.4084745049
0.3545414209
0.2647073567
0.3025696874
0.3794770837
0.4004355073
0.4131300747
