0.2714569569
0.5412599444
0.2422859371
0.2126062810
0.4757986069
0.4686776102
0.2067474127
0.5707715154
0.2941764891
0.3231226802
0.4874568284
0.3047809899
0.3295739889
0.6076185703
0.5099057555
0.2014588267
0.2164671570
0.5026268363
0.5453394651
0.4421143234
0.2276797593
0.5372274518
0.5540621281
0.2164653093
0.5121744871
0.5418300033
0.4573625028
0.2756459117
0.4996833801
0.4427759051
0.3967256248
0.5503228307
0.2427437603
0.1680322737
0.1815719604
0.0506366938
0.2570947707
0.2713558078
0.5817195177
0.4956782758
0.2115264833
0.4825110435
0.1758541614
0.4959729314
0.1975519955
0.5915485620
0.2271548957
0.6223105788
0.5145031214
0.4856914282
0.4621084929
0.5708699822
0.1918628812
0.4577979445
0.3833196461
0.5148628354
0.4896514416
0.4165646136
0.3362124264
0.3317695558
0.5611258149
0.4439625442
0.4522868395
0.6415190697
0.1625028402
0.2193673551
0.4169350863
0.2882736325
0.3694183826
0.2237206250
0.5806764364
0.5723819733
0.3959604800
0.2505303025
0.5406859517
0.5231498480
0.0814609826
0.2258074582
0.1940326989
0.1819184422
0.5131478906
0.3255434334
0.3612692356
0.4750210047
0.4896771610
0.3001270592
0.2053847462
0.5445954800
0.5670673847
0.4421731830
0.4879154861
0.2483993471
0.4953815043
0.4051143229
0.5909942389
0.5520024896
0.4838664532
0.1294007301
0.7558500767
0.2721955180
0.8497155905
0.5501227379
0.2652499974
0.2916886806
0.5279831886
0.2242667824
0.2797883749
0.5454693437
0.5218679905
0.2346768826
0.4527564347
0.0833527297
0.2183979005
0.2322304547
0.5048264861
0.2804086804
0.5543561578
0.2226502895
0.5100117326
0.5110460520
0.5057333112
0.4601459205
0.6628130078
0.2176940888
0.2000474185
0.3621832430
0.4870508015
0.3051642478
0.5681418777
0.1972743124
0.3285366595
0.1336333454
0.6173293591
0.2186416835
0.4578071237
0.2668425739
0.2177514732
0.5210112333
0.2861628830
0.1396866441
0.2176843435
0.2120136470
0.5455188751
0.7341121435
0.4927852154
0.4177941978
0.4587112367
0.5133304596
0.5247314572
0.5606652498
0.2271050811
0.4983282983
0.2642524242
0.4819298387
0.2693516314
0.0962067619
0.4446238875
0.1709738672
0.1101106033
0.4934366941
0.0689599589
0.4660060704
0.2626279294
0.2178305835
0.5454493761
0.2035247386
0.2401732057
0.4690325856
0.4292011261
0.3935287893
0.5800279975
0.3562990129
0.2306664139
0.6352242827
0.4687018096
0.5363667607
0.5627470016
0.2333761305
0.1376460940
0.5770034194
0.5317827463
0.2152545154
0.1863435656
0.2005695403
0.4621205330
0.4864850938
0.2959976494
0.4295817912
0.4951839745
0.2174917907
0.1935862005
0.2843285203
0.5352877975
0.1330989748
0.2980542481
0.6127733588
0.2157934159
0.2162800580
0.1005881280
0.2157717794
0.2391737550
0.2537559271
0.4893247783
0.4993847311
0.2765967548
0.4361876249
0.4657392800
0.2926377058
0.2154786438
0.2413454056
0.4165523648
0.4948450923
0.4862511158
0.2718213797
0.2172189653
0.4422935843
0.5387361646
0.2550396323
0.2300992161
0.2667180896
0.4851772785
0.4692617357
0.5922758579
0.2025587261
0.3242549896
0.5166509748
0.3032039106
0.0636070147
0.4858011901
0.4966708720
0.2002629787
0.5278553367
0.1811925769
0.5024291277
0.5510115623
0.2506504357
0.2930566967
0.8209955096
0.5025275946
0.4557907581
0.2083031833
0.5017727017
0.5076559186
0.2199610472
0.4812777936
0.1058914289
0.5093216896
0.4837320745
0.5597745180
0.5546842813
0.2127734125
0.1981074959
0.3911363780
0.4588099122
0.4676902294
0.4639710188
0.4680215418
0.5553938746
0.1420803964
0.2645406723
0.2229153961
0.1690814644
0.5630382895
0.3154672384
0.1986497939
0.5500308871
0.2251713127
0.2719329596
0.3400085866
0.0814337432
0.2932622135
0.4828794003
0.3260035515
0.6359524727
0.5042792559
0.3007294238
0.2308666557
0.5753172636
0.4949627817
0.4060166776
0.5112863779
0.2362766564
0.4716408253
0.2982755303
0.4404824376
0.3834894001
0.3033518791
0.4718273282
0.5296021104
0.2675845623
0.2130616158
0.6008828878
0.3012142777
0.3742586970
0.3766411543
0.5603692532
0.4558720291
0.4218518138
0.2652886212
0.5125968456
0.2777279615
0.2363578379
0.4991901517
0.3332134187
0.2268450260
0.1939136088
0.4560519457
0.5255811810
0.2658127546
0.5453130603
0.5315040350
0.4927888215
0.2259298414
0.0335026570
0.4924579859
0.3944293559
0.2562014163
0.2079172134
0.2963474095
0.5498113632
0.2831481993
0.2590828240
0.5431642532
0.5572887063
0.4286087453
0.1597209573
0.4837334454
0.2955007255
0.2664002478
0.4061324298
0.1809667349
0.1902903318
0.1918160915
0.4188427031
0.5001156330
0.2563752234
0.1964048892
0.1412347257
0.3518989682
0.3418520391
0.5349910855
0.1981915534
0.0606324896
0.5465617180
0.3826861084
0.4749889672
0.5567153096
0.1808457375
0.6314835548
0.2985601723
0.3837330341
0.2085258961
0.1346339881
0.4861625135
0.1933920234
0.4921659231
0.1797353625
0.3157039583
0.1542640775
0.5186343193
0.1662701219
0.3493167758
0.1748345941
0.5452628732
0.3620354831
0.3684717417
0.3731231391
0.4910321236
0.3769973218
0.4927623868
0.1561870128
0.2869200110
0.2141443044
0.1957526952
0.1961151510
0.4690873623
0.4956271648
0.5588291287
0.1898407638
0.2854202092
0.4280800223
0.5617733002
0.5012447238
0.2704724669
0.5046206713
0.4536929429
0.3117252886
0.4534978867
0.4559155107
0.2347676158
0.3339403570
0.4984397590
0.2036430985
0.4625463784
0.5605499148
0.4987834990
0.2543399036
0.2324971557
0.3085706830
0.5908138156
0.3873160481
0.2767429054
0.2934778929
0.2892052531
0.4478248656
0.4272384942
0.4945825636
0.5499995947
0.1416063011
0.5323489904
0.4350702763
0.5082935095
0.4374416471
0.4553887248
0.2184146345
0.3709025383
0.4950636029
0.5267626047
0.4993777573
0.6086267829
0.1710230112
0.2748951316
0.2428970933
0.5010045171
0.5479223728
0.4905240238
0.2327279449
0.2843100727
0.4870173335
0.2424891144
0.2295967788
0.4842501581
0.5429077148
0.2816406190
0.4709343016
0.4131741226
0.2659566998
0.2528905272
0.4650898278
0.2206848860
0.5330929160
0.2249270231
0.2823599577
0.4798080623
0.1522463262
0.3056057990
0.4962237179
0.1814413220
0.2459430695
0.3985129595
0.5978230834
0.4355952144
0.2358341515
0.1942215264
0.2797220945
0.1293198615
0.5345016122
0.2327105403
0.4279424846
0.3269967735
0.2237291038
0.4291400611
0.4816314280
0.1545372903
0.5583283901
0.3470022082
0.4964937270
0.2993081212
0.2318338156
0.5904191136
0.5239406824
0.2076103538
0.4416351616
0.5933538079
0.2800684571
0.2548736632
0.5629737973
0.2670499384
0.5370023847
0.5053145289
0.5107526779
0.4148988128
0.3436020017
0.1975290924
0.5682678223
0.5510129333
0.2483717352
0.4971974790
0.5394910574
0.2948722541
0.6656756401
0.1168454364
0.5154750347
0.4751108587
0.5582100153
0.5326344967
0.2417122275
0.2817783356
0.5018446445
0.4799153805
0.5748879910
0.4552708864
0.2350218445
0.4873806834
0.2428245842
0.4833396971
0.3102441430
0.0409554616
0.5200877190
0.3096544445
0.2347203940
0.5841903090
0.1943050474
0.4833731651
0.5279263258
0.2046254128
0.5235832334
0.5341767073
0.3410526812
0.1616055220
0.2636893988
0.2256925851
0.4461135268
0.3372363150
0.7017267942
0.4986679852
0.3159252405
0.6742691994
0.3995893300
0.4929136336
0.2897680104
0.1472345442
0.3508200049
0.5452613831
0.5828620195
0.4899066687
0.1772848964
0.4575337768
0.4177605212
0.5009342432
0.5582615733
0.5014031529
0.2480757236
0.6151680350
0.2932751179
0.2952588201
0.2370551825
0.2113802135
0.2286812216
0.5067397356
0.5700784326
0.2553408444
0.5673429370
0.5876044631
0.0813185424
0.6455614567
0.2855555415
0.2859880924
0.2033291161
0.1085920334
0.2208007872
0.5020380616
0.5916736722
0.4878051877
0.2010639459
0.5102511048
0.4929968417
0.2284570783
0.1596915275
0.5387937427
0.2129399180
0.4615764618
0.5222122073
0.5262702703
0.2936291397
0.5066415668
0.5882442594
0.2575922906
0.1584443897
0.1666798741
0.6137968302
0.5202388763
0.4335399866
0.2331069261
0.2902957499
0.4932955801
0.5278538465
0.0115261991
0.4928597808
0.0258916859
0.2123106867
0.2520747185
0.6082283258
0.1972338557
0.5290183425
0.2076118290
0.4723419249
0.2126830518
0.5403074026
0.3432362676
0.2736333311
0.2616565526
0.4485395253
0.4841122329
0.5169106722
0.3549036384
0.6159934998
0.2542502880
0.2546277344
0.5664184690
0.2009178400
0.4979326129
0.2500969470
0.5350552201
0.2838319838
0.5953790545
0.3262859285
0.2375719994
0.3267019689
0.2904543877
0.2324070781
0.4931350946
0.2974581718
0.5459677577
0.5975493193
0.1955861151
0.3778912723
0.5231906772
0.3425656259
0.5668475032
0.2316069007
0.2143065035
0.5592740774
0.4547346830
0.5455275178
0.2892259657
0.4946545064
0.4153397977
0.4852877557
0.4970292747
0.4650789201
0.4759201705
0.1799823791
0.5133978724
0.2727364898
0.2240077108
0.0508381538
0.2438580990
0.2020043582
0.4688461721
0.1659643203
0.2497233450
0.5248018503
0.2541794181
0.2636646628
0.5241729617
0.4881786406
0.5100966096
0.5277432799
0.4846365750
0.3218855560
0.4863215387
0.5349350572
0.3083564341
0.3086162806
0.2886318266
0.4895929694
0.4260358810
0.2505462468
0.2585661113
0.4506607950
0.5393814445
0.2729999721
0.2045637518
0.5795183778
0.5056120157
0.2563911080
0.1781245768
0.2571316063
0.3919667006
0.2633055449
0.2860321999
0.2138958871
0.2348830253
0.1867992878
0.4639527500
0.5202503800
0.6097407341
0.4632933736
0.1862123609
0.5425736308
0.4946077466
0.1868583262
0.3177537918
0.4161746800
0.4732225537
0.3919277489
0.5372003317
0.2642968893
0.2344300896
0.3828920722
0.2170682698
0.5707176924
0.5325881243
0.5027133226
0.5071683526
0.2683801949
0.1567265838
0.2217020243
0.5276989341
0.5278057456
0.4392066002
0.6687163115
0.1852116436
0.4159453213
0.2231118232
0.1972108334
0.5570059419
0.7161198258
0.2432785779
0.2716038525
0.3137719631
0.2700333893
0.2922756970
0.4290179610
0.2768099308
0.5611507893
0.5362070203
0.2625443637
0.2158344537
0.6056714058
0.1397483051
0.2490563393
0.5202125311
0.1971250474
0.5296539664
0.2137914300
0.5231390595
0.5903721452
0.2018271983
0.1030476615
0.4968316853
0.1593832672
0.5163851976
0.2497205436
0.4756573737
0.4330891073
0.5627278686
0.5731325746
0.0629811063
0.2092112750
0.2184171230
0.2454992831
0.2919951677
0.1803241819
0.2902013958
0.5524493456
0.2677504718
0.5567452312
0.3652829230
0.5109962225
0.4472701252
0.4785497487
0.2305829823
0.1633091420
0.4025159478
0.6425336003
0.4639218748
