0.3578887284
0.3381368816
0.3064985275
0.3625699580
0.6934276223
0.3902418911
0.4267714918
0.3664741218
0.3815089166
0.3789954484
0.3894350827
0.3711292148
0.2475053221
0.0922135189
0.4340091348
0.4002199471
0.3116862774
0.3760235906
0.3397114873
0.2466627359
0.7325678468
0.3932878673
0.4015827775
0.3540298939
0.3758555055
0.3768558204
0.2768175006
0.3835578263
0.3761590421
0.3635098636
0.2780292928
0.4044078887
0.3930481970
0.4365031719
0.2433541864
0.3707620502
0.3986096084
0.2966612875
0.3296625912
0.2892300189
0.3669940829
0.3258661926
0.2890811861
0.3629425764
0.4850205779
0.3601266742
0.3429585695
0.3575842679
0.3989803493
0.2416212559
0.3883123100
0.2831152081
0.3732818067
0.3961123824
0.4049475193
0.2618006766
0.3292675316
0.4537517428
0.3950319588
0.3775685430
0.3472534418
0.0060947291
0.3702158034
0.6327309012
0.3665946126
0.3553076982
0.3150271773
0.4039480388
0.3113114834
0.3593564928
0.3766835034
0.3514919579
0.7368929386
0.2908483744
0.2324765474
0.0231995136
0.4381117225
0.3745203316
0.0817085207
0.5495625138
0.3451791108
0.0064774253
0.3906958699
0.3648130000
0.3619825244
0.3813932836
0.2426212430
0.1183334440
0.3669231534
0.3617865443
0.1476274282
0.3775841594
0.3668940663
0.3908059895
0.3762413561
0.3523457944
0.0931623057
0.3525737822
0.4479494989
0.3571426272
0.3352554440
0.7819052339
0.2829345167
0.3814135492
0.3694998920
0.3676432371
0.3943414688
0.3703790903
0.3966538310
0.3641911745
0.2849914134
0.4154336452
0.3960012197
0.3714187741
0.4007313848
0.2419955879
0.3723272085
0.3740300834
0.3678331077
0.2988015413
0.3588509858
0.3773442209
0.1286779940
0.3615647256
0.3397410512
0.3587891459
0.3043780029
0.3650508225
0.2444174290
0.2529948056
0.3051188290
0.3736630678
0.3618805707
0.3860166073
0.3688840568
0.3546970487
0.0372010395
0.5425150394
0.3709454834
0.3395691514
0.3719549179
0.3735414743
0.1138146296
0.3780093491
0.3711023033
0.1655039638
0.2845982909
0.4490540624
1.0786837339
0.3852447271
0.3687945604
0.3554264605
0.3602908254
0.3051386178
0.3708384037
0.2680020630
0.4072811306
0.3928685486
0.3798351586
0.4210542738
0.4778719246
0.5049850345
0.6171197891
0.0269965138
0.3618889451
0.3847729266
0.3754345775
0.3482098579
0.3675422370
0.3348686695
0.3210948408
0.3751055300
0.2805669904
0.3467516899
0.3301933110
0.2929945588
0.4554845989
0.3318395317
0.3760574758
0.3083487153
0.5255523324
0.4887104630
0.3742089868
0.3798395693
0.1161950156
0.3799710870
0.3733003736
0.3658958375
0.3714531958
0.3025496602
0.3592240512
0.3796679378
0.3827930987
0.3720451295
0.3766076267
0.4060185552
0.3843533099
0.2717269361
0.4824125171
0.6442658901
0.3940297663
0.3916374445
0.3964844942
0.1921975017
0.4087648392
0.1448246837
0.5310536623
0.5033165812
0.3278595805
0.3361274898
0.3142412305
0.3828260303
0.3838388324
0.3847773373
0.3321294785
0.3562930226
0.5264109373
0.3817287087
0.4022003412
0.1956646591
0.3020290136
0.3768224716
0.3799174130
0.3827736676
0.3758555651
0.2725321352
0.3654836416
0.1563648432
0.3461686075
0.3864955902
0.3752780855
0.3854106665
0.2578516006
0.3474188149
0.3777321577
0.4016722739
0.3614741862
0.3372203410
0.2433365881
0.3572370708
0.3742617369
0.3657754064
0.2875080109
0.1954438239
0.3587037921
0.3593629301
0.3794447184
0.4053178132
0.3088908792
0.4332042336
0.3482872546
0.6180301309
0.3877036870
0.3747873306
0.3782338202
0.3922987282
0.3595135808
0.3578831851
0.0956394747
0.3586577177
0.3884737492
0.3737156987
0.3810379505
0.5311898589
0.3606407940
0.4665445983
0.3931527436
0.2995935678
0.5270212889
0.3486177921
0.3491969407
0.3316318393
0.3452520072
0.2828204334
0.1010019779
0.3775446117
0.3727723062
0.0238267500
0.2910072505
0.2748233378
0.0485606529
0.3734156489
0.3696043789
0.2748994231
0.4080402553
0.3572502434
0.3930596411
0.4333656728
0.2586922348
0.3185635209
0.3561012447
0.3884007633
0.0305952989
0.3490447402
0.4010348320
0.3776801825
0.2642899454
0.2791647613
0.3324248791
0.2786906660
0.3667775989
0.2119710892
0.2567752600
0.3851014376
0.3610813916
0.2701086998
0.3837046027
0.2037304789
0.3666132689
0.2710001171
0.3892834485
0.3706783950
0.3119895458
0.3893126547
0.3652355075
0.3760398626
0.3855827749
0.2526968420
0.3760753572
0.3577873707
0.3297573030
0.3171193898
0.2933802605
0.3593743145
0.0096839443
0.3856703341
0.5743129253
0.3415139914
0.3389180601
0.3370706737
0.3950102925
0.0624470897
0.3560691178
0.3793671727
0.3663094044
0.0919780582
0.3675343394
0.3613047004
0.3488043249
0.3817657828
0.3581473529
0.3793596625
0.0646703988
0.3239629567
0.3525870740
0.3949195147
0.3808040619
0.3714497089
0.3819693923
0.2981280684
0.0964451209
0.3828243315
0.3534339070
0.3599418104
0.3985038400
0.3543562293
0.8914902806
0.4000552595
0.3838774562
0.3774345815
0.4304303229
0.2883602083
0.3661022186
0.3964689970
0.7623362541
0.3661430776
0.2508563995
0.3652842343
0.3572791815
0.2949104607
0.3916323483
0.3626117706
0.3087162673
0.3686252236
0.3660712838
0.3600623608
0.5048704147
0.3271018267
0.3992868066
0.5107405782
0.3759672940
0.3787160516
0.4136634767
0.3182412386
0.3543334603
0.3768197298
0.3555006087
0.4743171632
0.6554263830
0.3736122251
0.3561317921
0.3463012874
0.3578467071
0.4105833471
0.0704783499
0.2502959967
0.2919014394
0.2215746790
0.3540273309
0.3057988286
0.1422198266
0.1115196794
0.3283999264
0.3721337020
0.3717108071
0.3873117566
0.3507494330
0.3699889183
0.1440647840
0.3788535893
0.3492419124
0.3848129213
0.1904881597
0.3910793960
0.3548818529
0.0426686704
0.3872692585
0.2752801180
0.4067809284
0.0620603152
0.3831493855
0.3846779466
0.8105723262
0.2923277318
0.3341820836
0.1847665161
0.3806963563
0.5094776154
0.3792548180
0.3938729465
0.4000612795
0.4324789345
0.2412376702
0.4077996314
0.3985410929
0.3525603414
0.3848107457
0.3914276361
0.3837388754
0.3556419015
0.3335733414
0.3513617516
0.4111984074
0.3665202558
0.3647389412
0.3254970014
0.3760023117
0.4124083221
0.3808858395
0.1106583178
0.2871870995
0.3247655034
0.3661839068
0.3259846270
0.3819147050
0.3015497625
0.4050733447
0.3688602149
0.4003648162
0.3774875402
0.3520961702
0.3581082523
0.4979889989
0.6227726340
0.3323557675
0.3794922233
0.3621022105
0.3603539169
0.3012125492
0.3543303013
0.3705727160
0.3487739861
0.3646678030
0.3084120154
0.3777091205
0.3627099991
0.2982939482
0.3628731072
0.2645787299
0.3623531759
0.4181156158
0.3654592037
0.3523863554
0.5361868739
0.3622080386
0.3859131336
0.2139948159
0.3802657425
0.3815658689
0.3622725904
0.3834544718
0.3139511049
0.3939667642
0.2724640071
0.3594696820
0.3477932215
0.3504376411
0.3661909699
0.3017888963
0.5529501438
0.3157056570
0.3858529627
0.3892676532
0.3833388388
0.3402463794
0.3562603295
0.1073083431
0.3316831589
0.2933192849
0.3702001870
0.4159558713
0.5996971726
0.0223103799
0.1584391147
0.3507934213
0.3958534300
0.3637739718
0.3739359677
0.3861948848
0.3838339448
0.3649829030
0.3768550754
0.3725328147
0.3749921620
0.3517564535
0.3488806486
0.2798071504
0.3740662336
0.3984711170
0.2553399801
0.4012196958
0.3409000337
0.3384786844
0.2879839540
0.3492401838
0.3617489338
0.2065423280
0.3431291282
0.3866533339
0.3814067245
0.7763121128
0.2326251864
0.3098843992
0.3663716912
0.1876647323
0.2429985106
0.3925077617
0.3929179609
0.3753230572
0.3565497994
0.3229662180
0.3591108918
0.3937020600
0.3922482729
0.3710067868
0.2417119890
0.2984183133
0.3764493763
0.3137492836
0.3587819338
0.3747832775
0.3665311337
0.3786213398
0.4380811155
0.3699017465
0.3089966774
0.3503605723
0.2429854423
0.3145437539
0.3482672870
0.2923367918
0.3706835508
0.3814060092
0.3656025231
0.0707223043
0.8616378903
0.3925655186
0.3502409756
0.3756597936
0.3817203641
0.2206535190
0.3956385851
0.3657453358
0.3801274002
0.2859196961
0.3817375600
0.2439151257
0.3959947228
0.3316048682
0.3689493537
0.3104932010
0.3781732917
0.3561199009
0.3926323950
0.3755749464
0.3733424842
0.5761018991
0.1969159245
0.3320538402
0.3815264404
0.3895697296
0.3852097094
0.3730550110
0.3826203942
0.3594552279
0.4142283201
0.3596454859
0.3798421323
0.3617037833
0.3627084196
0.3751984537
0.3534034491
0.3733510673
0.3368723094
0.5291092396
0.2947292030
0.3795519471
0.3576686084
0.3578327894
0.3669942021
0.3820366561
0.3621905744
0.2552898824
0.3582098782
0.3797189593
0.3739402294
0.2557692826
0.3557488620
0.3618759811
0.1093131378
0.3652743101
0.5712040663
0.3699136972
0.3536384702
0.3303474784
0.3327543139
0.3793579340
0.3831779361
0.3744961917
0.3499258161
0.3816179335
0.3552927673
0.0587649085
0.3579794765
0.3901747167
0.3992334604
0.3657810688
0.3680036366
0.3838229179
0.3906251788
0.4120862186
0.3846235275
0.3355824351
0.4564297497
0.2802915573
0.3957941830
0.3297114372
0.2918138504
0.4593138397
0.3915709555
0.3515197337
0.4028005898
0.4196821749
0.2184418589
0.3576155901
0.3944444954
0.1910172403
0.3205910325
0.3889530301
0.3056980669
0.1760491282
0.3506847322
0.3596463799
0.2451599538
0.3497459590
0.3859452307
0.3612711430
0.3259341717
0.3322219253
0.7856019139
0.3575339317
0.3932562470
0.3843500912
0.3310853243
0.3870685399
0.4023797810
0.3841164112
0.3740303218
0.3742180467
0.3447830677
0.3583410680
0.3903247118
0.3767755032
0.5151755810
0.0045057093
0.4006538391
0.3737876713
0.3240873814
1.0669182539
0.3288799226
0.3306266963
0.4041835368
0.3093096018
0.4605131447
0.3635861874
0.9052425623
0.3856442869
0.3288653791
0.0208124071
0.3574154079
0.0568797626
0.3294997215
0.3725391626
0.3009654284
0.3797274232
0.5229538083
0.3966847658
0.3170489371
0.3914302886
0.3682193458
0.3579435945
0.6940978169
0.0894533098
0.0374241918
0.3711252213
0.3625776172
0.3840249777
0.2521345317
0.3912531734
0.4842925966
0.3913665712
0.1919211000
0.3856471479
0.3523568511
0.1633001268
0.3759348094
0.3886270225
0.3295507133
0.3734056950
0.3681246638
0.3761141896
0.3229868412
0.3735683560
0.3903831840
0.2759157419
0.3071410954
0.0626764819
0.2574932873
0.3536345065
0.3660555780
0.3812696338
0.3591322601
0.3768727779
0.3601815701
0.3819263279
0.3655661643
0.3162177503
0.3703283668
0.3736756146
0.3698694408
0.3831566870
0.3511941731
0.3560135961
0.4080990851
0.5854077935
0.3745872974
0.3881915212
0.2758831084
