0.3902100921
0.1101669297
0.4700044096
0.4115183949
0.3106198311
0.3918908238
0.6171115041
0.2661846876
0.2384241074
0.4368844032
0.2854805589
0.3490704298
0.4097552299
0.0734813884
0.6074401736
0.3946405947
0.3661842942
0.3999876976
0.3477058411
0.3720346689
0.2274877876
0.1420831233
0.3559326828
0.3324833214
0.3661927581
0.2390005291
0.0301676244
0.1717583537
0.4325420856
0.4100655615
0.4449482262
0.2559116483
0.2060163617
0.3922052681
0.3537688851
0.3565939963
0.3358341455
0.4582656622
0.4242762327
0.1663151383
0.4379591644
0.3637407720
0.5323195457
0.3323441148
0.3103396893
0.0259950906
0.2535794079
0.4715470970
0.1798384935
0.2882888317
0.4391030669
0.4140523374
0.4062429368
0.0565356649
0.4137298465
0.3947373629
0.3867038190
0.4397533238
0.2618765235
0.3881891668
0.3051382303
0.3624166846
0.2275721729
0.3634765446
0.3938673437
1.5639116764
0.4316120744
0.2228610963
0.2411875576
0.3332881331
0.1847890317
0.1812368631
0.4696192145
0.4028671980
0.1742190570
0.4130972922
0.3742339611
0.1894811988
0.3562647700
0.4081479907
0.3711973727
0.0590011179
0.4183258414
0.3497050107
0.1170455813
0.0672624633
0.0616678558
0.4115708768
0.7267836332
0.4289911389
0.2597719729
0.5659883618
0.2822969854
0.3552064598
0.2081137449
0.3982928097
0.1106044278
0.0824189782
0.3966911733
0.3846983612
0.3771706820
0.2544166148
0.3890693784
0.3418303728
0.4311505854
0.2890553772
0.3916412592
0.3494894803
0.3716133237
0.2691872418
0.1304859668
0.3380080163
0.2995706201
0.3854834735
0.0823854730
0.0694525614
0.4032478034
0.0325358920
0.4270195067
0.3942572773
0.4301952422
0.3194766343
0.3756266832
0.7389090061
0.3197965622
0.4300365150
0.7051976323
0.2941339314
0.2905957997
0.0591779426
0.1539423466
0.3922483921
0.4100902379
0.3402919471
0.4057831466
0.2455124557
0.8368980289
0.3992567360
0.4137808383
0.3678011000
0.3090662360
0.1470765322
0.3747099936
0.0539027825
0.9477109313
0.3543097377
0.3401409686
0.6433150172
0.3539020121
0.5348233581
0.0771800056
0.0513680615
0.3891094029
0.2096742392
0.0389643461
0.3401232660
0.4397343397
0.4089474082
0.3550641239
0.4577555656
0.3657521605
0.3911924660
0.4014507234
0.3959043920
0.4740614593
0.3618086278
0.3195806444
0.4766002595
0.2771101892
0.4083664119
0.3950943947
0.3994938731
0.2496389449
0.3547744453
0.3951807022
0.0941980630
0.3515799940
0.2763621807
0.4299913943
0.4355481267
0.2706086338
0.1748730093
0.2611637414
0.3775572777
0.3869687319
0.3460644186
0.4151307046
0.4228390753
0.0163199455
0.4205380678
0.2577537894
0.3618912697
0.2237938941
0.4227021337
0.2646415234
0.3747974634
0.2252155840
0.2812175155
0.0642931536
0.4579596519
0.4149730206
0.4132378697
0.3022662401
0.3999433219
0.2867479920
0.4687314332
0.3388227522
0.3522090614
0.3053629696
0.1342755109
0.9037866592
0.3365264833
0.3804478645
0.3676228821
0.4914466739
0.4047611058
0.4297414720
0.4089221656
0.3502673507
0.4022200704
0.4037729800
0.4178803265
0.4325149357
0.4009410143
0.3601726890
0.2328733206
0.4677947462
0.4350324273
0.1037473530
0.2979232073
0.4521602392
0.4313616157
0.4349004030
0.1621587276
0.2835277021
0.4030674696
0.4237330258
0.4030182958
0.0276757646
0.2528201640
0.0509242564
0.3883376420
0.4100295007
0.3998446763
0.3352162838
0.2185691446
0.4071657956
0.4311144054
0.4485630989
0.2603083253
0.3867555857
0.0735403001
0.1967669278
0.3306920230
0.3262106478
0.4210146070
0.2492089570
0.2674201727
0.3054101467
0.3670760989
0.3377862871
0.3697278798
0.3289136291
0.3352766037
0.0617457107
0.4034739137
0.4101750553
0.4002706707
0.0565681383
0.3861259520
0.2430085838
0.4073604047
0.1710558832
0.3998481333
0.3619174063
0.0288743433
0.3487351239
0.2141725719
0.3734094203
0.0830129460
0.4189194739
0.3923312724
0.2385185510
0.4090187848
0.3122237027
0.3464576304
0.3938363194
0.3842569590
0.2030618340
0.3670999408
0.3587828279
0.0429696254
0.2125287503
0.2268290669
0.2538042665
0.4140180349
0.2176949084
0.2697970569
0.4403272569
0.4217872024
0.3960213959
0.2612146139
0.4048483670
0.3648251593
0.3272047043
0.5526379347
0.3924197853
0.3229830563
0.3832609355
0.4267678857
0.4267694950
0.2982547581
0.1436893642
0.3232713938
0.3639574647
0.4043966234
0.4227322638
0.1197698638
0.3947947025
0.4486084282
0.4004148245
0.3892300427
0.2821386456
0.5939393640
0.0194310416
0.0816582739
0.3730834424
0.3807334900
0.0168760624
0.2386863828
0.4114643931
0.4091941416
0.1703269929
0.4257836342
0.2347603440
0.4044815898
0.2973985076
0.3983603120
0.1846236289
0.4820003211
0.2251590788
0.3220596015
0.3446166217
0.3861940205
0.3582416773
0.2883800864
0.0485396571
0.4575717449
0.3501031101
0.3155167997
0.4454609454
0.4358780682
0.3647552431
0.4325173497
0.3430994451
0.4010753334
0.3430774510
0.2518922687
0.3928645849
0.2824655473
0.2675422132
0.4182479978
0.0413437337
0.3765616119
0.3218468428
0.1574419141
0.3013454676
0.3235939443
0.4256645739
0.3301714659
0.0714954808
0.3924399614
0.4873117507
0.4692620039
0.6328648329
0.3715417981
0.2859702706
0.2939936221
0.2679865956
0.1866212934
0.3619231284
0.2732160091
0.2656642795
0.3662963212
0.0652470216
0.4319348931
0.2244011760
0.2341433167
0.2320340127
0.4409703314
0.0291817114
0.5070679188
0.4429447353
0.3988185525
0.3535811007
0.0584668517
0.4217084050
0.2667771578
0.3745872676
0.3291759789
0.3086242080
0.1686434895
0.4334918559
0.3738071024
1.4469488859
0.4049006999
0.1322745234
0.4231630862
0.0699805617
0.2390678078
0.3576164842
0.0215685926
0.1259426028
0.3923476040
0.1527856886
0.2732752860
0.5357320309
0.1483186930
0.3792334795
0.3940325975
0.3582823575
0.4155112803
0.4131828249
0.4027357996
0.4335072041
0.2897656560
0.1613183469
0.4135329127
0.2890650034
0.2452241927
0.0550360680
0.4104463160
0.3465582430
0.3074768484
0.4747525156
0.3934359252
0.3999267817
0.3295467496
0.4107165933
0.1682836115
0.4022793472
0.1158321127
0.3821907938
0.1189552471
0.2370348573
0.0985983089
0.2473686337
0.2657167017
0.4680888355
0.4460750818
0.3862203956
0.3744556904
0.3889797628
0.2961846292
0.3357350230
0.3024562001
0.2364225090
0.3960461020
0.3209971189
0.2454029471
0.4026059210
0.3785748184
0.2528388500
0.4220216870
0.0521175340
0.2779908478
0.3084944487
0.3158273399
0.1598131061
0.4210202396
0.3591579795
0.4182107747
0.4224967659
0.3226603866
0.2548067570
0.3907436728
0.2692652047
0.0466647483
0.2723681331
0.4463929534
0.1406109929
0.4210859239
0.0442574583
0.3817334175
0.3650466502
0.2939111292
0.3263003826
0.3959580958
0.4276637137
0.1004101932
0.4220520556
0.3872533441
0.3578758538
0.3686660230
0.4123194516
0.3725149035
0.2032465935
0.5050227642
0.3750660717
0.4157028794
0.5613864660
0.3656769693
0.3589228690
0.3663313687
0.3649761081
0.5068746805
0.6741007566
0.4413135350
0.3202629983
0.3699022233
0.3683227599
0.3557233214
0.2390227318
0.4286274016
0.3476707637
0.4998315871
0.0264147129
0.2984617352
0.1234200001
0.4449882805
0.0424217172
0.4222441316
0.5089938641
0.4219724238
0.2370910794
0.0513317809
0.4377902448
0.2857018411
0.0540461056
1.0818759203
0.1778201908
0.3882144392
0.4007883966
0.1762027144
0.2999050617
0.3207527995
0.0546676144
0.3595474362
0.4140451550
0.4085497856
0.3901901245
0.4007451832
0.1348202974
0.4023065567
0.4191317558
0.3452717364
0.2274915576
0.3637157977
0.1752374172
0.5213234425
0.1347468644
0.2930949032
0.4074474573
0.6549127102
0.4088636041
0.4241235554
0.2643721700
0.4166808724
0.4101843834
0.4436779916
0.3606953621
0.3960230649
0.2840748131
0.3674897254
0.4047219157
0.4262598753
0.0437490642
0.3706665337
0.0474767461
0.3197711110
0.4222413301
0.5605390668
0.3874524534
0.3340074718
0.4160075784
0.3665274978
0.2179424167
0.0943162963
0.3527185023
0.4338943958
0.3955616057
0.0784952492
0.1103450581
0.4492297471
0.0327973180
0.5615980625
0.2597751915
0.3760165572
0.0459701680
0.0476114154
0.0348711982
0.3534503877
0.3802867234
0.4144169390
0.3919320703
0.2616340518
0.0304965079
0.0641586930
0.4030972123
0.4329485297
0.2057853192
0.2800947130
0.3280016184
0.0642582551
0.3587205708
0.2537765801
0.2893176973
0.3681409657
0.3068658710
0.1058867872
0.2969605625
0.2982168794
0.3924805522
0.3523200452
0.3719625771
0.3923088014
0.2607551217
0.3866458833
0.1994901299
0.4444998801
0.4225693941
0.4049131572
0.3192287683
0.1291116327
0.0533101112
0.3317174911
0.1745496988
0.2122453749
0.1404115260
0.3139145076
0.4164012074
0.3855543435
0.3177640736
0.3685924113
0.3914798498
0.3630383313
0.2520115674
0.2705329955
0.4053140879
0.3965822756
0.1206377596
0.3333888650
0.4284993112
0.3818658888
0.1383513957
0.3493103981
0.4065674841
0.5294160247
0.5925438404
0.3851701617
0.2508638501
0.4131019115
0.2083345056
0.3408288360
0.4042586386
0.3936761320
0.3809759021
0.3893794715
0.3134900928
0.4263970554
0.3778168559
0.4627883434
0.3385346532
0.3220249414
0.3818055391
0.3699301779
0.4464180171
0.3764866292
0.3198441863
0.1104631573
0.3283407986
0.2870584726
0.3965333402
0.0972695053
0.2163725942
0.2808103263
0.3428713083
0.3661791980
0.5941019654
0.3710701466
0.3591313064
0.4043362439
0.3406473100
0.3993728459
0.3458859026
0.2668896914
0.3987997472
0.0374256633
0.3921368122
0.1732896268
0.2919582427
0.2477227896
0.2092596442
0.3549212515
0.3608699739
0.3653442860
0.2417023331
0.4079386890
0.2900772095
0.2581746876
0.3558249176
0.3651261628
0.4169291854
0.4214487672
0.0878351629
0.3753197193
0.1873968542
0.4129454494
0.3105799258
0.3822041452
0.3282516599
0.4290675223
0.4279064238
0.2325283885
0.4092356265
0.3280698657
0.3773517013
0.3613869846
0.4047905207
0.2379212230
0.3672713041
0.3641798496
0.4561157227
0.7908113003
0.2403172553
0.3893565834
0.0907443389
0.0169366077
0.0371803381
0.2903619409
0.3469092548
0.5379443765
0.3987860680
0.4425961375
0.2819679379
0.0294179488
0.4220694602
0.2682176828
0.2222610712
0.4439938664
0.3323117495
0.0813331157
0.3771561384
0.4150510430
0.4318403304
0.2032641768
0.3143253028
0.3324162662
0.1498967558
0.2558671236
0.4605332017
0.4302642643
0.4591297805
0.3464250267
0.3630097806
0.0817083716
0.2202996910
0.1921546906
0.3710407019
0.3197292089
0.7255437970
0.1058766022
0.3813424706
0.3804809451
0.1753629744
0.4039384127
0.1863789111
0.2877480984
