0.1616518348
0.4943655729
0.0700021610
0.0985029042
0.1775869578
0.1219283864
0.2391557693
0.3401880562
0.2661826611
0.3024640977
0.1003969684
0.2465689480
0.1619262248
0.0858110487
0.1565560699
0.1333941966
0.2861045301
0.0808199197
0.1646679044
0.0944678113
0.1201657280
0.1396889836
0.1036029235
0.2486468256
0.1052305922
0.1157241985
0.1424524933
0.1750504971
0.1399651021
0.1512409449
0.1860073656
0.1009064466
0.0903251246
0.1674956530
0.2300871760
0.3060270846
0.1213100180
0.2002680898
0.2030495703
0.2210507840
0.4020384252
0.3983451426
0.1305245310
0.1421433389
0.1029009447
0.2058465630
0.1205950752
0.1802958846
0.3307480216
0.1091801226
0.1331877857
0.2045571506
0.0973145515
0.2963596284
0.0707149953
0.1163161770
0.0818912387
0.1988459378
0.1621303409
0.1046619490
0.4300956130
0.4436233640
0.1630752385
0.0908209011
0.2826571167
0.1216033027
0.2998391390
0.1829767525
0.0879083946
0.0257820804
0.1792053729
0.3108370602
0.2315178663
0.1816831976
0.0947246328
0.1869834661
0.1605178118
0.1305019706
0.0847070962
0.1528793424
0.1284936517
0.1753815114
0.0881873071
0.1558353305
0.1157106906
0.2004763931
0.1299492419
0.1096458137
0.3310153484
0.1443260610
0.0851177052
0.4567977488
0.1220698282
0.3455744386
0.1283499002
0.0235506073
0.2146773189
0.1096345782
0.3478855789
0.1569785029
0.3024852872
0.1055242792
0.1219354793
0.2112683803
0.2181459814
0.0982645899
0.3594702482
0.3308439255
0.1611901224
0.2349761128
0.1572964340
0.1786021292
0.1289144605
0.3047702610
0.1063278913
0.1306939572
0.1836128235
0.0582886301
0.0419594832
0.1287196577
0.1156576499
0.2815954387
0.1584583223
0.1757091731
0.1693637669
0.1801048219
0.4099627733
0.2133837789
0.1973944157
0.2913520634
0.1296698600
0.1658388525
0.2590390742
0.1613648236
0.1964388937
0.1414794028
0.2606980205
0.4175508022
0.0785797313
0.1963599473
0.1549233198
0.1183423027
0.0663085878
0.3374539614
0.1092467234
0.1005453020
0.2013643831
0.4271997213
0.1817952394
0.0799834132
0.2094697356
0.1734808981
0.1543947756
0.1683855206
0.3493050039
0.2622322142
0.1472697258
0.2599128485
0.1086664945
0.1665803045
0.3838944137
0.0039078286
0.1454157382
0.1891035438
0.1163282841
0.2710778415
0.1362887025
0.1502310932
0.4581194222
0.1080846339
0.1190319136
0.2687990665
0.3626599610
0.1555466801
0.1877833605
0.2132735252
0.2435985953
0.1722694635
0.1330532879
0.1492374539
0.2462673038
0.3606563509
0.2890273631
0.3043090403
0.2914945781
0.3570356369
0.1269674301
0.1432152390
0.2459859103
0.1268007308
0.2561099529
0.0693017542
0.0959110856
0.1610349119
0.2690964639
0.1384722590
0.1815234125
0.0544101000
0.0992002189
0.0723621249
0.2023507059
0.2049352080
0.4087202251
0.1810156703
0.1635136455
0.1480867118
0.1413110197
0.1710126996
0.1479057074
0.2529008389
0.1507922858
0.4501041174
0.1051309258
0.1876022071
0.1194888353
0.1667196304
0.2863546908
0.0029721840
0.3208649158
0.1035631523
0.2055032849
0.1480370164
0.1839471757
0.1314439178
0.0981328562
0.1511772722
0.2605448067
0.0946644172
0.1145904139
0.2205303460
0.1633656323
0.1921023130
0.2036641389
0.0700826272
0.1555036604
0.1617125422
0.1005758420
0.4437974095
0.0871032029
0.3326388597
0.1451462060
0.2175107449
0.2310456038
0.1821341664
0.0582658835
0.1821239591
0.2402312607
0.2083570063
0.1797386259
0.1679912508
0.1444321126
0.3109499514
0.2752310634
0.3569939733
0.2195276767
0.1136985794
0.1091355756
0.2270088643
0.0642900467
0.0800128728
0.8986595273
0.1068480089
0.1058688164
0.0690613165
0.0996831879
0.1296591610
0.0696586967
0.1508536339
0.0965578556
0.1441634297
0.1921531856
0.1677059084
0.1090493053
0.3388335109
0.0736270100
0.1611673832
0.0898555666
0.1256796867
0.1416621506
0.2563028038
0.1920358986
0.1323577762
0.1150786430
0.0821395069
0.1215982512
0.0768598914
0.1823875308
0.0526490621
0.0925116763
0.0062172888
0.1196842939
0.0778184906
0.3113300800
0.1914274096
0.1692212075
0.0922971442
0.1162476838
0.1716575176
0.2505784035
0.2060708106
0.0008002084
0.1031928807
0.2189594805
0.1168702692
0.2585959733
0.0960063934
0.1970442086
0.1367177516
0.6661481857
0.1417367011
0.2137585729
0.0905211419
0.1053478345
0.2658982277
0.3726083934
0.0883037969
0.1053977162
0.0985081047
0.1435311288
0.1724084318
0.1148490086
0.0944336802
0.2269321829
0.1084917113
0.3126679659
0.0427195989
1.0524607897
0.0844177678
0.1258534193
0.1573140919
0.0922235698
0.0499306358
0.1589299738
0.2275047749
0.0787918866
0.0789494067
0.0993287563
0.1781023741
0.0884436741
0.0913218185
0.2167649120
0.3059098423
0.1651026309
0.1456113905
0.1011673957
0.0611562058
0.1482094824
0.2754490972
0.1091282219
0.1553821415
0.1473305970
0.1250688881
0.1120009497
0.3559179008
0.2837970853
0.1003354117
0.1679467261
0.3774650395
0.1342638582
0.1262875199
0.1425907314
0.0974576920
0.1865421832
0.0992563665
0.1166000739
0.1342839450
0.2763653696
0.2267645597
0.1460634321
0.2184363157
0.0669683367
0.1363899261
0.2546624243
0.2075767666
0.3554748893
0.3211763501
0.0609722994
0.0666582659
0.1767725646
0.1305035651
0.1205895990
0.1889927834
0.1144354939
0.2149032205
0.1520388424
0.1435840428
0.1378473938
0.1824338883
0.1049311310
0.0746840164
0.1263023317
0.3516669571
0.1967584342
0.1417345554
0.1408003122
0.3805640638
0.1565263271
0.2883647084
0.1968453974
0.2058233172
0.1483849436
0.1611059457
0.1207143292
0.2615475655
1.0468958616
0.2032891214
0.2111757696
0.3420255482
0.4217928052
0.1040274054
0.2167078555
0.2515670657
0.1763684750
0.3244114816
0.2052518278
0.1273472607
0.1764200628
0.2728402615
0.3255785704
0.1564405262
0.2493787110
0.0939768702
0.1416947544
0.3654709160
0.0966137573
0.0920848921
0.1555491537
0.1188675836
0.1297960281
0.0930517837
0.1542774141
0.1864827126
0.3785704076
0.0062189177
0.1222280860
0.4154772460
0.1620465070
0.1587662995
0.0829093233
0.0553195998
0.1304340065
0.1587696522
0.1022948548
0.1382274032
0.1646383852
0.3500746191
0.3469983339
0.1094528809
0.1178917736
0.1597648412
0.0921504796
0.1565030217
0.1967885196
0.1446594000
0.3895389438
0.0904213488
0.2777307034
0.1720754206
0.1849707812
0.1057005525
0.0503513440
0.2142562121
0.0951403081
0.2969295979
0.0137458267
0.2164601535
0.0867254734
0.1274632215
0.0631067455
0.3370621204
0.1043218449
0.0308564808
0.1435412765
0.2730142176
0.1888286322
0.2082572132
0.0735585168
0.1488366276
0.1631263047
0.1458808184
0.4983722866
0.0678982064
0.1291668713
0.2958738506
0.3808570206
0.0949123129
0.0412051156
0.1240301728
0.2367198765
0.1064051613
0.1266975850
0.2226958275
0.0596436374
0.1939154565
0.0988410637
0.0776136070
0.1743401289
0.0984351411
0.0945460722
0.4150786102
0.1781859547
0.0549236350
0.1348077804
0.1286530346
0.0775732100
0.1330605000
0.1345402598
0.0688030794
0.1445734948
0.3005431592
0.1543760896
0.0820024014
0.1048716754
0.1731925309
0.0894895867
0.3183301985
0.2307069600
0.3604182005
0.3227066696
0.1130001992
0.0289106425
0.1957248151
0.3096818626
0.2208317220
0.0857390836
0.1239916310
0.1577221155
0.2108733803
0.2562085390
0.1346864402
0.2201188803
0.0849674121
0.1192387268
0.1078443155
0.1430125833
0.3326511085
0.1209838912
0.3988275826
0.0544789769
0.1758382171
0.1019142047
0.1574466527
0.2347701788
0.1994492859
0.1472230256
0.0952559486
0.1720580608
0.1082451642
0.1748709232
0.1403540373
0.3244402707
0.1774007082
0.6048467159
0.3212991953
0.1339811087
0.1274385750
0.1742887944
0.2523524761
0.1310433000
0.1121249720
0.1437170655
0.1556219757
0.1786114275
0.1588051766
0.1422575712
0.2568901181
0.2284597754
0.1619480997
0.1941840649
0.2144049257
0.2201747149
0.2758468091
0.0904693231
0.1854047030
0.4159069061
0.1107111722
0.3597004414
0.3017176986
0.1626799852
0.3225155771
0.0935364366
0.1684787422
0.2193420827
0.1347752362
0.2497730255
0.1081496701
0.1269114614
0.2449941188
0.1455866396
0.1102864072
0.1808322370
0.1720624417
0.1230586320
0.3301399350
0.0951567516
0.2660249770
0.2380412072
0.1042671129
0.1852923483
0.2230701894
0.1075534523
0.1003452688
0.3631757796
0.1720570922
0.3951308429
0.1060579270
0.1387227476
0.0973329842
0.3816736937
0.0863607079
0.2156931758
0.1148204505
0.0921847820
0.1729424894
0.2066973150
0.3190435171
0.1188027114
0.1557574421
0.1073509231
0.0326257385
0.1991787851
0.1525651515
0.1112164855
0.0914835557
0.3796197474
0.1004067287
0.1358091086
0.2521137297
0.0853211582
0.0631600246
0.1841112971
0.1579001397
0.1978979260
0.1943314224
0.1104810089
0.1787500679
0.0684466958
0.6830978990
0.3528778255
0.1903426796
0.2009967715
0.2933518887
0.0941350311
0.1178801954
0.2180461586
0.3486570418
0.4555546045
0.3823513687
0.2269538492
0.1070874184
0.1603564620
0.2041736245
0.1253816783
0.1844611913
0.0923533067
0.1243268996
0.1315704882
0.1318006366
0.3133609295
0.4776028693
0.1267443597
0.1553328186
0.1203371063
0.2270034701
0.1811167300
0.1632260978
0.0807000250
0.2364399880
0.2058755308
0.1741358489
0.2068888396
0.1132567748
0.1883905828
0.0968256667
0.3090490401
0.1532154828
0.3472186029
0.1987931281
0.1416911781
0.1845148653
0.1305109560
0.3265324533
0.1431562454
0.1017106175
0.0817253962
0.4192292392
0.1465358436
0.1562082022
0.0790209845
0.4373219907
0.1765408367
0.1324954778
0.1484057903
0.2040203065
0.2430268079
0.1353507191
0.1383699477
0.1931828260
0.1923192739
0.2676839828
0.1119803935
0.0850923732
0.1509467959
0.1430864185
0.5701484680
0.0792563409
0.1222650707
0.1331218034
0.0970714837
0.1594975889
0.4163682461
0.0851124078
0.0907960460
0.1473259032
0.1747768223
0.1282995045
0.1218887493
0.1680197716
0.5308550000
0.1440245062
0.0848735869
0.5725724101
0.1044008583
0.1137505248
0.1329541653
0.3224321008
0.3732430935
0.0960975140
0.2066730857
0.1146754548
0.1730070114
0.0925902501
0.1682089567
0.2402470857
0.1354905814
0.1802251488
0.1062306538
0.1089072302
0.0029227487
0.1425240040
0.2403297871
0.0259901267
0.1265458763
0.1708314568
0.3244213760
0.2336216420
0.1891324371
0.2414378375
0.0306257699
0.2384492010
0.2105977535
0.2188012153
0.8286877871
0.2597462833
0.2033403367
0.1117265075
0.0477263480
0.1153510883
0.1800966710
0.3157759011
0.1055614427
0.0722085387
0.1444104016
0.4013771117
0.1423084140
0.1115492880
0.3765139580
0.0999019966
