0.2125246525
0.2319375426
0.2343908101
0.2648090124
0.2953189015
0.2147652805
0.2396341413
0.2092757970
0.2224679589
0.2088702321
0.2566872239
0.2846318781
0.1503350288
0.2815360725
0.3651784360
0.1982971579
0.5227405429
0.2550483644
0.1431213766
0.3468710780
0.3829554915
0.2796768248
0.1804826856
0.2429726273
0.1637132019
0.3551421463
0.2430914044
0.2374553382
0.2445918620
0.2436867207
0.2838517129
0.2339410931
0.2410671562
0.1875260323
0.2306124121
0.2505578697
0.2683888376
0.5033687353
0.2008640617
0.1811218411
0.2584567964
0.2258261740
0.4148517251
0.1640920490
0.1820577085
0.2654888630
0.2560877204
0.1051947251
0.2267006040
0.2575880587
0.2782596648
0.3333214521
0.2362454534
0.2076482922
0.2825361490
0.2984971702
0.1077202335
0.1674809754
0.2508138418
0.1517157257
0.1742822230
0.2554603219
0.3684323430
0.2715259790
0.1354603171
0.3306904137
0.2014019936
0.1316753924
0.3471845090
0.2346510738
0.1639046222
0.2376869619
0.2201250345
0.2546989322
0.3004765213
0.1842099130
0.1139906347
0.3178920150
0.4935890138
0.4960479736
0.4398918748
0.1883524656
0.3995113373
0.2536880374
0.2732839584
0.1911160797
0.1960930228
0.2138856798
0.1346259713
0.2382463664
0.1940973103
0.3574815392
0.3270494640
0.1601869613
0.1772307456
0.3685940206
0.2837701738
0.1652488410
0.2778469920
0.2216608375
0.2885334194
0.2714951634
0.3171132505
0.2429077476
0.2210465074
0.1795509458
0.2139572948
0.1063616127
0.2654975653
0.4751099646
0.2031509578
0.1802200973
0.2549063861
0.2244042754
0.1852366924
0.1852605343
0.3256585598
0.2349558324
0.2560450435
0.1757934093
0.3619222343
0.2852611244
0.2254783213
0.0711018294
0.2806757987
0.1906925738
0.2621732354
0.2599739134
0.2434010506
0.2053061277
0.2124318182
0.0706630051
0.5915167332
0.5538245440
0.3129452169
0.3199943006
0.2232081443
0.1772144288
0.2275023758
0.2384812087
0.5014410019
0.1834663749
0.2444692403
0.5406475067
0.2282094061
0.2174631953
0.2419074625
0.3081225753
0.2625148594
0.1900074333
0.2197420299
0.1714704037
0.3857331276
0.2552978694
0.2456749380
0.2808098793
0.1980756223
0.1362039149
0.1687722355
0.3576304018
0.2944856882
0.2413425148
0.1486294717
0.3680762649
0.1632147282
0.1342054456
0.3181831241
0.5257611275
0.2019293308
0.2481578439
0.3158769310
0.1864199787
0.2767655551
0.2264844179
0.2020433992
0.1860164404
0.2365555465
0.1933760941
0.2449492067
0.3496797979
0.2231924385
0.3531704545
0.3952613771
0.2301767319
0.3565654159
0.1337265521
0.2475079447
0.2127367854
0.2097043395
0.1912019998
0.2415736765
0.2698448896
0.2011418492
0.1729647070
0.1853985637
0.1896307617
0.3252502084
0.1096200272
0.4351605177
0.4267072380
0.2293773741
0.2365365177
0.2919842005
0.2520965040
0.2438210398
0.3359140754
0.1517581791
0.2834900320
0.2092943490
0.2113804668
0.2247846276
0.2217328101
0.2652352750
0.2795939147
0.1886786073
0.2551614642
0.3799825907
0.1714899391
0.2201604396
0.2545182109
0.1775579304
0.2360063642
0.2578612566
0.2206600606
0.3256311119
0.1088825613
0.1847018003
0.1512213498
0.2148062587
0.3936024010
0.2549921870
0.3087404370
0.2585983872
0.2455710471
0.2419273406
0.4452953339
0.1902295798
0.2369801253
0.2237634212
0.1277504861
0.1343627125
0.2594358623
0.2150965184
0.2186798006
0.3040852845
0.1429998279
0.1927235872
0.2268335074
0.2939240038
0.2773440778
0.2895226181
0.1878610253
0.1863657981
0.5027844906
0.2512915730
0.2294279337
0.2621868253
0.2736700177
0.2952283919
0.1826729774
0.2442524135
0.3056997061
0.1737766564
0.2063218504
0.1476919800
0.2700487077
0.2548431456
0.1963445544
0.2834721804
0.2300128192
0.2869938612
0.1498754323
0.2420600504
0.1857518107
0.2710169554
0.2523482144
0.1850064248
0.2081506401
0.3833600283
0.2680153847
0.3235614896
0.2138779759
0.4901800156
0.1597098112
0.1552633792
0.2114919275
0.1754843444
0.2055106014
0.2574207485
0.1732628644
0.3338700831
0.1981212646
0.1647379100
0.2905687690
0.1507932097
0.4554183483
0.1671631932
0.1840628386
0.2309103310
0.3454397023
0.4003058970
0.0687253997
0.2042229325
0.2208379358
0.2862140536
0.1420608759
0.1515543312
0.1585415453
0.2896190584
0.3805599511
0.1592333913
0.3031254411
0.2480789572
0.2222838402
0.1432538927
0.3137868643
0.1968150884
0.2726532221
0.1986683458
0.2455268800
0.2796056569
0.2410310954
0.1707673371
0.2325496376
0.3462682068
0.2667252123
0.1790765822
0.2145627141
0.2104402333
0.2210584283
0.1773661673
0.2503386438
0.1688660234
0.2049875706
0.2009671032
0.0934037194
0.2426831722
0.4345506728
0.2322676927
0.3521425426
0.1967452019
0.1946721077
0.3163451552
0.2903450429
0.3430958986
0.1380779296
0.4206741452
0.3995965719
0.2114753723
0.1228320152
0.2120832056
0.2773329616
0.2879383564
0.0890219435
0.1845411211
0.2400676161
0.2503333688
0.2688828111
0.0920211300
0.2223270386
0.2314061522
0.1160777211
0.2722843289
0.1797989160
0.1857055575
0.4142802954
0.2107641697
0.2973048687
0.2317901999
0.2587311566
0.3009387851
0.2461724281
0.3540189266
0.2971567810
0.1909431815
0.2296411842
0.2512162328
0.2019441724
0.2285961062
0.2421371341
0.1120712087
0.5248458982
0.3031892478
0.1383613944
0.2098687440
0.2156682760
0.1827343553
0.1978429258
0.4204237461
0.2575348616
0.2933140099
0.2294069231
0.3561325073
0.2640915513
0.2691374719
0.3144554198
0.1876986176
0.4040062726
0.2629926801
0.4804939926
0.3040233850
0.1605305225
0.2424507290
0.2666293383
0.1917079687
0.5238831043
0.2173540294
0.1901148558
0.3194989860
0.2054545134
0.2910454869
0.1557671875
0.2417678088
0.2277201414
0.2570530772
0.1940627843
0.1548500806
0.3448546529
0.1262788177
0.3010503352
0.4889245927
0.2589866221
0.3520342112
0.3883584738
0.2524414062
0.2920044959
0.1094801202
0.1996373534
0.1696794033
0.2550380528
0.1691317111
0.2072227895
0.2169905454
0.2653438449
0.1682397574
0.2032920420
0.2934114337
0.2473964095
0.3353682458
0.1549409777
0.2654446065
0.1965073198
0.2599737942
0.1388022453
0.1284268945
0.2123450786
0.2249040753
0.1717463136
0.1466952413
0.2508990169
0.3428887129
0.1500943303
0.3371471465
0.2590816617
0.3793274760
0.2537551224
0.4963810742
0.1156672686
0.2207097560
0.2125305086
0.3991663754
0.3232695758
0.1597044170
0.4890191853
0.2161020935
0.2317264080
0.1994121075
0.4394083023
0.3716052175
0.2461733073
0.2202113867
0.2408400774
0.2623752356
0.2668740153
0.2402539849
0.2053824067
0.3025131822
0.2303240895
0.2352287471
0.2240296751
0.1655724049
0.2484883964
0.1105062887
0.2861306071
0.2789232731
0.5004091263
0.2357794493
0.2591773868
0.2441083342
0.2971803546
0.1927811652
0.1533792764
0.1118714586
0.2578585446
0.2341217101
0.3135595620
0.2306181639
0.1938670874
0.2283186018
0.2736328542
0.1635028571
0.2171032429
0.2459310442
0.1505344510
0.2448444963
0.2029452920
0.3869913220
0.1804357767
0.1824091971
0.2917112708
0.2280820012
0.1956437081
0.1600140184
0.2209470421
0.2362253964
0.1261520982
0.1910693645
0.1836280972
0.1878992021
0.0990132913
0.2001400441
0.4717574418
0.3012079000
0.2657253742
0.2388772815
0.3311618567
0.2233302593
0.2426127493
0.2656052113
0.2401626110
0.2713056803
0.1850402057
0.1547567248
0.2595950067
0.2473447770
0.2437507510
0.2146998942
0.1817303300
0.6127176881
0.1765750498
0.2133149952
0.1521864682
0.2761886120
0.3697203994
0.1949533969
0.2599533498
0.0996946543
0.2636958361
0.1949965507
0.1773165613
0.0926214978
0.2468335629
0.2280633748
0.5047325492
0.2271684557
0.4594664872
0.1158908531
0.2816192508
0.1795200557
0.1290418059
0.2114617527
0.1899896860
0.2977187335
0.1629637331
0.3689259291
0.1954951286
0.2745002806
0.2178157568
0.1330000162
0.2893115282
0.2143253833
0.2445506603
0.2917718589
0.2299855500
0.5231516957
0.1164987013
0.1627317965
0.3264276981
0.1103140563
0.1645984501
0.2306193411
0.3060567975
0.1722362936
0.5433093309
0.2637306750
0.2639239430
0.2914923429
0.2460517734
0.3180473149
0.2945236266
0.2195584923
0.2350978255
0.3232312202
0.2463746220
0.1571637243
0.4326650202
0.2081871927
0.2343441695
0.3215268254
0.2234159410
0.1862410903
0.2203522474
0.2506176233
0.2558068335
0.4498071671
0.2378109843
0.1491697580
0.2061971873
0.2482992709
0.1840029210
0.2123024017
0.2106571048
0.1209266782
0.5135464072
0.5120106936
0.3652778268
0.2007902563
0.2095573992
0.3744743466
0.2112923115
0.2817159891
0.2509590089
0.2020944953
0.2356791943
0.2480445355
0.5023310781
0.2433116734
0.1675268859
0.2118526846
0.3173440397
0.1864207387
0.2377366722
0.2290769964
0.2094214261
0.2662191987
0.2099269778
0.2452529073
0.4520783424
0.2506748140
0.2278425992
0.1682038307
0.1982244253
0.2651523650
0.3339497149
0.2124902755
0.1893507242
0.1935025603
0.2298626453
0.2316579968
0.2753100097
0.2709906697
0.2831549942
0.3636854887
0.1808682233
0.2020646185
0.2143113613
0.2235963047
0.2263788879
0.4479398727
0.1929843724
0.1339464635
0.1255864799
0.4263535440
0.4089488387
0.2441218942
0.2632550597
0.2950019240
0.1934380829
0.2796970010
0.1874857545
0.2935984731
0.1084233671
0.2142009288
0.1794711947
0.1598892361
0.2665993273
0.4573287368
0.1619242579
0.2549769580
0.2850987315
0.2199919522
0.2324865609
0.2092175037
0.1907704920
0.0921122208
0.1014104486
0.4474109411
0.1920400858
0.2021595836
0.3343930840
0.3448228836
0.2710063457
0.3460620642
0.0942563415
0.2299689651
0.1504535228
0.2377146184
0.2232959419
0.2833086252
0.3894864619
0.2009611577
0.2544549704
0.3518844843
0.6029045582
0.3222217560
0.1367057413
0.1993335038
0.2110196203
0.1653993726
0.3827985525
0.1304713190
0.2511700392
0.2149835974
0.2108714432
0.1737228930
0.2705841660
0.2583976686
0.2549231648
0.6249508262
0.2752374113
0.1336653382
0.1963683963
0.2660061419
0.2206868082
0.1606994718
0.1941198856
0.1557141393
0.2382756174
0.1706437171
0.2365947664
0.2634452879
0.2368580997
0.2011331916
0.2287664860
0.3893494308
0.2554909289
0.2224771231
0.2008057386
0.2356024384
0.2512559891
0.2280156016
0.2652824223
0.2063268423
0.5313154459
0.2490664572
0.1102797762
0.2498645782
0.2764908671
0.2200136185
0.2372868061
0.2044831514
0.2173820585
0.2302056998
0.3593789041
0.3638544083
0.3926413655
0.1180727258
0.2341477722
0.2580254078
0.1895782650
0.2101008743
0.5324342251
0.2874348164
0.1759222448
0.2384809405
0.2037634850
0.2287688255
0.3511192799
