0.0396582000
0.1353279203
0.0565704890
0.0504774787
0.2347389907
0.1365616173
0.0671537742
0.0419728793
0.1972243935
0.0405103005
0.1500807405
0.0623365976
0.0415077284
0.1110786349
0.0772597566
0.1947521716
0.0830967501
0.0612752549
0.0319062695
0.1015990153
0.0980879664
0.0642351434
0.0726349205
0.4644967318
0.0986477360
0.0483016595
0.0940318406
0.0938240886
0.1202930361
0.1009049639
0.0404326506
0.0507259108
0.0737539083
0.0428561158
0.1441388130
0.1324557811
0.0646242723
0.1008079275
0.0220246930
0.0693595484
0.0698703751
0.2841898203
0.0705098659
0.0991330445
0.0557984486
0.1095032692
0.0605975911
0.0530717187
0.1086191386
0.0765740350
0.1036176980
0.1124275699
0.1067526415
0.0891306847
0.0584204830
0.0621098280
0.0988045633
0.1566768587
0.1536135823
0.0616003312
0.1087751389
0.1232239902
0.0452378467
0.1290056407
0.1208931878
0.0571399257
0.1355194300
0.2107908875
0.1816322953
0.1024741158
0.2892919183
0.1330466419
0.0531948358
0.0601023100
0.2419523448
0.0719288588
0.0328749716
0.0987420157
0.0538427196
0.0783035755
0.0566602014
0.0380123518
0.0774161369
0.0954032019
0.1576542407
0.0755041167
0.0701762810
0.0698441416
0.0514426157
0.0487055853
0.1144243926
0.0682735518
0.0635835230
0.0611689538
0.2247620672
0.0325482674
0.0042625843
0.0994774923
1.1807810068
0.1214495078
0.0047370261
0.0667420253
0.0757312402
0.1043087095
0.1397239268
0.1429832578
0.2002446949
0.0820937604
0.0574359223
0.2595597506
0.0954671279
0.1033716276
0.0011419782
0.1385737807
0.1013081744
0.0778405443
0.1662920415
0.1185973361
0.1227240264
0.1290770322
0.0956323296
0.1653314978
0.4202223718
0.0406752713
0.3422728181
0.1252205223
0.1300362945
0.1823174655
0.0326178744
0.1417364329
0.1280100495
0.1280641109
0.5399861336
0.2729889452
0.1298361570
0.1531281918
0.0607225075
0.0698763654
0.0984296873
0.1337682605
0.0773239210
0.1826874316
0.0488157608
0.2173029929
0.1314994693
0.1002531722
0.0333805755
0.1971271634
0.4435301721
0.1722764224
0.0948419422
0.0770574734
0.2105105966
0.0796873644
0.0763739273
0.0446075499
0.0690199062
0.0979576856
0.2028743178
0.0712167993
0.0725192204
0.1448246539
0.0511005223
0.1482684314
0.1998965740
0.0874227136
0.0532896444
0.0832825899
0.1998489946
0.1267802715
0.1503414214
0.0523711257
0.1281435639
0.1648273766
0.0699118674
0.0248114802
0.1718711406
0.0497850627
0.0989473164
0.0707446411
0.1011565626
0.2550495267
0.0874891207
0.0557728782
0.0689000860
0.4347774982
0.2034570128
0.3162352145
0.1090799496
0.0771375969
0.1014002264
0.0843647122
0.0545279123
0.0440444946
0.2476045787
0.0862087235
0.0507908277
0.1104122922
0.1088536605
0.1942247748
0.0416656025
0.0520893447
0.0951893404
0.0988592505
0.0840656385
0.1047759056
0.0131168049
0.2368057817
0.1864691228
0.0723274052
0.0840584561
0.0678988546
0.0629827902
0.1465360075
0.0231519379
0.0293004457
0.1324540526
0.0681473315
0.0668410882
0.0365517586
0.0728723183
0.1243200898
0.0763113424
0.0248038210
0.0941426009
0.0714636147
0.0693791881
0.0704263151
0.2175489962
0.1032822207
0.0512569323
0.0612908788
0.1260965616
0.1314681172
0.0833076239
0.2497820854
0.0808820724
0.0759641677
0.1045851558
0.0456806757
0.1097311974
0.0596284680
0.0589263141
0.0800387859
0.0970826894
0.1083250195
0.6196966767
0.0822195858
0.0919789597
0.1304939091
0.0784965158
0.3215140402
0.0439002402
0.0594081767
0.2024652809
0.1798320413
0.0982924253
0.1004936025
0.0756391287
0.0768094584
0.0508880131
0.0063222270
0.1130734980
0.0180712920
0.0117586693
0.0456263311
0.0652316287
0.0483336933
0.1293055862
0.0801426768
0.0718117207
0.0923304930
0.0682673827
0.0551136918
0.0601475053
0.0511170477
0.0406545512
0.0398489721
0.1090748757
0.0754395947
0.0923735276
0.1178137735
0.1481348723
0.0646675900
0.0503480993
0.1019298136
0.0906430632
0.1199862361
0.1403273791
0.0244493671
0.0556178614
0.1028892100
0.1139450893
0.0099140406
0.1063854471
0.0049737250
0.0660217926
0.1415774673
0.0470985696
0.1054513976
0.0697131902
0.0954537019
0.1155009195
0.0797803625
0.5471735001
0.0632772222
0.0493799895
0.0144508909
0.1514969617
0.0948875844
0.0396580137
0.0857096463
0.0010885696
0.0715343356
0.1511028111
0.0604379885
0.1040137783
4.1909232140
0.0891407505
0.0405595154
0.1475087553
0.0956579894
0.0302999709
0.0362733826
0.1011351272
0.0695575103
0.1585660130
0.0276718996
0.0372237861
0.1210800335
0.0733032152
0.0838808715
0.1717008203
0.1153299138
0.0526618958
0.1055633947
0.0847579092
0.1141640618
0.0086302962
0.0723960474
0.0535302646
0.1736086607
0.1079437062
0.1787915379
0.0495801978
0.1121981964
0.1674309075
0.0244428199
0.0416777581
0.0470791273
0.0104887346
0.1343413293
0.2281638384
0.1229546294
0.0445862487
0.2161246687
0.0864434838
0.0465724766
0.0019192812
0.1254200637
0.0586542822
0.1555950195
0.2707209289
0.0297851674
0.0441421680
0.0532626919
0.1049002185
0.1425386220
0.3738927245
0.5612924695
0.0240668412
0.1547789276
0.0815473273
0.0899353251
0.1100051105
0.0870217532
0.0513653718
0.0768747181
0.1073201746
0.0890644491
0.0527893081
0.0837648585
0.0881967396
0.1135025695
0.1187268198
0.1001263484
0.6855391860
0.4227762222
0.0375806727
0.0873950124
0.0730959475
0.1146374866
0.1128279045
0.1558097899
0.1012967974
0.0548232980
0.1078434736
0.1079913303
0.1547125429
0.0656334460
0.0447945371
0.1181616560
0.1324876398
0.1616619229
0.0865141153
0.0662211627
0.1041052416
0.0428971015
0.0172789060
0.0776500851
0.0786313862
0.1130437925
0.0354780369
0.0573364533
0.1015074328
0.0638769194
0.0972288251
0.0798535645
0.0871453136
0.1609282792
0.2235669643
0.1292204410
0.0935334191
0.0415344574
0.1018722951
0.1004696712
0.0321554020
0.0917481706
0.3961883485
0.0850427449
0.0795035660
0.0481672511
0.1041658968
0.0315283723
0.0661570877
0.0265145712
0.0863939077
0.0192989018
0.0701640099
0.0371171758
0.0933389440
0.0563604906
0.1979327053
0.0764768124
0.6364271045
0.1157244295
0.0810901001
0.0823563486
0.2013254166
0.1144086272
0.0333509296
0.0350061469
0.0286695752
0.1041006818
0.1021614671
0.0466867946
0.0453057662
0.1447635442
0.0090391785
0.0437607057
0.0863209590
0.1220574975
0.1633288115
0.1406549215
0.0966219530
0.3066563308
0.0413468517
0.1719476879
0.0012934523
0.0743721724
0.0444063842
0.2260481417
0.0781754181
0.0997433364
0.1027267650
0.1422957033
0.1207104847
0.1032086760
0.2326309830
0.0601181090
0.1042886004
0.0756491274
0.0756061152
0.4448936880
0.2020002902
0.0354001001
0.0651012808
0.1262481660
0.0822703540
0.0566329882
0.0593316443
0.1165266335
0.0606933087
0.0712944716
0.1267054230
0.0376320742
0.0501426347
0.0261585657
0.0176587682
0.0609948076
3.0832653046
0.0690620020
0.0788516551
0.1333739907
0.1408796906
0.1300965995
0.0797967017
0.1301571131
0.1582698524
0.0493687168
0.0236064959
0.0600708090
0.0439534634
0.0577725619
0.0726586208
0.1590902358
0.1478374302
0.1670023799
0.1556485742
0.0771701410
0.0549497493
0.2473309040
0.0760544688
0.0675654858
0.0539091080
0.1043843329
0.0700033233
0.1133214161
0.0853488892
0.0517932773
0.0956085920
0.0396114402
0.0481139682
0.1113230661
0.1030938849
0.0778908655
0.0468152799
0.1006671637
0.1690152138
0.0683232844
0.0740605146
0.0146321999
0.0444107987
0.1668500751
0.1142129004
0.0473997220
0.0139559936
0.0428913869
0.0620152950
5.6859884262
0.1056257486
0.1185314283
0.0948321521
0.1099527180
0.1265414059
0.0475022830
0.1148587391
0.0557179637
0.1020471826
0.0381609537
0.1737393588
0.1076143309
0.3617214561
0.0910727233
0.0978941396
0.2126323283
0.0351372883
0.0516697392
0.1040176526
0.0110175489
0.0946096629
0.0502908230
0.0546695068
0.1048524380
0.2319078445
0.0631964877
0.1522434652
0.0331601948
0.0226744302
0.0802295431
0.0512288921
0.0363484882
0.0849149600
0.0482600033
0.1627949327
1.3650856018
0.0470037721
0.0672223121
0.0573395826
0.1304288656
0.1949207187
0.1969894171
5.1656250954
0.2961458862
0.1183643416
0.1154980659
0.0626247823
0.0628772601
0.0971328914
0.0040013269
0.1672856361
0.1349540949
0.0993851721
0.0567785576
0.0203249585
0.1079575494
0.1007375866
0.1501159966
0.0481231026
0.1107858792
0.0552277640
3.5550441742
0.0853614807
0.3310885131
0.0011510054
0.0519577265
0.0553140938
0.1005525813
0.1252855659
0.0392993242
0.0545190573
0.1011161134
0.0553769805
0.0850188658
0.2048821002
0.0848632082
0.0866260454
0.0436975025
0.0202218723
0.1863176823
0.0746218339
0.0194847267
0.1039231271
0.0424680486
0.1339785457
0.0495011508
0.0242965128
0.1147414595
0.3158159554
0.1432439685
0.0936671421
0.0643456429
0.1110087112
0.2891470194
0.0741147697
0.2221153975
0.0498157442
0.3246625662
0.0817783326
0.0608075894
0.0865394324
0.0616154820
0.0958483666
0.0763860121
0.0334554799
0.1779672951
0.0500380769
0.3532015681
0.0473363362
0.2247370034
0.0633298159
0.0434218831
0.1105553210
0.0424202643
0.0312196650
0.0479360037
0.0659657717
0.0662420020
0.1399291903
0.1904123724
0.0557543486
0.0489049591
0.1181086153
0.1878959835
0.0651838481
0.1654439270
0.1593321413
0.1745764911
0.1020647958
0.1772463471
0.0312623717
0.0270001590
0.0780207813
0.0909277722
0.1037249193
0.0340390094
0.0917314887
0.0173502509
0.0870749131
0.1452949792
0.0037899632
0.0107019274
0.0909413248
0.0923147649
0.1084045246
0.1117657572
0.0036964589
0.1682780236
0.0379670896
0.1574966162
0.5942507386
0.0441871956
0.1018636823
0.0114602344
0.0795465335
0.0928416401
0.1012464240
0.0734666884
0.0687208250
0.1094186977
0.0761460215
0.1669200510
0.1543883681
0.1070076823
0.0531650446
0.1089230925
0.1001847908
0.0488220565
0.0436683632
0.0849844366
0.1047607288
0.0982771143
0.2595584691
6.5428533554
0.2269428521
0.0315482691
0.0933620557
0.0855932236
1.5013147593
0.0893551856
0.1153464690
0.1309175640
0.0767454952
0.0452462509
0.1728975922
0.0984826013
0.0441517681
0.1773931086
0.1226330474
0.0512455516
3.0294115543
0.0504645519
0.0959970355
0.1887939423
0.1904849261
0.1038563699
0.1825081855
0.1047681123
0.1085050851
0.0831528306
0.0356568359
0.0032829950
0.1388579160
0.0879166275
0.0828634948
0.0994097739
0.1514317095
0.1074486598
0.0738293305
0.1334226578
0.0037325611
0.1271370798
0.0830804333
0.0948593915
0.0640238374
0.1012479588
0.1124726608
0.0923243165
