0.1287842095
0.0180727076
0.0637186244
0.1012639552
0.0428905971
0.2470503002
0.0039660805
0.1650460362
0.3724672794
0.1322014034
0.3722385466
0.0079047522
0.0635471195
0.1800716668
0.2727326453
0.3280813694
0.1806697249
0.0125926929
0.1393339783
0.7053827643
0.0191269554
0.1194475964
0.0873269662
0.2830893397
0.1153147668
0.2883476317
0.1200836673
0.0150147993
0.1008972079
0.0399548374
0.0974270999
0.3073443770
0.0966935009
0.1195417717
0.0285494011
0.0484325513
0.3582791686
0.1251744479
0.1752648056
0.1282768250
0.1528465301
0.0761136189
0.1489848197
0.0710756555
0.1470469534
0.0194748547
0.8980759382
0.1429432482
0.0356817730
0.1419972628
0.3011424541
0.2336785793
0.0031317633
0.2590950727
0.1194971949
0.0497796163
0.0257502981
0.2824393213
0.2049611956
0.1583715528
0.2576631308
0.0377077796
0.1015068889
0.0180650428
0.0278059356
0.1237084195
0.0247153956
0.1004833430
0.2799607217
0.1807209253
0.2136114389
0.3019602895
0.2044146657
0.0230788514
0.2983583510
0.1940318942
0.1860319525
0.0909738839
0.1540782154
0.0507464409
0.1706232876
0.1903809160
0.1004945189
0.0446104817
0.3712609112
0.1782387346
0.0575216487
0.2146169692
0.1827817261
0.0295653436
0.1415118128
0.0421564132
0.0242460333
0.0037560514
0.0145575628
0.1311105341
0.0107623674
0.0597062372
0.6242068410
0.2956556678
0.0784984604
0.2201505601
0.1189130023
0.2580617964
0.0212546568
0.2213750631
0.2332401574
0.1882330626
0.2042102963
0.2913676202
0.1062886938
0.0503438078
0.0461813398
0.5766828656
0.0265361108
0.1327373981
0.0109077068
0.1751675457
0.1663462669
0.1164679751
0.2673762441
0.3541287780
0.1308212131
0.0971757025
0.0874723494
0.0167859327
0.0173636675
0.3735493422
0.0689862221
0.2999886274
0.1514351517
0.0219386537
0.9478718638
0.4380469322
0.0402071811
0.0921160281
0.1844705492
0.0868302137
0.0648060217
0.0418889038
0.1112863943
0.1616771072
0.1452608556
0.0278120488
0.5551375151
0.1442021728
0.0157309864
0.2117553055
0.6117472053
0.2283891886
0.0168948025
0.0966824219
0.4537704587
0.0929781273
0.0523119718
0.1273433268
0.1165236980
0.0374626890
0.2947325706
0.1714020073
0.0322404280
0.1962687820
0.1924008727
0.1919010729
0.4737153649
0.0889659971
0.1666988283
0.2340240031
0.0570394509
0.0493516959
0.0865573809
0.2525310218
0.1815029979
0.2781049609
0.1816930771
0.1753803194
0.7372970581
0.1920932084
0.0321518816
0.3543748856
0.0746664479
0.1421019882
0.0734203607
0.3268020153
0.1053784341
0.1801973879
0.3520842791
0.0230209064
0.0287542883
0.2364256382
0.2696912289
0.1501350403
0.1351120919
0.0283234343
0.0581949726
0.2347185314
0.2742478848
0.0530500822
0.3233044744
0.1108794436
0.1350011379
0.0265114326
0.2432751656
0.0451773740
0.0129496614
0.2196206748
0.1287931353
0.2240045369
0.0249750689
0.0394736677
0.1320486218
0.1347607970
0.1254354715
0.6398485303
0.1669732034
0.1264467984
0.0278997179
0.1953276992
0.1664789915
0.1960152537
0.1691171825
0.4065693617
0.1452501267
0.0333761238
0.0462903157
0.1086113378
0.1765969843
0.1768846512
0.3281590044
0.2684969008
0.1259233356
0.0918822214
0.2257037163
0.4853194952
0.0825215280
0.1667969227
0.0457547009
0.1892823279
0.1340156496
0.1694604456
0.0159328766
0.1410402209
0.1455530524
0.0852022618
0.3159219921
0.0168318450
0.0637641698
0.0421510376
0.1230651960
0.0553414375
0.2351911962
0.2136688828
0.1894969493
0.2807765901
0.0283207279
0.1506179124
0.0673373193
0.0686744973
0.0363758057
0.0906220973
0.2514964640
0.0467314012
0.0339446813
0.0803233832
0.1851291656
0.2139119506
0.0810832605
0.2019120455
0.3835240602
0.1005980000
0.0348714367
0.1043902040
0.1036048681
0.1283503622
0.1683211476
0.1356185079
0.3364415169
0.2248142362
0.2815740108
0.0610533617
0.2793170810
0.0114844376
0.0722591430
0.2174454629
0.1482921690
0.8431517482
0.0830000639
0.2415225208
0.0210113376
0.1228083596
0.1556332707
0.0184003767
0.0738666430
0.0467294157
0.0166071001
0.1035195142
0.0442560837
0.6483834982
0.1088109612
0.1710083485
0.0153568890
0.0732822642
0.0456920154
0.1757411659
0.3663478494
0.1239737049
0.2227453887
0.1593540460
0.0169061664
0.1163698137
0.1213974506
0.0284069069
0.1284053326
0.1190822199
0.0143096419
0.1729379743
0.0570377074
0.4569180906
0.2526038289
0.1722198427
0.3219223022
0.0403801240
0.1384499818
0.1225963831
0.1511680037
0.2167802900
0.0274400134
0.0484232195
0.1716931462
0.2033362091
0.0970118940
0.0806916505
0.2705476880
0.0170975067
0.3490895331
0.3099013865
0.0690175965
0.0332497247
0.1299215108
0.0457071364
0.3071336746
0.3277643323
0.0208961852
0.2619086802
0.2138588130
0.0439623967
0.3852858543
0.1257071048
0.1560567617
0.1591350585
0.0208418965
1.0921753645
0.3082758486
0.1597163975
0.1860434413
0.1210431531
0.0997255147
0.5650976300
0.0401494466
0.1081451252
0.2475594729
0.0253576878
0.3883771300
0.1178940237
0.1670225859
0.1176982746
0.1005620658
0.0362850577
0.7931345701
0.3669316769
0.1556899101
0.0833548382
0.1170744151
0.1608920246
0.0274531264
0.0357475393
0.1943980902
0.2902766466
0.1677569896
0.1893031746
0.2055681497
0.0440671369
0.2674767673
0.0665062070
0.0877231136
0.1303215474
0.2835388482
0.1186880246
0.1400402188
0.1729932278
0.0362763852
0.0319744684
0.0850054249
0.1741036624
0.0048700930
0.0709831044
0.0393032730
0.0202975124
0.0521102473
0.1900218576
0.1399189532
0.1065180078
0.1838008910
0.0254977457
0.0395721197
0.0963784158
0.0407829210
0.1552614570
0.1892613173
0.1290754676
0.1197703034
0.0252806470
0.1823005378
0.1379673183
0.0325879343
0.2837565839
0.1179195121
0.1376402825
0.1588854492
0.3810822666
0.1009752527
0.0360140093
0.1338295490
0.1424357295
0.0251290221
0.0514400192
0.1621416211
0.0320552774
0.2271221727
0.2613341212
0.1567355543
0.3200269639
0.0417095982
0.1497578174
0.1405358762
0.1502952874
0.0647994950
0.1788689047
0.1254835427
0.2327803522
0.0250755847
0.1729529351
0.4799757004
0.1787857413
0.3065683246
0.2325935364
0.1552439630
0.0091671366
0.4740605354
0.1389076114
0.1314384788
0.2019272745
0.1208874732
0.3255676329
0.0158973783
0.1205126718
0.0844293758
0.2240382135
0.1320842654
0.2483396381
0.2616543770
0.5958703756
0.1948681474
0.6439918280
0.0167710390
0.2710972428
0.2786771059
0.0932237059
0.1280397326
0.1705694497
0.1862141490
0.0725463182
0.2123807371
0.2624858916
0.0308695175
0.4105846286
0.0712024346
0.0940097570
0.0710064173
0.2198840231
0.2247318029
0.0139387697
0.1200305745
0.1113608032
0.3427361846
0.1011959463
0.2942738533
0.2317198217
0.1532755196
0.2372763008
0.1743784100
0.0709862858
0.1608122587
0.0472864993
0.0284725688
0.1188154370
0.1712308377
0.1018309295
0.0366017371
0.0963815600
0.3095873296
0.0151316365
0.1894849092
0.1250856221
0.0184888877
0.1072162911
0.0280645713
0.1481374502
0.3688295484
0.1630502045
0.0931233615
0.1530991793
0.1332877576
0.1495528519
0.2378973216
0.0405409671
0.2301349044
0.2609663308
0.3480721414
0.1634935141
0.0992483199
0.1386960745
0.2094507664
0.0557126254
0.1320351809
0.3317789137
0.0615778305
0.3804454803
0.1395464540
0.1800511181
0.0772162452
0.1623076797
0.2502267361
0.1965405196
0.0571265183
0.0448799729
0.1264426559
0.0191166848
0.1066399813
0.0447050966
0.0643858314
0.0599198602
0.1382856369
0.0309609696
0.1896423101
0.3009883165
0.0461094081
0.2902253270
0.0589320324
0.0462113358
0.0329974890
0.0795797259
0.0205122009
0.0118539985
0.0313128978
0.1848167926
0.0226739198
0.1262564063
0.0224524736
0.1520586759
0.3651242256
0.0396773778
0.3465986848
0.1719607264
0.1703756005
0.1935937405
0.0952198580
0.1580257416
0.0206996985
0.1628744006
0.2504712939
0.1363132149
0.1611264348
0.3132316768
0.0401105434
0.1171611249
0.1768456250
0.1917486191
0.1430739313
0.2435605526
0.1358073801
0.1337673068
0.2586525977
0.1484763026
0.0973223299
0.2550016046
0.2382296175
0.1170112044
0.1636759192
0.0476086549
0.4663158953
0.2118021846
0.0904206634
0.0909729674
0.2083365023
0.1510276794
0.1812593490
0.1397680640
0.0067179538
0.1501628458
0.1723602861
0.0995170251
0.2540269196
0.1248442680
0.1130239367
0.2160154581
0.1781567037
0.2068231255
0.1624009907
0.1065333411
0.1742320359
0.2901006639
0.1771944463
0.4324483573
0.0044924347
0.1741054058
0.1439228058
0.0098472564
0.1002515480
0.1641343236
0.2006405294
0.0241340715
0.1830961555
0.2504696846
0.3456249833
0.0443164781
0.1420248747
0.1554352045
0.3749213517
0.3113455474
0.2546154261
0.0937562734
0.0264963675
0.1777946353
0.0324042402
0.1578011662
0.1412560493
0.2389947027
0.0322647169
0.3607304096
0.0458130911
0.0245524552
0.0426251069
0.5780748129
0.0772971809
0.2866415679
0.1470935047
0.3287127018
0.2645917833
0.0644053668
0.0392627567
0.4448634684
0.0201267134
0.0623155981
0.2585186064
0.4755378067
0.1393849552
0.2729414403
0.1249918193
0.4120410085
0.1448836029
0.1617474407
0.0628585517
0.2015774846
0.1636790037
0.0788324401
0.1660135388
0.0277607888
0.1370620430
0.2249549627
0.1558694839
0.1017725468
0.5851830840
0.2031405419
0.2372896224
0.0135338670
0.3596872091
0.1326288581
0.0961130559
0.3060604930
0.1708379537
0.1293904632
0.2037346363
0.1277620345
0.0449098349
0.1854374111
0.1322262883
0.1403008252
0.0461991280
0.3308355510
0.0352731012
0.2193028480
0.2761701345
0.0391482636
0.0505861603
0.0484917425
0.0144031728
0.3203603625
0.1689356416
0.0498592332
0.4521379173
0.1724429876
0.1903881282
0.0148273166
0.0329945311
0.0186409652
0.0882103667
0.0508265235
0.0515234023
0.0395384021
0.0769765601
0.5114254355
0.0258839298
0.0371884257
0.1513408124
0.0141843418
0.1966527104
0.1615840644
0.0569228455
0.0137893297
0.1069563553
0.0894069299
0.1035363451
0.0329735763
0.3764004409
0.2072889954
0.1457086802
0.3216565549
0.4895491004
0.0632935762
0.0361768417
0.3032720685
0.1721681505
0.3199497759
0.1348897368
0.0283631813
0.1120357364
0.4640199542
0.0434320755
0.3194299042
0.1658085138
0.2270228714
0.2076468170
0.6870452166
0.2108936012
0.2940627635
0.2047278881
0.1791299880
0.0549696386
0.0701291636
0.2197408080
0.0135192396
0.0225169249
0.0881737545
0.0380075164
0.0439210236
0.2340471745
0.0176253151
0.0966767147
0.0267017633
0.0223353859
0.0980895758
0.0109864250
0.2623295486
0.1225962937
0.1484512240
0.0867303982
0.1763767004
