0.0268176701
0.1290262341
0.0950557366
0.0861628503
0.0409889556
0.0827357844
0.0073191705
0.0060893791
0.0148371300
0.0817355365
0.0587737449
0.1770726442
0.0589083768
0.0072282231
0.0357668847
0.4676865637
0.0482278131
0.1027815267
0.0007573529
0.0038714947
0.0009313925
0.0039079445
0.0098551745
0.1564469635
0.1348087639
0.1225117370
0.0253209155
0.0376128219
0.1283811033
0.0540642962
0.0146901803
0.0057561160
0.0076611531
0.1114750057
0.0034968103
0.1205402315
0.0893911049
0.0093950136
0.1515256763
0.0139223794
0.1301053762
0.1207652166
0.1782787293
0.1569308937
0.0017394461
0.0185784269
0.1088084951
0.0726534799
0.1058549434
0.0950868055
0.0042447150
0.0000696049
0.0004300891
0.0022187738
0.0536182672
0.0900641605
0.0005162921
0.0860671327
0.0474280007
0.0749218538
0.0690218136
0.0007852006
0.0959648713
0.0969256461
0.2832472026
0.1187999696
0.0304271355
0.0669418424
0.0185273252
0.1655491143
0.0290944800
0.0035271028
0.1621989161
0.0674356297
0.0628087670
0.1063814163
0.1453764886
0.0160495322
0.0631901100
0.0113729816
0.0382586308
0.0026990462
0.0152011244
0.0432371609
0.0993733630
0.2899348438
0.1611600071
0.0734734163
0.1580321640
0.0097139701
0.0041319546
0.1233821362
0.1116972715
0.0268216860
0.1285185367
0.0593727641
0.0240020230
0.0229623560
0.0002297785
0.0261455849
0.0394526832
0.1130116060
0.0022483629
0.0072110975
0.0000856154
0.3243708611
0.1385440677
0.0611929297
0.1561093181
0.0088952361
0.0015112752
0.1593644321
0.0611522086
0.0219320711
0.1383733004
0.0118881064
0.1036936715
0.0515005998
0.0035350968
0.0659215748
0.0578810833
0.0220303517
0.0025093062
0.1184582412
0.0084127616
0.1096944287
0.0296649542
0.0625512823
0.0798433125
0.0001994271
0.0082781268
0.0042561134
0.0735415071
0.0692603216
0.0774225891
0.0100840600
0.1440707892
0.0304438174
0.0243556723
0.0169723183
0.1069991291
0.0062087281
0.1174850464
0.0725728124
0.1278313845
0.0682791546
0.0322142318
0.0002478454
0.1079756543
0.0138221905
0.0438616425
0.1463584155
0.1119626313
0.1606161594
0.0511600487
0.0971221179
0.1529479921
0.1448491961
0.0193464737
0.0090587744
0.0032666274
0.2732750773
0.0998151898
0.0075895898
0.0024115343
0.0637774467
0.0007772016
0.0008766741
0.0971764699
0.0528771989
0.0472910516
0.0658391938
0.0313628092
0.0283920038
0.0592426173
0.1658147126
0.1191904694
0.0121557107
0.1015592143
0.0203652997
0.0021356922
0.0506914407
0.0186494309
0.0052472665
0.0145453420
0.0018429135
0.0661667660
0.0859310180
0.1338329911
0.0004487107
0.1991610974
0.0873921812
0.1453240812
0.0336074457
0.1450903267
0.1485534161
0.0685223937
0.1263438016
0.1360699236
0.1440220177
0.0919002891
0.0582415275
0.0096809864
0.0257695094
0.1071413234
0.0374221280
0.0973485336
0.8229106069
0.0878073126
0.0016849153
0.0579506345
0.1834099889
0.1284651160
0.0081039108
0.0195411276
0.0005949429
0.0562542342
0.0006167618
0.0951046646
0.0003112161
0.0438906178
0.0850685313
0.0619384423
0.0727429241
0.0648674369
0.0178826023
0.0508253649
0.1555493772
0.0473494567
0.1193205491
0.0213486888
0.0134250009
0.0431430712
0.0139236227
0.3022000492
0.0745329112
0.0145606026
0.0035834869
0.0240835380
0.0214941893
0.0818941593
0.0088713616
0.0025871559
0.1523822695
0.0020960921
0.0437130705
0.0707994178
0.0342427604
0.1026158407
0.1080114618
0.0649411529
0.1530182362
0.0875564143
0.0016088662
0.0758330822
0.0145669114
0.0618266836
0.0053463550
0.0079832878
0.0683596283
0.1476077437
0.0029125786
0.1736316085
0.0926840678
0.0580105558
0.0931078792
0.0094988663
0.1080750227
0.0308880657
0.0586256273
0.0345829278
0.0241164546
0.0009706714
0.0139466459
0.1601669639
0.0237985402
0.1083441079
0.1220510677
0.1942514777
0.2473657727
0.0027227688
0.0168944784
0.0272376351
0.0690078139
0.0070778239
0.1216089502
0.0621975549
0.0619664267
0.0155786136
0.0410193838
0.0625422522
0.0374835879
0.3244359493
0.0525705516
0.0019874123
0.0515427142
0.1366366744
0.0032155002
0.0100019407
0.0023151324
0.0017481658
0.0278365314
0.0060308129
0.0628580451
0.0249403957
0.0423975587
0.0483155027
0.1791134179
0.1725484729
0.0037929483
0.4340746999
0.0050197630
0.0302043967
0.1186473295
0.0652879998
0.0565211363
0.0006606918
0.0850190818
0.1252795011
0.0266470779
0.0512708016
0.0933941007
0.0064784600
0.0641131997
0.0496910624
0.0266503412
0.1623949111
0.1534966677
0.0019100613
0.3989372551
0.0008458889
0.0763048679
0.0954449177
0.2982305288
0.0495334715
0.0530976616
0.0020991662
0.1079319268
0.1175632253
0.0636230037
0.0707498416
0.0824199021
0.0304284822
0.0738854855
0.0602667071
0.0387548991
0.0167453904
0.2140386254
0.1038450077
0.0423652939
0.1372003704
0.0011368181
0.0012643954
0.0335129164
0.1508165002
0.0565059669
0.1006744057
0.0527713448
0.0499968156
0.0013683726
0.0079330131
0.3079851568
0.1100256518
0.1574397385
0.1141318977
0.0029795496
0.1335238516
0.0449235737
0.0065606041
0.0859541222
0.0496661440
0.1721955538
0.0556419343
0.0780818164
0.1134595722
0.1468185037
0.0852209106
0.0020473036
0.0755834505
0.0191267692
0.1771885902
0.0234698821
0.0413708612
0.0322804227
0.0117759751
0.0154202385
0.0069488375
0.0027134893
0.0033756767
0.0161562897
0.1703583300
0.0211008675
0.1617536843
0.0810690448
0.0392674804
0.0003546492
0.1290227175
0.0070574400
0.0681780949
0.0848544315
0.1149958745
0.0023906603
0.0660898313
0.1095382795
0.0003677105
0.1994466484
0.0006055385
0.0063932315
0.0537041053
0.0159733072
0.2429179996
0.0228944719
0.0328206941
0.1370624751
0.0700257048
0.0516451523
0.0135903927
0.0309718344
0.0253934301
0.0268884972
0.0010691903
0.0785433501
0.0032340786
0.2709026039
0.0167923067
0.0061771953
0.0538605675
0.0249559339
0.0139616420
0.0006040375
0.0275404118
0.0365816392
0.0288195498
0.0498080775
0.1456361413
0.0244041700
0.0174801629
0.0961895287
0.0063621653
0.0069203852
0.1410768330
0.0002628241
0.0940329805
0.0021704375
0.0017796968
0.0213245228
0.0344767943
0.0727090985
0.0460300334
0.0474618338
0.0087265223
0.0273665879
0.1648188680
0.0099776974
0.1327895373
0.0458055325
0.0539700314
0.0012725731
0.1536528617
0.0779679492
0.0200833939
0.0699755400
0.0064532533
0.2177654207
0.4552982152
0.0520494170
0.1328208894
0.0094515411
0.1584845334
0.0001128672
0.0315289497
0.0762974843
0.0189982951
0.1125473529
0.0240504723
0.0986497700
0.1292575598
0.1282328963
0.1238639727
0.2019703239
0.1057000160
0.0078420732
0.1353283972
0.0020380905
0.1141229793
0.1066879481
0.0429654941
0.0020897067
0.0031332467
0.0137634166
0.1137261987
0.3451467156
0.0442289896
0.0916762948
0.1227864400
0.0077815754
0.1156346425
0.1519893110
0.0020397045
0.1256670654
0.1600307822
0.0653984845
0.0127405645
0.1656576842
0.1895975173
0.7095215917
0.0831011459
0.0594572723
0.0379178636
0.2017025352
0.0019310390
0.0655128509
0.5072381496
0.1417600214
0.1031905115
0.0416917317
0.5034065843
0.0288086087
0.0518850386
0.1249116585
0.0105626341
0.1211817041
0.1674031764
0.0255279299
0.0054576197
0.0760696083
0.0238788165
0.0023201224
0.1066735536
0.0085853878
0.0532790422
0.1729339957
0.1610158831
0.1111934409
0.0858882219
0.0096884333
0.1467781663
0.1050551906
0.0543954223
0.0702438354
0.1430521458
0.1385160834
0.0341890007
0.0332669578
0.0032783232
0.1230384037
0.0015574183
0.0208561178
0.0454878509
0.0910987109
2.5919384956
0.1112821996
0.0013403903
0.1628273427
0.0294220243
0.0052023334
0.1868566275
0.0260216482
0.1274653673
0.0001804912
0.0043189139
0.0074334028
0.0391986482
0.0748532340
0.0004396203
0.0971776992
0.0760317445
0.0260682255
0.0859811231
0.0585677437
0.0687155053
0.1987958550
0.0434138179
0.1040049046
0.0048971707
0.0154816350
0.0036748177
0.1615186185
0.1472380012
0.0836280361
0.1328748614
0.1395382285
0.0908283666
0.0644971058
0.0110756941
0.0276834574
0.0042534149
0.1056275144
0.0184711255
0.0600176640
0.0158901047
0.0609816723
0.0589821637
0.0684570298
0.0025230560
0.1292200834
0.1455059648
0.0090009468
0.0068114763
0.0307191014
0.0922942758
0.0881769359
0.0062436447
0.0704295188
0.0764165074
0.0498411991
0.1703889519
0.0007501400
0.0716362894
0.1286530644
0.1000479534
0.0027120498
0.4080962241
0.0010839633
0.1426838040
0.0248023849
0.0000482397
0.0589860193
0.1795122921
0.0855642259
1.3344516754
0.0067271604
0.1421754211
0.0018408681
0.2508910000
0.1705927700
0.0062866979
0.0013133156
0.0071478896
0.0018316431
0.0015922340
0.1245086864
0.1307247579
0.0001843591
0.0000536731
0.0057286844
0.0938378870
0.0524520017
0.0469436534
0.0694089383
0.0107624708
0.1866421551
0.0055470308
0.0060458230
0.0166769419
0.1285370290
0.0921863914
0.0488360189
0.0028063578
0.0077616293
0.1055162102
0.0107843112
0.0051457281
0.1698243022
0.0043707117
0.0708314702
0.0022169107
0.0473209918
0.0150269391
0.0498201847
0.0621455573
0.1246538982
0.3542276919
0.0151431439
0.0132999951
0.2256530672
0.0008025899
0.0911090225
0.0210641231
0.1153015196
0.3309684992
0.0539804734
0.0524826124
0.1722961813
0.0593367070
0.1177943572
0.1111607775
0.0080169039
0.1023676991
0.1589183807
0.1222491786
0.0562395938
0.1013636887
0.1645690352
0.0079134963
0.0091641340
0.1421543211
0.0090705343
0.1471731365
0.1286613047
0.0005202289
0.0538111292
0.1238741055
0.1102580950
0.0813172832
0.1698752791
0.1351863742
0.0054187160
0.0537166744
0.1064144224
0.1231444925
0.0049711992
0.0345114470
0.0599910729
0.1292080432
0.0037553082
0.0369415693
0.0512357466
0.0488543399
0.0763749108
0.1455940008
0.0028041783
0.0003052708
0.2483054847
0.0672410131
0.0237252731
0.1171299964
0.2055840194
0.1387083232
0.1924550533
0.0333867073
0.1246001273
0.1070877016
0.1183715984
0.0001111941
0.0985836461
0.1284516454
0.0424166173
0.1244451627
0.0617733859
0.1719204783
0.0684231743
0.0177662000
0.0064504351
0.0773084089
0.0218227375
0.0445047468
0.0846630335
0.1566282213
0.0094022211
0.0571613908
0.0603138544
0.1836342067
0.0675384030
0.1033750251
0.1291944236
0.1593385637
0.0317311920
0.0173149444
0.0644066408
0.1264344752
0.0129670491
0.0079328381
0.0226521436
0.0731723160
0.0053161420
0.0142982714
0.0889784023
0.0976835266
0.0002727931
0.0151623096
0.0016476301
0.1397248507
0.0900352150
0.0625906512
0.0514815897
0.0680606067
0.1315306872
