0.2162163556
0.2342366278
0.2913019061
0.3273101151
0.4795744717
0.3248035014
0.1340366900
0.2129935473
0.1786458194
0.1578363776
0.2516293824
0.1614884585
0.1671855748
0.1935159415
0.1968333274
0.2190477848
0.2004386932
0.3287297487
0.1795900762
0.1536117047
0.3532735705
0.2871342301
0.1357553452
0.2103083581
0.2158033401
0.2080735117
0.1889241785
0.2982096672
0.1426713169
0.2132591456
0.1735092700
0.1660672277
0.1434037238
0.2826145589
0.2002052367
0.1763382405
0.2091308832
0.3111436665
0.4419080913
0.2704414129
0.1987660527
0.2303104550
0.1913683265
0.2383048087
0.2398515046
0.2057524621
0.1643040180
0.3959017694
0.2305129468
0.2199481726
0.2187594324
0.3068373203
0.2347435206
0.2204389721
0.4079358876
0.2518901825
0.2120788246
0.2105748802
0.2297741473
0.2104767710
0.2616443634
0.1821036339
0.2491829544
0.2790160477
0.2163345963
0.2576155365
0.2319872081
0.2323627323
0.2961834371
0.3370774388
0.1438014060
0.2009888440
0.3198032379
0.1869514585
0.1506587565
0.1407373697
0.2872081995
0.4990946054
0.2729452550
0.1400772184
0.2695592940
0.1903482378
0.1845361590
0.1322647333
0.2337813824
0.2503235936
0.2712708414
0.1677368581
0.1826597005
0.2548192143
0.2137859911
0.2214801908
0.1691223383
0.1913913637
0.1281296760
0.0960980058
0.2899468839
0.2412342876
0.1039234400
0.1819578111
0.0345547758
0.2092699409
0.1760927141
0.5672960877
0.1734163910
0.1905636489
0.2910108268
0.1430494040
0.3115386069
0.2329081893
0.1910129935
0.2067866474
0.2736582458
0.1281359792
0.2512489855
0.2169809639
0.2380435318
0.2266984135
0.2788538635
0.1928500533
0.2173498422
0.4536636770
0.2459867448
0.2341464013
0.2297192216
0.2088037580
0.1151047871
0.2107020617
0.2448620051
0.2104149312
0.3309452534
0.1851769984
0.1949338764
0.3484423161
0.1554214805
0.1892512888
0.2170214355
0.1948294342
0.1894872487
0.2230627686
0.2262749821
0.2057946473
0.1777546853
0.2438783646
0.2081643343
0.1951169521
0.1578840017
0.2391116172
0.2356107086
0.4711060226
0.1621524990
0.2757923901
0.2030478418
0.3020506501
0.0829165801
0.1601393819
0.1876547188
0.2205418348
0.1939971894
0.1590134203
0.3013351858
0.3310066164
0.2225026041
0.1788491607
0.2456543297
0.2334920615
0.1948216259
0.2521707118
0.2746200562
0.1477008760
0.1942689121
0.1432363987
0.1661863029
0.1966927350
0.3420259953
0.2319494933
0.2459545434
0.2572192550
0.2265534550
0.1433537602
0.2188545316
0.2491749674
0.2443994433
0.3400365710
0.1710357815
0.2566376626
0.2742542326
0.2279514372
0.2829845548
0.2392908931
0.3458793461
0.2901515365
0.3349035680
0.1647053510
0.2234803438
0.1732395589
0.1877588779
0.7709035873
0.1994675249
0.3929314613
0.2429401726
0.2260129601
0.1886931658
0.3972901106
0.2061749846
0.2160269618
0.1021117195
0.1651501954
0.2596517205
0.1521420479
0.2095821202
0.2738325894
0.2666079998
0.2634557486
0.2019710988
0.2516489625
0.4056088924
0.3305755556
0.2929997146
0.1771015823
0.1995817870
0.2279973924
0.2129661739
0.2616612613
0.1765125543
0.1544824690
0.1669580936
0.1705656648
0.1752742380
0.3179887831
0.2498288006
0.2116658688
0.2083708495
0.2651078999
0.1946549118
0.2158055753
0.2085688412
0.2443229854
0.2635778189
0.1246508062
0.1818723530
0.3172247708
0.2213278115
0.1102869883
0.2206717432
0.1653020978
0.1945224404
0.1879044175
0.1562812030
0.2076222152
0.1823566705
0.2761972547
0.2050247490
0.2544754148
0.3822937310
0.1900970340
0.3621885777
0.1451691687
0.2386711836
0.2493047267
0.1739217937
0.1679602563
0.1991576254
0.1792865545
0.2367093861
0.1918764263
0.1765782684
0.1839754581
0.1412822604
0.2712344229
0.2619057298
0.2021948397
0.1677583903
0.1747158319
0.2285647392
0.2511471212
0.2749180198
0.2249442935
0.6705492139
0.2483399957
0.1596320122
0.2158582658
0.1370027065
0.1961958855
0.2481086701
0.3782758117
0.1955325156
0.2032068968
0.2482730597
0.2162587047
0.3356827199
0.3206618428
0.1842406243
0.3695671856
0.1260220855
0.2600351572
0.2001830041
0.1723002940
0.1952092052
0.3684973419
0.1892201900
0.1301692575
0.2283851057
0.1594976038
0.1851152033
0.2161754668
0.1530738622
0.2030339092
0.1557151228
0.4085135162
0.4869726300
0.3042809069
0.2034475803
0.2114171833
0.1804599613
0.1992383003
0.2312877178
0.1568541676
0.1680447012
0.2983919382
0.5774126053
0.4500173628
0.2449229062
0.2978149056
0.2145479918
0.2360098809
0.2154862583
0.2287632972
0.2819124460
0.2005527020
0.6096051931
0.2307850718
0.2740189433
0.2084571421
0.2281848490
0.2316710800
0.2553041279
0.2040654868
0.2727288902
0.2405381203
0.1692991406
0.1129369810
0.2090769559
0.1558450311
0.2452574223
0.2167521566
0.2347189337
0.2471114844
0.2184011191
0.1775620133
0.3635310233
0.1802692115
0.1466596723
0.1312569231
0.2395851314
0.1678961962
0.1788147688
0.3159990609
0.2318792939
0.1672370136
0.2167660892
0.2319575995
0.2469140589
0.1780372262
0.2068820000
0.2984737456
0.2161706686
0.1942578852
0.2392149121
0.1389709413
0.8024499416
0.3791048825
0.1834892333
0.1322514862
0.2008110583
0.3560599685
0.4798944592
0.2100542337
0.1694174558
0.1366614997
0.1669996530
0.2020981461
0.1577718705
0.1875974685
0.1949835569
0.2346605510
0.2152906060
0.2380041033
0.2334729731
0.3906515241
0.3527116776
0.2271241397
0.2567204535
0.2471778840
0.0920512304
0.3239502609
0.1529306322
0.2508686781
0.2273073345
0.2041830420
0.1423792541
0.6109550595
0.2004273981
0.2872875333
0.2617266178
0.2310457528
0.1681409776
0.2475176901
0.1068314165
0.1822650135
0.1872340441
0.3943357468
0.2678943574
0.1703590155
0.1912939101
0.1489352882
0.1799219549
0.1890976727
0.3111973703
0.2284644544
0.2015034705
0.2373207510
0.1816159040
0.3079312742
0.1458422840
0.1969377249
0.2431500852
0.1635203958
0.1909105182
0.1442184299
0.2008250654
0.2231564075
0.2420018762
0.3455351293
0.3325264752
0.1970806867
0.2662436664
0.2180307657
0.2469118834
0.1726495177
0.1734565049
0.3120742738
0.2668156624
0.2325859517
0.2081808746
0.1908723861
0.1842746884
0.3420095742
0.2088509053
0.2293443978
0.1780915260
0.2833422124
0.2929428816
0.2731106877
0.2229310870
0.4537817240
0.1467971057
0.2717007697
0.1700900793
0.1892816275
0.1508366764
0.1368751079
0.2584621906
0.1869275123
0.1718415022
0.1786741018
0.2594845593
0.4354625940
0.2321273834
0.1779825240
0.2087884396
0.2405338436
0.1946330070
0.2502540648
0.3971699178
0.2163685709
0.2792504430
0.2040534019
0.2534969449
0.2761682272
0.2100536972
0.1231070235
0.1710234135
0.1774250567
0.2639141977
0.3137959838
0.1738706380
0.1747262180
0.2173824608
0.2283813357
0.2159896195
0.1858358681
0.1762477458
0.1920745820
0.1938753873
0.1843796372
0.2485709041
0.2695173621
0.1710419208
0.1750288159
0.3371258080
0.2114982605
0.1816021502
0.3156191707
0.1362706721
0.1607730389
0.2174226642
0.1314418763
0.1603513509
0.3326408267
0.2343614250
0.1869187951
0.4491992295
0.2345800102
0.2016670555
0.3669215143
0.3159329891
0.1915401369
0.2910389900
0.3356683552
0.1964513958
0.1842719316
0.1271082163
0.1720793247
0.2133723199
0.2127799839
0.5673182011
0.1808805317
0.2012623847
0.2528888583
0.2724078298
0.2685268223
0.1444779634
0.5955320001
0.1852281094
0.3891522288
0.4128624797
0.2776845396
0.2040426582
0.1603528261
0.1743709743
0.1634030789
0.2256850302
0.2182785273
0.1308778971
0.2371927053
0.1745903641
0.1272892207
0.1904009730
0.2842917144
0.3087934852
0.2174059004
0.2881251276
0.1659273952
0.1621192843
0.1845238805
0.1905595809
0.2007152885
0.2201336920
0.3004615903
0.2585160434
0.2202012390
0.2466443628
0.2462077141
0.1559534222
0.2667024136
0.1605138034
0.1920835674
0.1917363554
0.1447547078
0.2216611356
0.1962931007
0.1797411740
0.2432017922
0.2349406928
0.1625849903
0.2003309876
0.1914213151
0.3614008129
0.2097292244
0.2687799931
0.2826404274
0.3060215712
0.1853230298
0.2664020658
0.1688894629
0.1988348812
0.1952550411
0.2649941146
0.1516638249
0.2475251704
0.2524870336
1.1454689503
0.2438189387
0.7824941874
0.2916621566
0.1210164353
0.1617546976
0.2361940145
0.2353309244
0.2553903759
0.2411602885
0.2148034871
0.1683018208
0.2290630043
0.2543596923
0.2733505368
0.2092072219
0.2323357314
0.2031409293
0.1128600314
0.3389619291
0.2872340381
0.1880690157
0.2156354189
0.1730634719
0.0771371573
0.3051723540
0.2854067385
0.2504566312
0.1718099862
0.2320317477
0.1899468452
0.1930655539
0.1845884323
0.3778424561
0.1689657569
0.1258945167
0.2597530484
0.2507894933
0.2554143667
0.2701399922
0.1658257693
0.2228041589
0.2082268298
0.2460174859
0.2557463050
0.1910217702
0.1990083009
0.2611055374
0.2158053517
0.2555308938
0.2603451312
0.1727676392
0.2277179658
0.2060310394
0.3194677830
0.1787013859
0.2536310256
0.1729547530
0.1526509672
0.2027423084
0.2104365230
0.2288922220
0.2208967060
0.2186182886
0.1871535927
0.1436767876
0.1357789040
0.3071217835
0.3656487465
0.1884778887
0.1919192076
0.2217722833
0.2166170627
0.2977028787
0.1346036047
0.1460308731
0.3197530806
0.5887936354
0.2389446795
0.2129464298
0.1514587700
0.2007456124
0.1878610700
0.2428397238
0.2353122234
0.1670528203
0.2226759493
0.1685273498
0.1939474493
0.2147241086
0.2183523476
0.2843819857
0.2111171037
0.1468691826
0.1457142532
0.2844485044
0.2762304544
0.1722839475
0.2537393272
0.2048353851
0.3469137549
0.3650958836
0.2057932317
0.4999563098
0.3215032518
0.2184956372
0.1540808678
0.1734798104
0.1968682706
0.2627481222
0.1168420464
0.1930624843
0.1766089797
0.2320101708
0.1374665499
0.1996411234
0.3603142202
0.2384598106
0.3615602851
0.2360221446
0.2990912497
0.3138611019
0.1510215998
0.1589919031
0.2699980438
0.3355387747
0.2043712735
0.1690925211
0.3343268037
0.1342322528
0.1561039090
0.1642263830
0.2660902441
0.2934786081
0.2093087584
0.1478323489
0.1550884992
0.3036502004
0.1639532447
0.1573378742
0.1992210150
0.1728085428
0.2384257019
0.2443773746
0.2760946155
0.1494601816
0.2405887991
0.2550534606
0.2749077380
0.2576989233
0.3203297853
0.2300138474
0.4353230596
0.2662936449
0.2379201204
0.2186544985
0.1676018238
0.2234695107
0.2294789404
0.1974882782
0.4249616563
0.1519630700
0.5534660220
0.4829453230
0.2519402206
0.1577577740
0.1353670657
0.1920768023
0.2348420173
0.4190784395
0.2431204766
0.6586723924
0.2325128913
0.2424378693
0.1592304111
0.2971265018
