0.1376185268
0.1830664426
0.0037724173
0.3113352358
0.1203485057
0.1513114125
0.1854700595
0.3092403412
0.1777864546
0.0489537641
0.0797165558
0.1190807298
0.1392847002
0.1829459071
0.2055262774
0.1712417156
0.2751132846
0.1709118187
0.1916385442
0.1196852252
0.1647669524
0.1842251867
0.1592601389
0.1579971910
0.1840319633
0.1603501141
0.0460316017
0.1797259301
0.1844941676
0.2136773765
0.0802757293
0.1810368598
0.2127426118
0.1289968789
0.3453395963
0.0077645085
0.0521659739
0.1701206416
0.2467111945
0.2460308075
0.0834189355
0.2189019769
0.1256493777
0.2033340633
0.1841333956
0.1859336942
0.1899003685
0.1335153282
0.1912826598
0.1666138917
0.0145378746
0.1291635782
0.1820632517
0.1886149496
0.1993204057
0.2054353058
0.2941994071
0.2000396252
0.1000168100
0.0286901314
0.2098193616
0.2153320312
0.1179177985
0.2217482626
0.1384401917
0.0339434892
0.2012680322
0.2655820251
0.2293517292
0.0780213475
0.1274710745
0.1042764112
0.1301582307
0.3772693574
0.2008379996
0.1660458148
0.2423854470
0.2527061105
0.0444236957
0.2202764899
0.2060721368
0.0964065492
0.2490610480
0.0572683662
0.3147826791
0.3594354093
0.1659800112
0.1670036018
0.5238824487
0.1309147328
0.1783644557
0.0746493861
0.2117627561
0.1861930490
0.1369451433
0.1452315748
0.1802057922
0.2381057292
0.0926835462
0.2171995640
0.1384238899
0.0036391621
0.3010016382
0.1390237957
0.1463596374
0.2402850538
0.2442025244
0.1926856637
0.3375919461
0.1501777768
0.1624280810
0.2528600693
0.2109630406
0.3539005220
0.0788486376
0.1596610397
0.2014937252
0.1182765961
0.2061417997
0.0658279583
0.1941743493
0.0886896998
0.1158352941
0.0673179105
0.2007959485
0.4433122575
0.3371178806
0.1849824637
0.1506606787
0.1895152628
0.0619978495
0.2488914132
0.3001429141
0.2046122849
0.1971740127
0.1885789037
0.0954712480
0.1655174941
0.1653941125
0.1928585470
0.1428348273
0.1706674844
0.1441955417
0.0498674624
0.1788995415
0.2843500674
0.1277167350
0.2628532648
0.2657741010
0.1869444102
0.1698402762
0.1791215241
0.0895368159
0.2563284039
0.1479755789
0.2195089608
0.2000406682
0.0482480302
0.0172862280
0.1795102507
0.2508980930
0.3312011957
0.0915935114
0.2563489377
0.1034102142
0.2033290863
0.1344295144
0.1857473552
0.2356770486
0.1908814460
0.1791363209
0.1183457077
0.1470855176
0.1768002063
0.2320732772
0.0261969771
0.1735040843
0.1807661057
0.2351454943
0.2323894352
0.1393539757
0.1540870368
0.1765749007
0.2515519857
0.2160268575
0.2886222303
0.1343250424
0.0959343463
0.1540444046
0.1785952896
0.2242900878
0.3689403236
0.3844168782
0.1843688637
0.2352994531
0.1588867009
0.1477343589
0.2564894259
0.1681056023
0.5661925077
0.1926549375
0.1709585041
0.1728038192
0.2030225694
0.1341827661
0.1769118905
0.1647323817
0.1959624141
0.1076848283
0.1015364230
0.0935050249
0.0667951256
0.1618768424
0.4960784018
0.0263159648
0.1255741715
0.3457337022
0.2776980698
0.1956064254
0.2130966485
0.2068239301
0.2220328003
0.2270098329
0.2030595690
0.3914381564
0.1311379820
0.2102297544
0.2129101306
0.2183352560
0.0590987764
0.1758062690
0.0465871729
0.1451336890
0.1552172899
0.2101014256
0.1625809520
0.0566555113
0.3013826609
0.2523283660
0.1427449882
0.1698451638
0.3240424395
0.1092104986
0.0962149948
0.1845003068
0.2408051044
0.1941128224
0.0682728663
0.2128779292
0.1008166447
0.0297027789
0.3005690277
0.1245547682
0.2556400001
0.1625572145
0.2475435287
0.3381690681
0.1488088369
0.1453637034
0.0156231672
0.1630655378
0.2402145118
0.1983368993
0.2181604803
0.3143669963
0.0558310859
0.2501484156
0.2513893247
0.1581249982
0.2254942954
0.3234758675
0.1004866362
0.0036608574
0.1601527184
0.3940297663
0.2627284825
0.1892995089
0.1826000214
0.1864274144
0.1808296889
0.0189854931
0.2054247856
0.1179617792
0.4130145311
0.2083517313
0.0321306251
0.2595425844
0.1513604224
0.2492792010
0.2498109639
0.2547468245
0.0776524097
0.1896568537
0.1730344594
0.2466976047
0.2258418798
0.1501451433
0.1911773682
0.3669731617
0.0414190330
0.2758130431
0.2538027763
0.1076550707
0.2121922374
0.0675333291
0.2604783177
0.1795500070
0.0270533692
0.0644136444
0.3597022593
0.1146842837
0.1348372996
0.1051696315
0.0730257556
0.2530888021
0.1559993327
0.2085998207
0.1537488997
0.2346731275
0.1734545380
0.1317930520
0.1938429773
0.2509390712
0.1288126111
0.0582452603
0.2033405155
0.1486327946
0.2264777720
0.2277755439
0.0411988869
0.1752756536
0.0825030804
0.2156749368
0.1810516268
0.2229921520
0.1666824669
0.2368199676
0.1333272755
0.1871625930
0.2115076482
0.1613606364
0.2520129979
0.1957884729
0.1929206848
0.1918423027
0.2092801332
0.1085577980
0.1327490509
0.1883281618
0.1938456744
0.1128527299
0.1389298886
0.2739931941
0.2733194530
0.1146962643
0.1470132470
0.1837335080
0.1017269865
0.4057547450
0.2121316195
0.0956328139
0.1477864832
0.1812801063
0.1387100518
0.1305847466
0.1814749539
0.2173134536
0.1000362113
0.1742464304
0.1690509170
0.2983646691
0.0735476837
0.1702905446
0.1918542534
0.2861828804
0.1382781118
0.3531476557
0.1900671273
0.1806702614
0.1782776713
0.3446177840
0.1056574509
0.1913159639
0.2224507630
0.1545754373
0.0588973053
0.0940883309
0.1741291583
0.2484873384
0.0864068344
0.0979677290
0.1558962315
0.2064965963
0.4078234136
0.2197515517
0.2141368985
0.0216614325
0.1268858910
0.1934389472
0.0969213396
0.2485734671
0.1998876482
0.0316295624
0.1339194030
0.1739805639
0.2342892438
0.0363018438
0.1759479791
0.1886745840
0.2894412577
0.0965799093
0.1840995103
0.2682016492
0.2196980715
0.1769299060
0.3520256281
0.1924416423
0.1976831108
0.2405258417
0.1957439631
0.1366664767
0.2538721561
0.1291042566
0.2287070304
0.1744782776
0.1448902190
0.0082376162
0.0434289426
0.1312194169
0.1719919294
0.2474795580
0.1523259729
0.2106177360
0.0361942910
0.1632735580
0.0527585670
0.1846966743
0.0373401195
0.1939637363
0.1605508626
0.1664844453
0.2428544611
0.1928890944
0.2267273366
0.2029938847
0.1324501187
0.1177245826
0.1438988298
0.1327216029
0.2806779742
0.1117844507
0.1920808256
0.2000939399
0.1872332543
0.5354935527
0.1667241901
0.0554430708
0.4910893738
0.2742797434
0.2770233154
0.1409784853
0.1916069537
0.1582385004
0.2113558203
0.2638153732
0.1275190711
0.0699579418
0.3802633584
0.2457700968
0.1555319726
0.1892774105
0.2996954024
0.1811669618
0.3816384673
0.1429059505
0.1769747287
0.1311774701
0.0556993820
0.1358490288
0.2605688274
0.0750636607
0.0082061552
0.1474252343
0.2547233403
0.1335364580
0.1831193715
0.2036441416
0.3229736388
0.1553049982
0.1825676113
0.2614587247
0.1888095438
0.0206208471
0.1316066533
0.2440976351
0.1772250831
0.1744432449
0.1894815862
0.1514948010
0.1897077411
0.2376325130
0.2188883275
0.1922054142
0.0807664320
0.2519260049
0.1867637932
0.0490641110
0.2168207318
0.2379546016
0.2035249621
0.2372144312
0.2821957171
0.2123818696
0.1927181482
0.1853141487
0.0385659412
0.1502868533
0.1520007551
0.1593107432
0.1947644949
0.2330537140
0.2101842612
0.1837561578
0.0391082540
0.2281008512
0.1828244925
0.0660969093
0.0537919514
0.0814837366
0.2405258268
0.4302609861
0.2847747505
0.2347354293
0.3172644973
0.1943676770
0.2818058729
0.1871963590
0.2230291218
0.1375928074
0.2158342898
0.2013940066
0.1212340668
0.1203990802
0.1742479950
0.1250746250
0.2869974077
0.2304639369
0.1906498373
0.1052998751
0.2560828626
0.1918931156
0.1388419718
0.0607560091
0.0872417986
0.0799624920
0.1240231320
0.1935547441
0.2500777841
0.3163501322
0.1888019443
0.3671423197
0.4014427364
0.2141508460
0.2018181831
0.0596404597
0.2832296789
0.2798982859
0.1363485903
0.1968032867
0.2215521932
0.1340874732
0.1895004809
0.1937037259
0.1802309752
0.1454348713
0.1814644486
0.1505138725
0.0493852012
0.1865705550
0.2806974947
0.0927843153
0.0233596880
0.4213682115
0.2575148344
0.3029541075
0.1247000322
0.1848141998
0.1917064339
0.2127123922
0.1792752892
0.1283568889
0.2214017361
0.0439284109
0.2619482875
0.2240622044
0.2582272291
0.1788342744
0.2178096473
0.2933982909
0.0174469296
0.1695075035
0.2195751071
0.2024609596
0.1550621092
0.1786050051
0.0451488905
0.0324901529
0.2305708379
0.3501276970
0.2256444991
0.1774330288
0.3234856129
0.1046660766
0.0976661146
0.0963020623
0.2164773643
0.1883816272
0.0970127806
0.1340195984
0.0790082291
0.2644656599
0.0328785293
0.1613294333
0.2808770537
0.2154512703
0.0576453283
0.0708653331
0.0834488943
0.2900570333
0.1632257700
0.0725768954
0.2131224871
0.2354974747
0.1410156637
0.2552205622
0.2791738212
0.1533836573
0.2003815323
0.1915030032
0.1261467338
0.1942928284
0.3166302145
0.1454186291
0.1765739769
0.3449284732
0.2188060582
0.1314062774
0.1536602229
0.1527697146
0.1998404413
0.1766187698
0.1487100571
0.1420247108
0.2384815961
0.1202067882
0.1860520393
0.1438506395
0.0579489172
0.1865999997
0.2125753015
0.1861919910
0.3036935925
0.1606426835
0.1860756427
0.2200363576
0.1556267887
0.2963531017
0.6163699627
0.1853124052
0.2363693863
0.1834682673
0.2073457539
0.1047800183
0.2841589451
0.2443165779
0.1221559122
0.1962475777
0.2593746483
0.2281172723
0.0504123420
0.1147254705
0.3694312274
0.0564895757
0.2934913635
0.3522408605
0.2817947865
0.1547795534
0.2234721184
0.2358507961
0.2152989954
0.2236842811
0.2104227394
0.1921570152
0.1764023453
0.1150468960
0.0333386622
0.0059569059
0.1789261699
0.2003546059
0.1682026386
0.1479864568
0.2161993086
0.2006805092
0.0416384414
0.0735975206
0.1710712314
0.0658930317
0.2662942111
0.2196716517
0.3662577271
0.1618716866
0.1662727892
0.6079849005
0.0873350427
0.1477559209
0.1812567711
0.2402825058
0.1352347136
0.1350896508
0.2127241194
0.1795918494
0.1613391489
0.4384947121
0.1612808108
0.1600483656
0.1436295509
0.2183007896
0.2052674592
0.1895836890
0.1663789451
0.0790978894
0.2907699943
0.1914913207
0.0694238394
0.3830282092
0.1437841654
0.2642849386
0.1352029294
0.1936186701
0.3149016500
0.1902849078
0.1497935504
0.1725153625
0.1872449070
0.1524432451
0.1663195640
0.3014970720
0.0962855965
0.1204835251
0.1965030432
0.2273078561
0.1839918196
0.1525924802
0.2127249539
0.1582401693
0.3415893912
0.1793011576
0.1825757325
0.2290480435
0.1832439601
0.0976083353
0.1788376570
1.0565950871
0.2495965064
0.2637240291
0.2124834955
0.1764716059
0.1376077086
