0.1824309379
0.1659533679
0.2979829609
0.3164348900
0.1876439005
0.2341716737
0.1325314343
0.2530758083
0.4280198216
0.1974360496
0.4381350875
0.3249846995
0.3440204263
0.2731048763
0.4502154291
0.2575884461
0.0642266273
0.1826651543
0.1174755916
0.4018841386
0.4890154302
0.1929621696
0.0792466626
0.0609610900
0.1585634351
0.2282224149
0.1741349846
0.0784207508
0.1186215505
0.4279606640
0.2880945504
0.0187484864
0.1355762929
0.1642908156
1.2645314932
0.1789157242
0.1689674854
0.1292454451
0.1634318084
0.1279135197
0.1802245975
0.2470303923
0.2111322433
0.1265567094
0.1895569116
0.3254778981
0.0789311603
0.1335673779
0.2094591111
0.0839190483
0.0705596507
0.1039764062
0.1413958371
0.1802328378
0.0269666165
0.1542889327
0.2814040184
0.4371913075
0.1935246289
0.2409542054
0.1656401604
0.1745586544
0.1859854609
0.4343182147
0.2102261335
0.2886241674
0.3684971929
0.2005349547
0.1908450276
0.1080740094
0.1399809867
0.0889910385
0.3355905116
0.0874514654
0.0817404315
0.3015311062
0.1352331936
0.4201111197
0.0999868214
0.2999922335
0.1932722926
0.2167930901
0.4778284132
0.1398055553
0.2203862518
0.2165543884
0.1456292123
0.1539487839
0.1914525032
0.1854830235
0.1278076619
0.0732690319
0.2682029605
0.2216264457
0.1875716448
0.0388364419
0.1970555633
0.1956066936
0.1750422418
0.2189628929
0.4722382426
0.1660104245
0.2127017230
0.2134466767
0.3766083121
0.1387438476
0.1935425252
0.1934833527
0.1769322306
0.2080352753
0.1718986481
0.1585634053
0.3776077628
0.1514297426
0.1985709369
0.0775096938
0.3820142448
0.0279825777
0.0276006721
0.3760379851
0.2494260520
0.0974491537
0.1157483235
0.0585929789
0.2083846480
0.1041746810
0.1355690658
0.1412661672
0.1092387289
0.2467062175
0.1936523914
0.1556934565
0.1367630213
0.1324469596
0.4903156757
0.1875142604
0.1136656255
0.1797088981
0.1541056782
0.1472596079
0.0821341425
0.3839580715
0.3676658273
0.4502935410
0.0839713961
0.1535213143
0.1257109642
0.1687125415
0.2034808397
0.0583628640
0.8378975987
0.4718163311
0.0535560213
0.1846601367
0.1623920947
0.1000375971
0.3884492517
0.0518667139
0.1204408780
0.4219223261
0.4863637388
0.1171528473
0.2053749114
0.2130036354
0.3041199446
0.2156689912
0.3608648777
0.2277742326
0.0525395200
0.1594834030
0.1975767314
0.1649691761
0.1471147835
0.3298589885
0.2860124409
0.1382983923
0.3474704027
0.1241909117
0.1665660590
0.2072185576
0.1605475694
0.2727602422
0.1085099354
0.1943669319
0.2754495144
0.1225336716
0.1462461054
0.1461910158
0.2618239522
0.3067868054
0.1826060712
0.0201985072
0.1334140301
0.0223048814
0.1892665029
0.2743785679
0.1563338637
0.1759594977
0.1850936264
0.1034523845
0.2782268822
0.4599272311
0.1527324915
0.2242049128
0.2800062001
0.0746416003
0.1612508595
0.1149058416
0.1777524501
0.0640354380
0.0294031110
0.0456377231
0.0138419820
0.3105766475
0.1473170966
0.2928098142
0.0212905668
0.3323663771
0.4027213454
0.2702272534
0.1704518795
0.1159373596
0.5998649597
0.0746097192
0.0946775451
0.1346917897
0.1413002312
0.1598969400
0.2097382545
0.0833810642
0.2528211772
1.0668977499
0.1471242458
0.2844942212
0.3399352729
0.1573953778
0.3184788227
0.0482100360
0.2423605770
0.1193040982
1.6849901676
0.1499845684
0.1192868650
0.4853104055
0.1813263893
0.1944629252
0.0770398825
0.1381693184
0.4713172317
0.2049384713
0.1018077582
0.1699382067
0.4087925553
0.2396951616
0.1789887995
0.0958127305
0.3325123787
0.3258354962
0.3858671486
0.0917699412
0.0603304990
0.0678019449
0.0842609033
0.2399060726
0.0289099719
0.0979219824
0.1591792852
0.2021978199
0.1003438011
0.1763999909
0.1628922969
0.0723818094
0.2034654766
0.1951502413
0.1513023525
0.0471197851
0.1855991930
0.1724861860
0.1102473065
0.2484553903
0.2053561956
0.1467096955
0.0939238295
0.1730693728
0.0734506249
0.2907107770
0.3077297211
0.1977473795
0.1404430121
0.1405780464
0.1619460732
0.1629664451
0.0523173548
0.1202746704
0.2089219987
0.0888074711
0.1001566499
0.1172173172
0.1236458719
0.3274044096
0.1890252382
0.1431976110
0.0783407539
0.0403900668
0.1689411104
0.2232005596
0.3342223167
0.0926702470
0.1650074273
0.1574227661
0.1585894227
0.0070999730
0.1228465438
0.0758931711
0.0644146353
0.1664569974
0.0396635532
0.1654633135
0.3022401333
0.1427333802
0.1057394296
0.2008436471
0.3344888687
0.0703022555
0.3547041416
0.1362822950
0.1470282376
0.1370774657
0.1605701894
0.2403377742
0.1498246044
0.1714480370
0.0305037983
0.2078364193
0.2228746116
0.1733536869
0.4089575112
0.0923584327
0.1349565983
0.1738472432
0.5133320689
0.2884053886
0.1421701163
0.1590041369
0.1764889657
0.1534432322
0.2698220015
0.1246296540
0.0705315545
0.1825054884
0.3294176459
0.0643130988
0.1286634505
0.1325723231
0.2304705679
0.4119906425
0.1415236443
0.1659872234
0.1970304549
0.1825520098
0.3884980381
0.0139941266
0.1314268559
0.0481845625
0.0841794908
0.3333159089
0.1578541249
0.4792202413
0.5966342092
0.1228716224
0.1918445677
0.1830123365
0.1328348368
0.0663998351
0.5340213776
0.1431640238
0.1451142132
0.1128589585
0.0336991027
0.1039834246
0.1369012296
0.1698278785
0.0940799788
0.0120707452
0.0926852599
0.4865101278
0.0988861918
0.1322329044
0.1727792770
0.1779478192
0.2337963283
0.4552648664
0.0602882989
0.1466159225
0.1477041841
0.0679096505
0.5779150128
0.3586057127
0.3304005563
0.2149259746
0.3187557459
0.1126910448
0.3132106960
0.4937362373
0.1786117554
0.1748037338
0.1540744156
0.2278644443
0.1360640824
0.3138266206
0.4150441587
0.0660162941
0.2175056189
0.0487436168
0.1705534905
0.1232948601
0.1612422615
0.2128436267
0.1212128624
0.1445808560
0.1309173554
0.0923055187
0.4234212637
0.2215567380
0.0723736510
0.1270140558
0.0633009672
0.2392695099
0.0850601122
0.1284063160
0.1876899302
0.3836846650
0.2022472620
0.1729052663
0.2202735096
0.2018695772
0.1437450051
0.2862249315
0.1979359388
0.1766665727
0.2143257260
0.1645853668
0.0341011621
0.0348685868
0.1410913765
0.0912730321
0.1384703666
0.1257439405
0.0878760964
0.3517000675
0.3979373574
0.3982513547
0.2023980618
0.2689924240
0.2087234110
0.1153924093
0.1494235247
0.2775463462
0.3196180761
0.1986898780
0.3728623092
0.2848742902
0.1261241436
0.3828213513
0.2251271904
0.2325801998
0.0957131460
0.2915506959
0.1704202741
0.1730104089
0.1122457981
0.0440449305
0.2820594907
0.2207192630
0.1949889511
0.1120261550
0.1388538331
0.0225300230
0.2883215547
0.1051746830
0.1504412889
0.2412602603
0.1290224344
0.1488151401
0.2073492557
0.2143520415
0.1340143234
0.0838009194
0.3434557617
0.0624575652
0.2182699442
0.0361905359
0.1695856452
0.1338979453
0.1815160811
0.1832226664
0.4092514813
0.1987394392
0.9648650289
0.0339328796
0.1867033541
0.0363643020
0.1798650920
0.1192411855
0.2664518654
0.1025972441
0.4812060297
0.1398966610
0.1693241745
0.1039087996
0.0439679176
0.1910885125
0.2139482796
0.1497536451
0.4599907398
0.3860853910
0.4050120413
0.0478999764
0.2060991228
0.4071415961
0.1685833335
0.1804015785
0.0314469822
0.1580023021
0.2691110373
0.4408461154
0.1597133726
0.2961406112
0.2981140018
0.1257869899
0.0295196082
0.1965216845
0.1027889624
0.4852797091
0.1267349869
0.3256466687
0.1701543480
0.6504814625
0.3836035430
0.1996023655
0.2110613883
0.3885923028
0.2943408787
0.1225630045
0.1900238693
0.1494617462
0.1252038926
0.1325930953
0.1539488733
0.0833424479
0.3888487816
0.1896780729
0.1735208929
0.1970651001
0.1516654938
0.4869913459
0.1066185981
0.4799760580
0.1310820580
0.0300053023
0.1236928552
0.0765951127
0.2960494757
0.1357974112
0.1339464039
0.2112958580
0.2781758904
0.0300255194
0.2117853314
0.1213562042
0.3542651832
0.1278740913
0.0361240245
0.1782090366
0.2075002789
0.0404480770
0.1692914814
0.2440884858
0.0473689288
0.4723357260
0.1150924414
0.1086543500
0.1873815358
0.2263409644
0.2975780070
0.1638097465
0.4780475795
0.4263091683
0.3196585476
0.1203739643
0.0469952151
0.4454813898
0.0740476623
0.1784273535
0.0920782909
0.5569622517
0.2792721391
0.1143797860
0.1489516944
0.2056668252
0.1556701511
0.3539152741
0.2543175817
0.2504421473
0.5289340615
0.1084444597
0.2066120952
0.1528265327
0.1404514611
0.3589841723
0.2773158252
0.0514889769
0.5113846064
0.1565045863
0.3081189096
0.1279669404
0.1273337007
0.7233096361
0.0255177263
0.0584017895
0.1737979352
0.1689116657
0.1676601917
0.2954561710
0.1737266630
0.1724891216
0.1668489128
0.4156111479
0.2867256105
0.1584797949
0.4831203520
0.1385963559
0.4076568782
0.3115273118
0.2011076212
0.0284685269
0.0293396004
0.2016485631
0.1887458265
0.1087858081
0.2314782441
0.1161759794
0.2289207727
0.2263710499
0.0730369389
0.1524068564
0.1203900278
0.2383196056
0.2217774540
0.1705402583
0.4444078803
0.1892149150
0.1794459224
0.3172273934
0.1998239458
0.3009568751
0.2046041638
0.0550624616
0.1657791436
0.0360121019
0.1260360181
0.5082378983
0.0376982465
0.1362698078
0.3204211891
0.4108427763
0.1790720969
0.4193771780
0.1691123396
0.1181035042
0.1157465801
1.0194560289
0.0962108001
0.1674208343
0.0788844079
0.1887062341
0.2652947903
0.2283379883
0.3659988940
0.5410704017
0.0443256535
0.2354259640
0.3733195364
0.2207355201
0.1293626726
0.1087727696
0.2521742284
0.0020607752
0.1470570415
0.0326538123
0.3312403560
0.0328302421
0.1157344282
0.0482841507
0.3315597773
0.4537245631
0.0319841877
0.2537196875
0.0151180616
0.0757851675
0.3351266086
0.1211685836
0.2086652964
0.2964315116
0.1174580306
0.0475432687
0.3620202243
0.0847019181
0.1614559293
0.2069361806
0.0212860666
0.0901621729
0.1925951540
0.1070742011
0.2667887211
0.0209268909
0.3150382936
0.1048522666
0.1712008268
0.2305291444
0.1339018941
0.0491102077
0.2419194728
0.2390383184
0.4299246371
0.2678028047
0.1767806113
0.1894010007
0.2020923942
0.1524968296
0.1808561534
0.1213681027
0.1490994543
0.0303940438
0.3631859124
0.1458564401
0.2357767671
0.3648059070
0.1601570845
0.1085054576
0.1567544043
0.3036303520
0.4254111946
0.2024356425
0.0280517917
0.1221036017
0.2455696762
0.3331528902
0.1459535509
0.3232569993
0.1728716940
0.3678472936
0.1275025308
0.1819735765
0.2080617398
0.5644192100
0.1223356277
0.1916901767
0.1792199314
0.2637371719
0.2133748382
0.0805302039
0.1909836978
0.5489022136
0.0931627303
0.0355505273
0.0619970746
0.2923507392
