0.1940971315
0.1754291058
0.3299105465
0.2305978090
0.2244044989
0.3785944879
0.1612762064
0.2405017614
0.2154611498
0.1267857105
0.3631988466
0.3914051652
0.5865277052
0.2743512690
0.3679245114
0.1773022413
0.1351957470
0.2618394196
0.3988252878
0.3311338127
0.2211393714
0.2181880921
0.5462771654
0.2169310153
0.3890936673
0.2094161958
0.3724036813
0.2884230018
0.3698621392
0.2113715857
0.2226826400
0.1465679705
0.3203355074
0.3220636547
0.2426717281
0.4382924139
0.2039496899
0.3178457022
0.2560983598
0.1894775480
0.1644213349
0.2035249174
0.1597774327
0.2008817792
0.2318214476
0.3612647355
0.2005186081
0.2771089971
0.2565319836
0.3083501756
0.2136810720
0.3407001495
0.1892722845
0.2715332806
0.1772685349
0.2374838293
0.1961747110
0.3139474392
0.2452374101
0.2184077650
0.2850805819
0.1946260929
0.2054634988
0.5805408955
0.5147231817
0.1317481995
0.3012589216
0.3967692554
0.2527711391
0.1856789440
0.6235106587
0.1352766454
0.2543538213
0.4528202116
0.2234093398
0.3673516810
0.1885921061
0.6281219721
0.2540389597
0.3291929960
0.3364958763
0.2640133500
0.5184386373
0.3313197196
0.1477370560
0.1504687816
0.6234087944
0.3490562141
0.5387498736
0.2733510435
0.3644302487
0.2208974659
0.2510966361
0.2141044289
0.6590629220
0.2291259170
0.2199535668
0.3778397143
0.3822247684
0.2343518734
0.3802207410
0.3342132270
0.1993356794
0.1673342437
0.1593808085
0.2009219527
0.2181416005
0.1398831755
0.3872596323
0.1680548936
0.1981804818
0.3633558750
0.3486585915
0.3126986325
0.3840949833
0.2309016287
0.1947738528
0.3567529619
0.1877174228
0.2550672293
0.3134018481
0.3065065444
0.1418942064
0.3136292100
0.3383979499
0.1974275857
0.1501986235
0.2211228013
0.2102615386
0.1476034224
0.3746715784
0.3287971914
0.4004291296
0.3340068758
0.3185612261
0.2085947990
0.2356566787
0.0775035620
0.2860549092
0.3177643120
0.5125470161
0.3187142909
0.1786026806
0.3165752590
0.3340013623
0.3154107034
0.3032707274
0.3086506724
0.2987495661
0.6236325502
0.3759475052
0.4182007015
0.2167083919
0.1369388700
0.2220569551
0.1929345578
0.2630637288
0.2258119583
0.2237354666
0.8212274909
0.1118854880
0.2561105490
0.3973413408
0.2241930217
0.3119761646
0.3611970246
0.2957323790
0.2401797473
0.4153735042
0.3309268951
0.1499404758
0.2687620521
0.3066306412
0.3770219982
0.2514600456
0.2206085324
0.2244687229
0.3057413399
0.3427181542
0.3679545820
0.3159748614
0.2085313052
0.1901339591
0.2362827659
0.1883173287
0.1743653715
0.2739652097
0.2552893758
0.2539205253
0.1630699635
0.1991092563
0.2035074830
0.5479778051
0.2581369579
0.3121160865
0.3412135541
0.2526349127
0.2674834728
0.3544071615
0.2758934796
0.2170967460
0.3481822908
0.1735672802
0.1855775416
0.2346650213
0.2624641359
0.1977198422
0.2505998611
0.3555960953
0.1968622059
0.2594746947
0.2244418412
0.1731478572
0.2229419500
0.1374639571
0.1886118799
0.3714753091
0.3513708115
0.3482016623
0.2945910394
0.3479573429
0.6190343499
0.3002807498
0.3187120259
0.2176289707
0.2133864611
0.2194263190
0.2331318855
0.2479275763
0.1709579378
0.2662721574
0.3080355525
0.2559017241
0.1768105626
0.2195120007
0.3059189022
0.2652807236
0.2176776677
0.3854071200
0.5962764621
0.2599638402
0.3668477833
0.1617097557
0.2735380232
0.2240289599
0.6897817254
0.1791343242
0.6554276943
0.2433662564
0.3292275369
0.6432999372
0.1949679852
0.1295207292
0.1767293066
0.2451147884
0.1767393798
0.3577616513
0.1231406406
0.1424953043
0.2054837048
0.2949632108
0.2816823721
0.2447427511
0.2046400905
0.0886731371
0.4404496253
0.2186959088
0.3869186640
0.2523221970
0.3803929389
0.4008220434
0.3977026939
0.2360899299
0.3421329260
0.1702276617
0.3387267292
0.2422277480
0.2538785636
0.3295750618
0.3807156682
0.1397900879
0.3339422643
0.0865050256
0.4048785269
0.2369733751
0.2693239748
0.1853585839
0.3758278191
0.1790104210
0.2844434381
0.3009191453
0.3756905198
0.3024381697
0.2009347677
0.2104150057
0.1825568676
0.2525741160
0.2795411646
0.2232602686
0.1816976368
0.4889071584
0.3151980042
0.3444903493
0.2853889465
0.1583721936
0.3428142369
0.1552421898
0.3178150356
0.2213975787
0.3712535501
0.2467530221
0.3084982038
0.1548289359
0.2041985244
0.3195678592
0.1424814165
0.2741765380
0.1520397812
0.1585199386
0.3125546873
0.1425392181
0.2318851799
0.2715016007
0.2006212175
0.1628115922
0.2431524992
0.2504332066
0.4380246699
0.1789895594
0.4194176495
0.6337224245
0.3213962615
0.2744320929
0.2380091548
0.3624466062
0.2867152095
0.3779897392
0.1750097275
0.2293509692
0.3300856054
0.1497681141
0.3982931077
0.4014487565
0.4942533672
0.6073517799
0.2610384822
0.1992269754
0.5492307544
0.3081643879
0.1687091589
0.3449106514
0.1627009660
0.3029879332
0.3797579706
0.3223085403
0.2623149157
0.6360501051
0.0818945467
0.2616063058
0.2425800860
0.1584829092
0.1881582737
0.2094797343
0.5093206167
0.1912977397
0.1581264287
0.1709821522
0.3859049380
0.3754785061
0.1825161129
0.2977681458
0.2599132061
0.0412451290
0.1437916607
0.3777219057
0.6197712421
0.3378021717
0.3798131049
0.2270032763
0.1894205064
0.3165889680
0.2066626549
0.2384240627
0.1311573386
0.4148255289
0.2412679195
0.3711697757
0.1709310710
0.3691738248
0.1538378596
0.2072459906
0.2890539467
0.2682840228
0.2167543918
0.2488740981
0.2077717632
0.3034752905
0.2234530002
0.3238587081
0.9486006498
0.2215944231
0.3657598495
0.3267900646
0.1135236919
0.3358787894
0.2543339133
0.3918770552
0.3103100955
0.2396966666
0.2126524895
0.0482148454
0.1374797225
0.1923869103
0.2072634250
0.3582949936
0.2863019705
0.3538669050
0.2748663127
0.2166793942
0.3748302758
0.2302583307
0.3328158855
0.3571536839
0.2411120832
0.2403594404
0.3824002147
0.3229155242
0.6302716732
0.3706183136
0.2324140817
0.1363064647
0.2309840024
0.1680240929
0.2639923096
0.2266677469
0.1402271241
0.1802749485
0.3132648170
0.2158880830
0.5416920185
0.2022357285
0.2030123323
0.1246109158
0.2704625428
0.2159058899
0.4002935290
0.1950957775
0.2872004211
0.2007310092
0.2353072464
0.2495775372
0.4300455749
0.2110616118
0.3134947121
0.2900354564
0.2156890780
0.4645318687
0.3782102764
0.4351632297
0.3182947338
0.1576839238
0.1822127998
0.3238852322
0.2589030862
0.4504637122
0.2190044671
0.5869662762
0.2200558931
0.1586067379
0.1851733923
0.1835802644
0.1974363029
0.2244213223
0.2110257149
0.2352841944
0.2279754430
0.2690937519
0.1934168935
0.1909401119
0.5759354830
0.3853956759
0.2982081771
0.2055802792
0.2347005159
0.3752267063
0.2473984808
0.2013172507
0.2155429274
0.1645809263
0.2293020040
0.2365765572
0.1880494207
0.4451046586
0.3763981462
0.2215161622
0.2281766534
0.2261727005
0.2517923117
0.2782322466
0.2164865136
0.3736976087
0.3505579829
0.2029276639
0.3193927407
0.3580785990
0.3443451822
0.1540124565
0.1713152081
0.3876785338
0.3264071941
0.3699085414
0.2655130327
0.4000208080
0.5407836437
0.2025988102
0.2675091326
0.1514763683
0.2405042052
0.1814141572
0.4557031691
0.3024288118
0.5920492411
0.1928827316
0.3474806249
0.4965642095
0.1208408996
0.1295234859
0.1441751868
0.3084850013
0.4422826469
0.1012282446
0.3262510598
0.3056453764
0.3735148311
0.1214630902
0.3499196768
0.3397451937
0.2092757821
0.2430510223
0.1883942485
0.4996781349
0.1369178891
0.2162284106
0.2389359921
0.1862170696
0.2900205851
0.1914316714
0.2146347612
0.3286690712
0.6654356122
0.1966195107
0.3015601635
0.2468027472
0.1432298869
0.1695538461
0.3927417099
0.1552498341
0.5816513300
0.2234648317
0.5914191008
0.1609870940
0.2011891752
0.3735979497
0.3966741264
0.2089418024
0.2528958321
0.2262489200
0.1990714520
0.3828797042
0.1883525699
0.2149332017
0.1883622408
0.1541432440
0.2507403791
0.1966259629
0.1447207183
0.2928956747
0.4325410426
0.3971829414
0.1454471201
0.3144474030
0.3229788244
0.2171879858
0.6961023808
0.4346399009
0.2195258439
0.3079148531
0.3124065995
0.1642768085
0.2963611782
0.2163265496
0.1715492904
0.1927971095
0.2601732612
0.2595640421
0.2187593430
0.1632350832
0.2082743943
0.2625002861
0.6508746147
0.1815335006
0.2322918922
0.6093752384
0.3487063646
0.3236388564
0.1380647868
0.3936451077
0.2700779736
0.2482547462
0.1358148307
0.2293922156
0.3317332864
0.1956236660
0.4285663366
0.2373096943
0.5356476307
0.3401511014
0.3842284381
0.2158358544
0.2543238401
0.2059381604
0.1384111047
0.2438539416
0.5804458261
0.1894729584
0.2841242552
0.1447421759
0.2169445008
0.3305637836
0.5966354609
0.3221889436
0.5556009412
0.1805531681
0.3803886771
0.4037064612
0.1574545056
0.2212527096
0.1786852032
0.2299239784
0.1504563093
0.3116512299
0.1489416957
0.1475906819
0.2542645037
0.1934180260
0.2870770693
0.3045670390
0.1859211624
0.4108999670
0.1911605448
0.5672198534
0.2715324163
0.3882565200
0.2453353107
0.2144202590
0.3754467964
0.3201723397
0.1467414796
0.1777026504
0.1977376193
0.6162874103
0.1615171283
0.2652519345
0.2580536306
0.2086925656
0.1499626786
0.2613178194
0.2945519984
0.1489077210
0.1943385303
0.1785946190
0.2799406946
0.3219337463
0.4361428916
0.2164128423
0.1935326904
0.2921089530
0.3389441967
0.4004129171
0.1278146058
0.3664832413
0.1592404544
0.3844739497
0.2837279141
0.3662206531
0.3043299615
0.3302429318
0.2711399794
0.2485433370
0.3407636881
0.3542981744
0.2776159644
0.1094583943
0.3253920674
0.3862782121
0.1888546199
0.2495305538
0.4053426981
0.3574098647
0.3410540223
0.3264918923
0.2323907316
0.2656035721
0.5642735958
0.1729668975
0.2740947008
0.2697695196
0.1811334193
0.2755577266
0.2386835515
0.3253243268
0.8901276588
0.3748526871
0.4420822561
0.3784900010
0.1585680693
0.1641796827
0.1648854017
0.1803133488
0.3266034722
0.3819010854
0.3553257585
0.2245324105
0.2800155580
0.5217915773
0.4616390467
0.4231075644
0.1697796136
0.3915566206
0.2175801843
0.3848446906
0.3525394201
0.3584784269
0.2979106307
0.3762881458
0.1692493707
0.6007504463
0.1621568948
0.2905272543
0.4018073082
0.1400062293
0.3393759727
0.1612381637
0.1904950589
0.1383026540
0.2822857201
0.2320623547
0.3841467202
0.2117320150
0.2073227763
0.2655221224
0.3747930527
0.3158396482
0.3452499509
0.0941664875
0.2282029986
0.3880564868
0.2719229460
0.2352905124
0.3589086831
0.3138628602
0.2621625662
0.1938569546
0.2771582007
0.4108429253
0.6108186245
0.2053890079
0.2319483310
