0.2838634551
0.1890970618
0.2621652782
0.2413556576
0.4001396298
0.6267402172
0.1502774507
0.0894423202
0.3658716381
0.2330387682
0.1963900179
0.7643157840
0.2336117178
0.5656446218
0.1133898199
0.3232526183
0.2094815373
0.4031094313
0.3023255467
0.2156326175
0.2732326090
0.2589985728
0.1985709667
0.1618132293
0.4923885465
0.2392090708
0.2120431066
0.2817321718
0.4935293198
0.4542668760
0.4408307374
0.1909095943
0.3881238997
0.3209698796
0.2421843708
0.5299116373
0.2215339988
0.2255216986
0.2309170067
0.6451700926
0.1821093559
0.6912364364
0.2441023141
0.2384690642
0.2901572585
0.1514954865
0.4838820994
0.1615163386
0.1999389231
0.5652740002
0.6482256651
0.4366965294
0.2959599197
0.1486426294
0.4242730737
0.1887069345
0.4840046465
0.4275018275
0.2093033791
0.2650415003
0.2895488143
0.2336234152
0.3925962746
0.3945709765
0.2156447768
0.2239063382
0.3218189776
0.2136882991
0.2298526913
0.2769300342
0.4775905609
0.1862155795
0.7011265159
0.2978530824
0.1804508716
0.3435638547
0.1953513622
0.2091014534
0.1807774305
0.1685053557
0.2606165111
0.1761067957
0.2413452715
0.2424025834
0.2436081469
0.2704657614
0.1311013401
0.2215690613
0.1798400283
0.2520091832
0.4505406022
0.4650261104
0.2595038116
0.3176993728
0.2797642350
0.5042451024
0.1548755169
0.3919281065
0.2820011675
0.2089716047
0.2525371015
0.2158065736
0.7770236731
0.2460902184
0.1883209646
0.3782405257
0.2100596279
0.4849780798
0.1612767428
0.4878772199
0.2436657846
0.3583699167
0.3131022155
0.2688010037
0.2378187925
0.2001590580
0.1627464294
0.2928558886
0.2306815833
0.1985628605
0.4290727079
0.2763194442
0.2182664424
0.2082667798
0.2285039127
0.4418603182
0.4937797785
0.2875666022
0.2320368737
0.1901861727
0.4114491642
0.4791854024
0.1958014071
0.1582021117
0.3183297217
0.2361002117
0.1934476793
0.5357666612
0.4428797662
0.4841786325
0.1757517904
0.4214662611
0.2030995190
0.3912466764
0.3094196618
0.3841734231
0.3694544435
0.2034917176
0.2417833209
0.3791222572
0.0840810090
0.2892189026
0.2002319098
0.2910080552
0.1367206722
0.2486654222
0.0821599215
0.4838708937
0.3074157536
0.0381573737
0.1905973554
0.2357055098
0.3748009205
0.4011324346
0.4698238075
0.5645800233
0.3751301467
0.2801403701
0.5177630782
0.3495870829
0.1859228015
0.1867418438
0.1873447597
0.3971319199
0.1508159637
0.2579304576
0.1857694387
0.2009254247
0.2488458455
0.6757977009
0.4584902525
0.4783954620
0.2160747200
0.0772493482
0.2413036376
0.3566598296
0.2598263025
0.2574539483
0.7139740586
0.1342926025
0.2993671894
0.4685729742
0.3938040435
0.1751469225
0.4603569806
0.3765198588
0.3797743618
0.2013897747
0.3162485063
0.1961808503
0.1946012229
0.2103693634
0.2399791777
0.2886400819
0.7328173518
0.1813149601
0.6116858125
0.2109348476
0.3599800766
0.4584414363
0.4263672829
0.4016691148
0.3871496618
0.2161536962
0.2450750172
0.2091468126
0.5249247551
0.2529899180
0.2185704857
0.4721173644
0.4628571868
0.1925231665
0.2467994839
0.5415353179
0.4741924405
0.2478931099
0.2050148696
0.3873521686
0.2484275848
0.5482465029
0.2535033822
0.1774251759
0.6102496386
0.8306843638
0.2337664217
0.2094745040
0.2105833739
0.3430402279
0.4469776452
0.3669673502
0.2373616397
0.2243975550
0.2479856908
0.4412389696
0.2395872921
0.0528170168
0.2653511167
0.2298116684
0.1922326237
0.4785060287
0.6370120049
0.3016099334
0.3758077025
0.2509464920
0.3302709162
0.2643865943
0.4076372683
0.2801841199
0.2728724778
0.4159481823
0.4362216592
0.0373006463
0.5477615595
0.4047638774
0.0093798004
0.1944217384
0.5329072475
0.4981709123
0.2363779098
0.4238305986
0.3967136741
0.2340265661
0.3799376488
0.3863322139
0.3635952771
0.2618832886
0.2714360654
0.2614456117
0.2393090874
0.3809004426
0.2429756075
0.1972536147
0.3630765378
0.4210360050
0.2328496873
0.5768547654
0.5061368346
0.4094106257
0.2082434297
0.2345245481
0.2088324875
0.2803258002
0.2128731310
0.4788179994
0.4021487832
0.1999240667
0.1919388622
0.2264687270
0.2301069349
0.1168326437
0.2141077071
0.2444920540
0.5656992197
0.2607669532
0.1422724128
0.2330873907
0.3416320384
0.5239612460
0.3934294283
0.1865854561
0.2023311853
0.3403838277
0.2910798192
0.2322632968
0.0866723284
0.4674450755
0.5571260452
0.3311089873
0.2127310634
0.3054845929
0.5789302588
0.2344464511
0.4246732891
0.2438159287
0.2980834842
0.1688728631
0.6528994441
0.3739081621
0.2899481356
0.1980403513
0.1810243428
0.4152489901
0.2804728448
0.4424436390
0.5366109014
0.4718620777
0.4720660746
0.2218820304
0.2239970416
0.2659387589
0.4411130846
0.2416625917
0.3785553873
0.3379553854
0.6389017105
0.3404183388
0.2036715150
0.0483616367
0.2766539454
0.6108228564
0.5155974030
0.3568484783
0.4938168228
0.5863775015
0.1689407229
0.3420196474
0.3997500539
0.2806380093
0.2958976030
0.6251193285
0.2507197857
0.3881224096
0.4938900471
0.1759643704
0.2577985227
0.5449091792
0.1963826418
0.1802802384
0.2798388004
0.2347989827
0.3752124012
0.1703525633
0.2073705196
0.2586477399
0.6144958735
0.2471394688
0.4842394292
0.2403383851
0.3239285648
0.2459594011
0.2798367739
0.5382032990
0.1668219715
0.4049133956
