0.2791659534
0.2283092588
0.2340974361
0.3127900958
0.1169221625
0.1608364433
0.1892576069
0.2133675218
0.1253974885
0.1397027224
0.0948279724
0.9051013589
0.2516789734
0.1622643620
0.0659508482
0.4720833302
0.2956248820
0.0859713629
0.1982542425
1.0785261393
0.1257181168
0.3103007078
0.1628413796
0.1892892420
0.1713897288
0.2708626688
0.3624015749
0.1250869334
0.1164511591
0.1492581367
0.3642223179
0.0758838952
0.1926416904
0.0864202529
0.2776247561
0.2017230988
0.1588207930
0.2262590379
0.3309203386
0.3578496277
0.1466112137
0.3257555962
0.1382598132
0.1455770880
0.4371260405
0.2481929958
0.3426594734
0.0942851603
0.1089987531
0.0995406881
0.7118021250
0.1724461168
0.3200244904
0.3130781054
0.0859891698
0.1637564301
0.9156408906
0.1875360608
0.8024232984
0.2162997872
0.1622634530
0.3226577342
0.1538072973
0.1538254470
0.1692825705
0.1679203063
0.2791197300
0.3160017133
0.1109234169
2.2982368469
0.2517949939
0.2022547573
0.6540071368
0.2186050564
0.2887693048
0.2977156043
0.2424405217
0.3768744469
0.3173334599
0.3460867107
0.3063897192
0.2040495276
0.0817812309
0.2063148171
0.1542173624
0.1939611435
0.1460033953
0.1904760450
0.2328744978
0.0809664726
0.2017982155
0.0766805932
0.0856279656
0.1439937502
0.0992117673
0.1653680652
0.2545489669
0.1552153975
0.0975203514
0.4581252933
0.2191972584
0.2450616211
0.2389658988
0.1164025441
0.2143572867
0.0822174773
0.1449473202
0.1058849767
0.1551170349
0.1056087241
0.1038413718
0.1119271442
0.1118001789
0.1474273354
0.1384182274
0.4891492724
0.0937294438
0.0889090672
0.3292327225
0.3079118729
0.2399538159
2.3145675659
0.3088483810
0.2520154417
1.1185171604
0.2458144724
0.2297820896
0.1034263968
0.1085975543
0.1781073958
0.2949150205
0.2249795496
0.1024079025
0.4796186388
0.0516318455
1.5763643980
0.2106527239
0.2627401352
0.1665071845
0.0707787797
0.2971284986
0.2180014700
0.2887390256
0.1271248758
0.2470992208
0.1799987406
0.1611729264
0.2265205979
1.3144727945
0.2438099384
0.1507925540
0.0865305290
0.3049071729
0.2630552948
1.3993387222
0.1307405978
0.2053666115
0.2300539911
0.1444584578
0.0417258367
0.3157303929
0.1790904403
0.2028374821
0.2646237314
0.2775400579
0.1850342602
0.2623286843
0.1812365204
0.1883572340
0.2437682152
0.2265343070
0.2573765516
0.2377680540
0.7454294562
0.1755528301
0.1542514563
0.2113045901
0.1409442276
0.2449648082
0.2165733278
0.2195831686
0.1214653105
0.3347099125
0.0790924281
0.2776222229
0.0916232914
0.1588050276
0.1698465198
0.1892622411
0.0655679703
0.2458285391
0.1850340217
0.2232541442
0.1737522632
0.0818649754
0.2990241647
0.1997459829
0.2317913026
0.2638236284
0.1502423137
0.1521348506
0.2050864249
0.1768550277
0.3633134067
0.3786966205
0.1364832520
0.1959237456
0.3223752081
0.2136878371
0.1547346115
0.2202204615
0.0949986875
0.1835042089
0.3201752603
0.1614905596
0.2919054925
0.1924171299
0.1480265111
0.1441736817
0.2515126169
0.2376396656
0.1345227361
0.3191186786
0.1045436859
0.2045827359
0.1692716479
0.3000390232
0.2578608692
0.1215848401
0.2675366402
0.2121142894
0.2601431906
0.2838694751
0.2356465310
0.1092270762
0.3748079538
0.2456282377
0.2833642960
0.2519911826
0.2018965334
0.1488942951
0.0865138918
0.0766706318
0.4007152319
0.1088935658
0.0937110633
0.2604246438
0.3036982119
0.2228168398
0.3432917893
0.2431138605
0.1838736236
0.1293712407
0.1234778389
0.1995673925
0.1720274836
0.7002588511
0.4561149478
0.1531179100
0.5833066702
0.3404688537
0.2443087250
0.1921847165
0.1658581495
0.2477957159
0.3825725913
0.2204662561
0.0839955136
0.2353590876
1.6498090029
0.1076962650
0.2320641875
0.2339382917
0.2025713176
0.3441714346
0.2405000627
0.2984434664
0.2565052807
0.1817611158
0.1008974686
0.0708453804
0.0827509835
0.2575772703
0.1203293726
0.1689826846
0.2009209543
0.1004720852
0.1675551832
0.2735050619
0.1133892760
0.2299261391
0.0796706975
0.0988750234
0.2282229960
0.1749844700
0.0666581467
0.1456665993
0.2174908817
0.0873107985
0.2325240374
0.2691645026
0.2180793136
0.1503319740
0.3818150461
0.3370043933
0.2197520137
0.1512426883
0.2532604635
0.2265087813
0.1876438111
0.1942533106
0.1903728098
0.1625026017
0.2290510088
0.0848156437
0.1984560788
0.1963419765
0.2409989238
0.2935097516
0.1573925465
0.1280195266
0.3203839064
0.0984121263
0.1208495274
0.2989892960
0.2202666700
0.2549718022
0.0930669010
0.2429008335
0.0843546987
0.0981037021
0.0945791602
0.2031437457
0.2347858250
0.2454130054
0.1062028855
0.0710473955
0.1426761597
0.1652992219
0.1875050366
0.3478649259
1.8371868134
0.1426529288
0.2494102269
0.2762891352
0.3296744227
0.2648606300
0.9216505885
0.1457217485
0.1368241161
0.2910427451
0.3459890485
0.3382580280
0.2254422903
0.2485223264
0.7894273400
0.1531537622
0.2883837521
0.3003976643
0.2779952884
0.3549550772
0.2499102354
0.1130407676
0.1665196121
0.1163238734
0.3089629114
0.2728632689
0.2724354863
0.1155950725
0.2554081380
0.0678590685
1.5466666222
0.2148358077
0.2384325415
0.1201613992
0.3188784420
0.1144391298
0.3383607268
0.2331102341
0.6440663934
0.2706964910
0.2131500244
0.1352540106
0.2191260159
