0.1168551221
0.3121079803
0.3286415935
0.0705714226
0.2314848006
0.3226435184
0.2576272190
0.2460070103
0.2193800062
0.2256257087
0.2221201509
0.2642104924
0.0825824589
0.1359120458
0.1933212131
0.3758463562
0.1024186388
0.2432878911
0.3231757879
0.9383817911
0.0358086489
0.0530859679
0.0292873662
0.5005099773
0.1566511095
0.2916688025
0.2468608767
0.1043687090
0.2284487784
0.2175930142
0.0861738324
0.2078597844
0.0327575952
0.2340898663
0.2905295491
0.2931675613
0.2358706892
0.2296759039
0.1337273270
0.0758943781
0.1485320777
0.5498635769
0.1480854750
0.3232849836
0.4869122505
0.2268927246
0.1557850391
0.2741695046
0.2756402493
0.1864395589
0.6270892024
0.2178080678
0.1472974867
0.0345380269
0.1857092381
0.2524956465
0.2810780704
0.2350490689
0.2030186653
0.1812985539
0.0721067488
0.0581958853
0.3356931210
0.1254919022
0.2784129977
0.1217211261
0.2903317809
0.3164227009
0.1825920790
0.3954308629
0.1893362850
0.2540519238
0.2528464794
0.0738168284
0.2319236547
0.2598772347
0.1651887894
0.0586401187
0.1940313876
0.2230051905
0.1434142143
0.1022507697
0.2629319727
0.1829398870
0.2468914688
0.1062443182
0.1939773113
0.2254399508
0.0857274532
0.2168816179
0.1672413647
0.2285449952
0.2922850847
0.2994994521
0.1886638403
0.2313726544
0.1052741557
0.2656236291
0.1583262831
0.1529261470
0.2627247870
0.2505762577
0.0573615804
0.0594196655
0.2009977847
0.1899074018
0.1853471398
0.1209582090
0.0926084518
0.3453951180
0.1167479977
0.0390683822
0.2065305114
0.1291685998
0.0353159010
0.2368648052
0.1910699755
0.2023755610
0.2431046516
0.6162701845
0.3420018554
0.3460465670
0.1250902414
0.2498944402
0.2633492649
0.2189835310
0.0619113669
0.2156499624
0.1911937594
0.2993302941
0.0654194951
0.3158018291
0.1707068384
0.6505084634
0.2698529661
0.6924163699
0.0533436053
0.2947831750
0.3053576350
0.2502174377
0.1317136884
0.1584959775
0.1129689515
0.2045478523
0.2577052414
0.2554547191
0.1743291020
0.1634752154
0.3563791215
0.2793450058
0.1591196209
0.1581172049
0.2710109353
0.0736755952
0.7978404760
0.2121562362
0.1412944347
0.0940639973
0.2445242554
0.2058350891
0.3142618239
0.2944535911
0.3259271085
0.3619515002
0.1386360228
0.0543984063
0.0328771025
0.2885032594
0.2722573876
0.1953510493
0.1252242774
0.2728074491
0.3024907112
0.3195503354
0.0812575072
0.0888620690
0.2606065571
0.1892409474
0.2851943374
0.2798008919
0.1647275686
0.0633396059
0.2737153172
0.1605686396
0.3491525948
0.1807105541
0.0831127688
0.3573365808
0.2641727030
0.2369442135
0.3306613564
0.2191099226
0.2137791812
0.1495470703
0.2113072127
0.4107771516
0.2570499480
0.1833472550
0.0627548620
0.2532911003
0.2269846201
0.3037844598
0.0251041483
0.0467858911
0.4613716900
0.2133129984
0.2730917633
0.3161215782
0.0364326052
0.2621000409
0.0687782615
0.1905781478
0.2486031950
0.4379073977
0.1040390581
0.2205871344
0.2616579831
0.2766903639
0.0659513399
0.0885287151
0.0664047077
0.3757836223
0.0488934927
0.2312340736
0.3300085962
0.2172467858
0.1984036416
0.2574304044
0.2009125501
0.4108288288
0.2156311423
0.1510466486
0.2664367259
0.2479245812
0.2367709428
0.2791756392
0.6533497572
0.0945578441
0.2365323752
0.2249259800
0.0772991106
0.1915204227
0.2279443145
0.2539997995
0.2363160700
0.1439725906
0.1191151962
0.2688635886
0.1118861884
0.3724891841
0.3419976830
0.1919755340
0.2718744874
0.1977307200
0.0368178636
0.2312047333
0.2645610571
0.2300626040
0.1970993429
0.1727285683
0.0784084275
0.3585507274
0.2302138954
0.2168491185
0.0985937864
0.3618080020
0.1967799067
0.2054514736
0.0996492356
0.6271121502
0.0210549552
0.2914993465
0.1813175827
0.2812794447
0.1570310295
0.3633868694
0.2403252274
0.3746553659
0.0364856757
0.1767370701
0.1828151047
0.2220202982
0.2578176558
0.2160694599
0.2575282156
0.3221916556
0.1756288111
0.2719865143
0.3101144433
0.2110632360
0.2240309864
0.2245423049
0.2114233971
0.2451141626
0.2441602349
0.1954503208
0.2182511836
0.2255630344
0.1733780503
0.2754322588
0.2787179947
0.4882802665
0.3063239455
0.0700113848
0.0542807244
0.0742807984
0.2596898675
0.3375260830
0.3151010573
0.2348376364
0.4573850930
0.0731407627
0.2026081830
0.2464091480
0.2370500863
0.2252836823
0.2440737337
0.1548148394
0.2449142337
0.2673949003
0.0863028765
0.3120596707
0.2684417367
0.0494212471
0.2761261165
0.2445606440
0.2051291764
0.2382992953
0.1223815531
0.2269091159
0.2350382209
0.2985804379
0.0030003311
0.1443689615
0.2504409552
0.0010764509
0.1692206115
0.0827414766
0.2175583243
0.2211285233
0.2201664895
0.8999960423
0.2042669952
0.3378308415
0.1985247880
0.1278591901
0.2152935117
0.2137439400
0.1990123391
0.0685069934
0.0697705299
0.5029049516
0.5232444406
0.0733523592
0.2604827285
0.5649897456
0.2252245396
0.0318961442
0.0707798749
0.3108179569
0.4704741538
0.1367482394
0.2055218220
0.0453472920
0.1897656471
0.4070808589
0.2424392253
0.4045330584
0.1501360238
0.0927840695
0.1927587837
0.8370681405
0.2549898028
0.3027167022
0.1598304212
0.2107764632
0.2265992910
0.0924736559
0.0933109596
0.1627394259
0.1011609659
0.0766406953
0.0750016347
0.0191572215
