0.1307736933
0.3746886849
0.1204478592
0.4516328871
0.3436507583
0.4052099586
0.4104182422
0.0926100537
0.2450408638
0.1363502294
0.4484806955
0.2247966379
0.2419089377
0.7068604827
0.2225316614
0.9429553747
0.3932142556
0.1112610176
0.4318745732
0.0935788155
0.0481913127
0.2162713557
0.0840512216
0.1062858626
0.1492331922
0.1619795561
0.4113704264
0.2295302302
0.1114468127
0.5032684207
0.0808104426
0.1209064797
0.5117084980
0.2398712039
0.5813274384
0.1833383292
0.3949097395
0.1070420966
0.3254254460
0.4167558253
0.2241900414
0.0898341835
0.1676694602
0.1651603729
0.3705657125
0.1120707914
0.2017136961
0.4264492393
0.1966436505
0.2945583463
0.3256523609
0.1153878048
0.1122054309
0.1265677810
0.1107867360
0.3174543381
0.2136683315
0.2254294157
0.1212567464
0.1445719153
0.3829328120
0.2592239380
0.3936738372
0.2931396067
0.7065853477
0.2586792409
0.3044545949
0.8652399182
0.1504176557
0.2454976737
0.1328133047
0.1688006222
0.2642638683
0.1333909929
0.3277795315
0.4662080705
0.1111716628
0.2002721727
0.1646468192
0.1954937428
0.2825312018
0.3182564080
0.4170247912
0.1896843463
0.1782316715
0.3471106589
0.1513558477
0.1625193655
0.3140608966
0.1841984689
0.3087487519
0.1929917336
0.3942517042
0.3306306899
0.4517834485
0.3575727344
0.1228716820
0.4100662470
0.2838141918
0.2200392783
0.3472330570
0.6375699639
0.4349585772
0.2496171147
0.2395785004
0.1383975595
0.2582538128
0.1311725974
0.6164907217
0.1507604718
0.2663227916
0.1635605991
0.1233238503
0.2968884408
0.1232194826
0.2251601964
0.2434506863
0.1445065737
0.4020327330
0.5487493873
0.1593526006
0.2090033293
0.2885805964
0.5118191242
0.1051889285
0.0824335292
0.3321194053
0.3026055694
0.1006523296
0.3432658613
0.3596234918
0.2563164532
0.3481475115
0.3014494479
0.1266290843
0.3092359304
0.4988458455
0.2058298141
0.3635661602
0.1786898524
0.1055463403
0.0841817111
0.5543972850
0.4010917246
0.0437231287
0.2420516908
0.0736025721
0.2296393514
0.4534625113
0.0690393150
0.1303391755
0.3157296479
0.3249844015
0.1318537593
0.1982614547
0.3580251038
0.3871249259
0.2578298450
0.2923740745
0.3684719205
0.4907635152
0.2480395585
0.4088881910
1.3517137766
0.3268753290
0.1209246144
0.1588488668
0.1191166863
0.3272279799
0.3701656461
0.4225518703
0.1302922368
0.0994957909
0.1801270843
0.2281707823
0.5502355099
0.4979617596
0.2995504737
0.2668664157
0.3268288672
0.2430485487
0.4213325381
0.3280189037
0.0667809099
0.3276223242
0.2909655571
0.3134150803
1.0813931227
0.2734223604
0.4206954241
0.8712911606
1.1107472181
0.4817188680
0.2961738408
0.0609626696
0.4280039966
0.3631324768
0.1160096973
0.2165995836
0.3834691942
0.7134491801
0.5422289371
0.1664363891
0.3146127462
0.6002755761
0.3433386385
0.2867546380
1.9077571630
0.3141215742
0.0893958285
0.1273009181
0.5106489658
0.2908795476
0.4251423180
0.2654351592
0.2162491530
0.0813519582
0.1158968359
0.2517581284
0.1256996393
0.1163413823
0.4051416218
0.2872245610
0.1732026339
0.4101868570
0.2713319361
0.1315608621
0.8687525392
0.4301716089
0.1293404102
0.2193478048
0.1921878904
0.3851203024
0.1077223420
0.2664738297
0.4215687811
0.3609162271
0.5187171102
0.2875720263
0.4352565408
0.6048769951
0.2431677431
0.2570897043
0.1637932211
0.3121577799
0.2931200266
0.2394466400
0.1478996128
0.0830419585
0.0891428739
0.1808190197
0.4054264128
0.3602678776
0.2516265512
0.2211866230
0.3064737022
0.1254535913
0.1553837359
0.6082572937
0.3682714403
0.0964062065
0.1483187526
0.5111267567
0.3959260285
0.1901188791
0.3719531298
0.3356503248
0.3346507251
1.0016602278
0.4315068126
0.0972243771
0.1274387091
0.1217770651
0.2713502944
0.3140136003
0.0733552352
0.3638209999
0.4077871740
0.3689324260
0.0664473251
0.2179308981
0.2721420825
0.2514531016
1.4729633331
0.3619266748
0.3883715570
0.2837527096
0.1434305012
0.3460610509
0.3223705292
0.2532287240
0.3486382663
0.2775581181
0.3068572581
0.3805142045
0.1864124537
0.2280306369
0.2601157725
0.1106903628
0.3891854584
0.4400758147
0.2561346591
0.3204281926
0.2869577706
0.3060792387
0.1784469336
0.3555387557
0.1472286135
0.2547423244
0.1282927096
0.1468878984
0.1464930326
0.1648069322
0.2890803814
0.2286971658
0.1315800399
0.1196362451
0.3310769200
0.1495742649
0.2553031445
0.2655198276
0.2630253434
0.1358719468
0.3709758818
0.0905386508
0.1532787532
0.2973483801
0.2002278715
0.1242897585
0.3241692185
0.2304631323
0.3193941712
0.3258385956
0.1344059557
0.1822545230
0.1159507930
0.2536177337
0.2089437693
0.5345128775
0.1071365699
0.4845462739
0.2533839941
0.3719610274
0.3733354211
0.3191044033
0.2493218929
0.1232129708
0.1435219646
0.3528662920
0.2833102345
0.3505613506
0.1038579643
0.8058218956
0.6019681096
0.2983626425
0.2224886566
0.1598219872
0.0637523979
0.2162141651
0.3066835701
0.3300353289
0.3014340103
0.3566356897
0.2699478865
0.2695786059
0.1671022177
0.3748522699
0.2666121125
0.3369258046
0.1803253889
0.1963048875
0.4010197222
0.3437159657
0.0807393715
0.1527837515
0.2607206106
0.4192388356
0.3996191919
0.5623305440
0.1569736153
0.2573269010
0.2740232646
0.1636396945
0.3570068479
