0.2373412549
0.3123753965
0.1758384109
0.3025780320
0.4042569697
0.3454405665
0.0467525311
0.2466134727
0.2550025880
0.3390364945
0.1409375966
0.2429349422
0.2287152559
0.5747559071
0.3116397262
0.0493218042
0.1731530428
0.2248635590
0.2343061566
0.1705852449
0.2073566020
0.3337242901
0.2061485648
0.2371233106
0.2639974058
0.2214309275
0.1953209639
0.2395780236
0.2205370814
0.6130562425
0.2754072249
0.2869060636
0.2602667511
0.2209972441
0.1428057849
0.2463445216
0.1247328222
0.1730057299
0.1143408492
0.3262843490
0.2566222847
0.2435068041
0.3526164889
0.2401316017
0.3224104941
0.1902620792
0.2517940998
0.3348887861
0.2557310760
0.2152006030
0.2100117803
0.2064173222
0.1932081729
0.2194682807
0.2497233152
0.2537066638
0.2955096364
0.2825441658
0.2044901699
0.2721434832
0.2585376203
0.0915685967
0.2623708546
0.2231505513
0.2817131281
0.2541289628
0.2388686240
0.2777652442
0.2615059018
0.2586570382
0.2740547061
0.2592335343
0.2817855775
0.2525022924
0.3802684247
0.3362593055
0.2187602073
0.3095707297
0.2581637502
0.2739369273
0.1393588930
0.1668317616
0.2473851442
0.1814710051
0.1386905462
0.2729856074
0.1787236929
0.2773583531
0.2592260242
0.1637337357
0.3361971676
0.2618393004
0.2609376013
0.1606160402
0.2136052996
0.2260952592
0.2489542216
0.3856197894
0.2379130721
0.2000647485
0.3932950795
0.1675230712
0.2184538841
0.2222898751
0.2264633775
0.0777497366
0.1689313203
0.2834652960
0.2416460067
0.2304828912
0.2606793046
0.2002714276
0.1863394380
0.2220740765
0.1991793960
0.1619225293
0.1317588091
0.3146750331
0.2880687118
0.4607833028
0.1251184940
0.2225168347
0.2127821296
0.4966607392
0.2067391127
0.1750016063
0.1301259547
0.2675817311
0.1812177598
0.2587065101
0.0489119701
0.1875029802
0.2063299119
0.2586955130
0.3558098674
0.1899099350
0.3581271768
0.1951273531
0.3001798093
0.2653275430
0.1904302835
0.2220810205
0.4106897116
0.1390980482
0.0685386881
0.3716961741
0.2532942295
0.2062253505
0.3501732945
0.2104415894
0.2193884254
0.3073243499
0.2470784932
0.1767027676
0.1050667092
0.2303006500
0.1863445342
0.1568828821
0.1325840503
0.1894976795
0.4579291642
0.1585654467
0.1612832397
0.6236693859
0.1750911921
0.2904869616
0.2492867261
0.1722258925
0.1526366770
0.1984751374
0.1688267291
0.2354934216
0.2063666880
0.2896025479
0.2708706260
0.4947991669
0.3283490241
0.2141372710
0.2417072654
0.1592887044
0.2812331021
0.2747643590
0.2340016067
0.2373954207
0.2544189692
0.1739893705
0.1910677403
0.4718320072
0.0968687907
0.2377835065
0.7302759886
0.0715807825
0.1279342920
0.1778344065
0.3028638363
0.1831665486
0.2727051675
0.2062686831
0.2569891810
0.2173499614
0.2771814466
0.4068151116
0.2618182898
0.2600374818
0.4076704681
0.0865079090
0.1390532255
0.0608608499
0.0887826458
0.2089030296
0.1914609522
0.0729298815
0.2917369902
0.2332013547
0.2174784690
0.2426036149
0.1723716706
0.1452938616
0.1373969167
0.2279862314
0.1907059550
0.3826197386
0.1713903844
0.2074266672
0.1746109128
0.3961010277
0.2489942312
0.7865183949
0.4032347798
0.2263635695
0.3437365890
0.1956339777
0.2359741628
0.2026169598
0.2340712994
0.2913916707
0.1511252970
0.2600311637
0.1625318974
0.4078435302
0.3031350672
0.2196297050
0.2640477717
0.2826721668
0.1330103278
0.1261226386
0.3092533946
0.2004887611
0.1641188413
0.1830129474
0.2255065739
0.2296091467
0.1141862124
0.2066455334
0.2396035641
0.2873220444
0.2030374557
0.1588619053
0.8409153819
0.2058575749
0.1651201695
0.2524439991
0.2752006650
0.0930823088
0.2065962106
0.1902237833
0.2086820155
0.2859109044
0.1477787197
0.2257181555
0.1827848703
0.1832437962
0.1861579716
0.1676924229
0.3225680292
0.2186196446
0.5466034412
0.2501015365
0.2182513326
0.1784368008
0.2227961868
0.1242883056
0.2365454286
0.3526327610
0.2855070829
0.3123363256
0.2454143018
0.1710971594
0.1917064339
0.2284853309
0.2969439626
0.2096799910
0.2571344674
0.2482963353
0.1420414597
0.2388963252
0.2189650536
0.2135425061
0.2236334085
0.1874502599
0.2264337838
0.1271841973
0.2000346333
0.2663833797
0.3084037304
0.2351802588
0.1903197914
0.1850289106
0.1079295948
0.1822853535
0.2215818018
0.2345446199
0.2523577511
0.2156981081
0.0836012661
0.1738889813
0.1783639342
0.2918803096
0.2340113819
0.2199942917
0.3143494427
0.1184226871
0.2524260283
0.1652241200
0.1413768977
0.1946177036
0.1041740775
0.1327430755
0.3068898320
0.3308776319
0.1653855294
0.2972084582
0.1651367843
0.2343456596
0.2040283680
0.1992598027
0.2522892952
0.3010216951
0.3773125410
0.1808104962
0.2450376600
0.1550400108
0.3294623196
0.2080525011
0.4685675502
0.0969959572
0.2827291191
0.2124062926
0.2535725534
0.2875385284
0.0919913650
0.1723243147
0.7022473812
0.5257606506
0.1863938570
0.1665755212
0.2754390240
0.2216618061
0.1992088407
0.2218907177
0.2196641266
0.2826346755
0.2596096098
0.2736931145
0.3155562282
0.2044761479
0.1454789042
0.1888966411
0.3260424733
0.1975803673
0.2546815872
0.4170923531
0.2622457445
0.2415203601
0.2033971846
0.1835469007
0.3425646722
0.2106016725
0.3024201691
0.2436286658
0.2620390654
0.2153341025
0.2509082854
0.1274934709
