0.2054836154
0.3009083271
0.5691066980
0.3053832352
0.0787489340
0.4271715581
0.3112190366
0.2352225929
0.3807671964
0.3638312221
0.3260907233
0.2813335061
0.3358790874
0.2108858973
0.4046390057
0.2856900394
0.3343200982
0.4408695698
0.3455423117
0.3463886976
0.3742905855
0.2222801149
0.4725183547
0.2915006876
0.3898925781
0.2815567851
0.2718062699
0.3237516582
0.2242815197
0.4242037833
0.2122745663
0.4008729458
0.2776987851
0.2098748982
0.2642413676
0.3930741251
0.4464859664
0.3161447644
0.3211409450
0.2743001878
0.0765659064
0.3129627109
0.5063962936
0.3413147330
0.3499702215
0.3012006283
0.2552621067
0.4101317525
0.3767661750
0.3062912822
0.2072653174
0.1136968061
0.5031401515
0.2925586700
0.2328663617
0.3580971658
0.3013117909
0.2048544288
0.1976735145
0.2366031557
0.2394088060
0.3961547017
0.2834292054
0.2374968976
0.8513396978
0.2259033024
0.3210068345
0.2483925819
0.2980184257
0.2763658464
0.3652266860
0.2854041159
0.2457919866
0.2524003386
0.3315970898
0.5971305966
0.2756462693
0.3772948384
0.4436758757
0.3280905485
0.4729833305
0.2581183314
0.2529842854
0.2949122787
0.4439322650
0.3159831762
0.3649044931
0.3342425525
0.3619413376
0.4115075767
0.3239060342
0.3493686318
0.3880848289
0.3428521156
0.2487782985
0.3864000142
0.3093248010
0.3983071446
0.2518947721
0.3419135809
0.2333012372
0.2555553317
0.3253566921
0.5085451603
0.2320266366
0.3894419968
0.3487579525
0.2938055396
0.1834391803
0.3442587554
0.1661930531
0.2988475859
0.3227841258
0.2295963615
0.3362310529
0.2996855378
0.4086414278
0.2015020251
0.3932132423
0.5631197095
0.2162762582
0.3172253966
0.3747844696
0.3797654510
0.2391897142
0.5911670327
0.2709243596
0.2546845376
0.2936215699
0.3551103771
0.3034766912
0.1735758185
0.3019829690
0.4043084085
0.2620499134
0.2150067985
0.1278025508
0.2137428373
0.2723729610
0.2995313406
0.2853114307
0.3375912309
0.6006892323
0.3913186789
0.5131563544
0.2428859770
0.5096825361
0.2679278553
0.3346738517
0.4370205700
0.4252398312
0.2480955273
0.3769783378
0.3156718910
0.3073583841
0.2843120098
0.2380958796
0.2854670882
0.2867395878
0.3075073063
0.3489027619
0.2856348157
0.3905415237
0.3066381514
0.3245987892
0.3769520819
0.3506371677
0.3590376973
0.3312298059
0.3606880009
0.2321844995
0.3519716859
0.4123021066
0.3351066709
0.3695097268
0.3032725453
0.3068521023
0.0841098279
0.2061331719
0.3722707927
0.2942074239
0.1874715239
0.2360842675
0.3667733371
0.2132142633
0.2684347332
0.3559558988
0.1906750053
0.3273509443
0.3091294765
0.1613472253
0.4982329011
0.3271679282
0.2948884368
0.3376098275
0.2584322989
0.3868536651
0.3034251630
0.2143906057
0.4365075827
0.3973921239
0.3320875168
0.4795380831
0.2831211388
0.6739236116
0.2826982737
0.3413289785
0.1790955216
0.2223446816
0.3136200309
0.2525287867
0.5575426817
0.1817161441
0.3301191032
0.2595240474
0.3119835854
0.3159357905
0.1783929467
0.3527598381
0.2756292820
0.3117125928
0.2631627917
0.2587913573
0.7043095827
0.5415591002
0.2895018160
0.2263747156
0.3484401107
0.2194330692
0.3332698941
0.2316929102
0.4928191602
0.1828814000
0.4124412239
0.2776176035
0.1517351121
0.2823468149
0.3722041547
0.4186512232
0.3923225999
0.3006458879
0.3868349791
0.2950396538
0.3668522537
0.2439594418
0.2178615034
0.2150229961
0.2430144101
0.3837286234
0.3516337872
0.4728759825
0.3237993717
0.2360254824
0.3289939165
0.3889303207
0.2305348814
0.3542473912
0.2585703135
0.1074037403
0.2754830718
0.3901313245
0.2479144484
0.3709598482
0.6532982588
0.3869322836
0.4101991057
0.4492782652
0.3428567946
0.1645327806
0.3479420841
0.2943598330
0.2390176356
0.3088982403
0.3295179605
0.3201954663
0.3893239796
0.3442583084
0.1908621043
0.3686953187
0.3503731489
0.3827089965
0.3934333622
0.2134043425
0.4347805381
0.2076252550
0.3059661090
0.1106563732
0.4492416084
0.5642991066
0.2175319046
0.2608272135
0.4952911437
0.3375537395
0.2640839815
0.3250631094
0.4994758368
0.2491873056
0.2842568159
0.1993783414
0.2087847441
0.2706720829
0.3137362301
0.5146530867
0.3072040975
0.2215786427
0.3216307163
0.5498529077
0.3136039674
0.3578971922
0.2458131015
0.3355929852
0.3202906549
0.4168718755
0.2347204536
0.2851144969
0.2147562355
0.4652444720
0.2324008942
0.4142726064
0.3791706264
0.3526505530
0.1403588057
0.3801716864
0.2837992013
0.2565081716
0.2651069164
0.1843775958
0.1994191259
0.2958685756
0.5559790730
0.3274137378
0.1133702770
0.1314291507
0.3234647810
0.2622679174
0.2534840107
0.2017492950
0.3689671457
0.1371002942
0.2292146236
0.2259618044
0.4022214115
0.2427676320
0.2765512466
0.2683759332
0.3140958548
0.2657021284
0.3827588856
0.3195199072
0.3501145840
0.3345112801
0.2472836077
0.2832759917
0.2415897101
0.3314667940
0.3797051013
0.3290616572
0.4320925772
0.5473787189
0.1380129457
0.3559805155
0.3967958093
0.3023587465
0.2936314344
0.3102433085
0.2546109259
0.4214146733
0.3192274570
0.3408120275
0.2784765065
0.3091816902
0.3239220381
0.1887261122
0.5469021201
0.3901793957
0.1643687636
0.3155889809
0.2925330102
0.3289628625
0.2079187632
0.2477939427
0.1489633024
0.3053440452
0.2592023015
