0.5832198858
0.6356729865
0.4042053223
0.2528230250
0.6233264804
0.1937965304
0.4665953815
0.5503700972
0.2119253278
0.6726019979
0.6287860870
0.2808981836
0.0972708911
0.1816329658
0.2320448011
0.5503704548
0.4128342271
0.5786701441
0.1172702014
0.1589132249
0.3887824416
0.1404813826
0.3221293986
0.4394889474
0.2694408000
0.2777993083
0.4097893536
0.4328053892
0.4724080265
0.1675037742
0.1742533594
0.1239204630
0.5347976685
0.3959990442
0.3357529342
0.1859171689
0.1293270588
0.5038997531
0.6200422645
0.6131388545
0.4888477623
0.3949870765
0.5124675632
0.4171301723
0.6534060836
0.4261128306
0.4460508227
0.1576131433
0.3996786177
0.3678881228
0.1986846179
0.4388211668
0.4765627384
0.2241697013
0.1891556233
0.5046275854
0.4749118984
0.8549808860
0.6682884097
0.5551619530
0.4423415959
0.4420149028
0.3902728558
0.4304859936
0.1544756293
0.1672052145
0.3308245540
0.3609971106
0.4856212735
0.1135900691
0.0726970360
0.4437570870
0.2208177596
0.2873269916
0.2996556461
0.5657663941
0.5180544257
0.4419908226
0.4495173991
0.2255721688
0.3427661955
0.4872203469
0.3494213521
0.6150735617
0.5198553205
0.4467146397
0.3241275847
0.1761097014
0.4841686189
0.1328050345
0.4244199097
0.4077357650
0.4315305650
0.2102618068
0.4927913249
0.5035822988
0.1750267446
0.4337915480
0.2762063444
0.4750531018
0.2986448705
0.4143049419
0.4277479351
0.4183556736
0.6923353672
0.2950278223
0.6442785859
0.2874210179
0.4540674686
0.4474229813
0.4747315049
0.4715519249
0.4239876866
0.1574687660
0.7330012321
0.4226436913
0.3725640774
0.4283328354
0.1877613217
0.4771117270
0.2808838785
0.2285360992
0.6086034179
0.2419809252
0.3186031282
0.4494028389
0.4180221856
0.3902436495
0.2639466524
0.4046001434
0.2699348032
0.5113648176
0.3697939515
0.4157871604
0.1372796893
0.5248798132
0.4453319907
0.4362903535
0.3967208266
0.2042600363
0.4445226192
0.3339640498
0.2005166262
0.1631557196
0.2899985015
0.1058229059
0.5216484070
0.3720051944
0.4878886640
0.4367534220
0.4621951580
0.1177064851
0.6611338854
0.3316548169
0.3079045415
0.2318090349
0.4353325963
0.4068200588
0.2002440840
0.3242242634
0.3858348727
0.4442872405
0.4800239503
0.6542757154
0.3721669316
0.4046364129
0.6309265494
0.5789311528
0.4950655699
0.4416899383
0.4547980428
0.4058494866
0.3127766848
0.2874807417
0.1865105629
0.3442215621
0.4307713807
0.2311683744
0.3447400928
0.4130370319
0.1893075854
0.6877063513
0.4801805317
0.2094419301
0.3538651764
0.5848926306
0.4496567845
0.4628698826
0.3035858870
0.1668643802
0.3271430731
0.5894970894
0.4677247107
0.3673129380
0.3942334056
0.2492010146
0.4435702264
0.2613076270
0.5824668407
2.3604779243
0.5571349263
0.4887182415
0.5236772299
0.3969116211
0.1698039025
0.1640168875
0.1900805980
0.4343519509
0.1481770128
0.3700093329
0.4243667424
0.4755223691
0.5784936547
0.4414550960
0.3432500064
0.2504413426
0.5017987490
0.6970594525
0.3313797712
0.2461396754
0.2376373410
0.5357867479
0.5722649693
0.5559436679
0.3774924874
0.6486180425
0.5427387953
0.1549051553
0.2667043209
0.3584017456
0.4034998715
0.3177225590
0.4692876935
0.5349611044
0.3882015049
0.5364090204
0.3878071606
0.3797593117
0.5491139293
0.3414674699
0.4505638480
0.2169479877
0.2592025101
0.2369634509
0.3172158003
0.2342894971
0.3992929459
0.5142363310
0.3709309399
0.2629764676
0.3570882082
0.3846106827
0.5334004760
0.2846361697
0.4081453383
0.7244234085
0.3129725754
0.2485252917
0.5044860244
0.3349884152
0.4341925085
0.4598162174
0.2188012898
0.5348299742
0.1567008495
0.1952389181
0.5149880648
0.3648244739
0.3002762496
0.2932139635
0.4466018379
0.4147032499
0.4295384288
0.1478485614
0.4480680525
0.3585169613
0.2696139514
0.4400060475
0.3758822381
0.4848662317
0.3574580550
0.1580462605
0.3550828993
0.5961323977
0.4198735058
0.3844511807
0.4382059872
0.6176553369
0.1867048740
0.2401203364
0.5401725173
0.4217436314
0.2995526195
0.5197903514
0.3902187049
0.3753204346
0.1492427289
0.5083875060
0.5535678267
0.4687345922
0.4324297607
0.1840606183
0.4445582926
0.1784473211
0.4710445106
0.6108679175
0.6347169876
0.1163357720
0.3479301035
0.1953232586
0.7551015019
0.4443683028
0.5045662522
0.4114163220
0.3989013731
0.1844407022
0.4844357073
0.3245253861
0.3821410537
0.1737077236
0.1602130979
0.4066226482
0.4365720749
0.3631126583
0.2960064709
0.1495472938
0.2624120712
0.4519065022
0.1178701669
0.1116574854
0.5301269889
0.2325230241
0.4224064052
0.0863205045
0.4137256444
0.5487728119
0.4216240346
0.1515419781
0.4547522366
0.4608179331
0.4076028764
0.2906910479
0.4745889306
0.3948894739
0.4118966758
0.4643334746
0.4127472341
0.4315922260
0.2173752040
0.4877997339
0.4797541797
0.2465735525
0.4418683350
0.4267593026
0.4038716555
0.4621253908
0.3953496814
0.4240347147
0.2571432889
0.1739277393
0.4241392910
0.3931643665
0.4917027056
0.5863039494
0.4382211864
0.4858610928
0.5419081450
0.2397344410
0.4364433885
0.4471367300
0.4144999981
0.6701502204
0.3503207564
0.4250620902
0.4452179968
0.1460169554
0.4426265061
0.3704245389
0.1958771348
0.4207854271
0.3224185109
0.4641682506
0.2442648262
0.1274554729
