0.4020953476
0.1713482141
0.2633316815
0.3905463815
0.4111809731
0.1526603103
0.3837759793
0.3102626801
0.3455770612
0.2967325151
0.1446153671
0.3178610206
0.4217545688
0.1967873424
0.1793745309
0.2184790373
0.2189697176
0.5222201943
0.1608588994
0.4129493535
0.2550838292
0.1773430258
0.2349512726
0.3545782864
0.3949612081
0.2077637762
0.2519180179
0.2187129408
0.3922793567
0.1399065405
0.2368917763
0.2348455936
0.3226053119
0.1835321039
0.2625305653
0.4407941997
0.3170201778
0.4888852835
0.2723255157
0.2652578056
0.3160044849
0.3903645873
0.2438229173
0.3402326107
0.4148138762
0.3817190528
0.4560949504
0.4355942309
0.2604117692
0.2911681831
0.1939633191
0.4846867621
0.2655476332
0.1668378115
0.4508658946
0.1976674795
0.3378303647
0.1713523567
0.4693123996
0.1446451396
0.3924286664
0.4603272080
0.2609070837
0.1495703906
0.4410459101
0.3066028059
0.2937938273
0.5234341025
0.3728507757
0.1945097744
0.3183744550
0.5320713520
0.2966854274
0.3128230572
0.1746110916
0.4196943939
0.3210901022
0.3239125311
0.1699847132
0.4354685247
0.1624992192
0.5000613332
0.3071856797
0.3148469031
0.2454377860
0.4053395391
0.3370369375
0.3386914134
0.2386319637
0.3507370353
0.2647513747
0.4803588688
0.2689406574
0.1907329112
0.1233293563
0.1961385310
0.1907637417
0.1551163346
0.2300399691
0.2885465026
0.3470671773
0.4322355092
0.4453071356
0.4773795307
0.3311211467
0.1989233941
0.4293453097
0.4347085953
0.3256044984
0.2804764211
0.2440758646
0.2842848897
0.3503997922
0.2213978767
0.3117050827
0.3560120761
0.4341721237
0.1469357610
0.4097176194
0.5436905622
0.2598504424
0.2434267998
0.3977369070
0.2803747654
1.2839651108
0.4681159854
0.2049599141
0.3509299457
0.9465195537
0.1769798994
0.4533977807
0.5645990968
0.3342333138
0.2940465510
0.3799861968
0.2266847193
0.4247351289
0.1507575214
0.3641613126
0.4039118886
0.1719047576
0.7903355360
0.2191662341
0.2552906573
0.3204793036
0.2528377175
0.3553234935
0.3373916745
0.2741656601
0.4205064476
0.2122793943
0.3454656601
0.2958043814
0.2654148638
0.2980288863
0.1898500174
0.1511446089
0.1989413649
1.0492377281
0.2474420667
0.2452304661
0.2835491002
0.3218023479
0.3643073738
0.3592136502
0.3274992704
0.2109677345
0.4341045022
0.3730674982
0.1723043174
0.2762297392
0.2472134978
0.2211885005
0.0708531216
0.3080337048
0.3417003453
0.2427660227
0.4419141114
0.4031481147
0.3821039498
0.4028189182
0.1948885024
0.2688865960
0.2531681657
0.3164186776
0.2308381647
0.4671469033
0.3977341652
0.2711585164
0.2048011869
0.2687792480
0.2618562877
0.2183032483
0.1489351839
0.2930654585
0.3684511483
0.4181607068
0.6883658767
0.3517432809
0.4743705392
0.5628921986
0.2034830451
0.2972101867
0.1471373886
0.1615434289
0.2693326771
0.3571603298
0.3831887245
0.2655867040
0.2005330324
0.5604124665
0.5221565962
0.4152216315
0.1839510798
0.1348540932
0.1717658937
0.3315212131
0.2448714972
0.2941367328
0.2977861464
0.2325860262
0.3453134000
0.4184968174
0.4196851254
0.4864808321
0.4123888910
0.4014108181
0.3197352588
0.4784067571
0.9673897624
0.3280613124
0.2446654886
0.2934096456
0.2302177846
0.2362260818
0.5863730907
0.2214924991
0.5247518420
0.2930584550
0.2068065852
0.2901557982
0.3444302976
0.3480130732
0.2376917601
0.3064364493
0.2780927718
0.4055240452
0.1740993708
0.3497774899
0.3617934585
0.2690558434
0.4201405346
0.3189273477
0.3455902338
0.2935389578
0.4574744999
0.2025635242
0.4015828371
0.3402810097
1.1625759602
0.3894039392
0.6594517231
0.2159617841
0.3331383467
0.4405058026
0.2335895747
0.2451968491
0.3303021491
0.2560048699
0.2993545234
0.4854609370
0.3195052743
0.3887540698
0.1591968238
0.2317362130
0.2773118317
0.1737593710
0.1487847567
0.4718410075
0.4315850437
0.2307808995
0.8413910866
0.3788581491
0.3004550338
0.5036057234
0.1601887345
0.2984243929
0.2052966654
0.4045874178
0.4502459168
0.3313027918
0.3310799897
0.1591487080
0.3289525509
0.2762888670
0.2418172061
0.3956573009
0.5668815374
0.2892328501
0.3884218335
0.2101472914
0.2412656546
0.3533460796
0.4032233655
0.1602589786
0.3291985393
0.1791164279
0.2032347918
0.3378743827
0.1809280962
0.2685697377
0.4566783011
0.3310921192
0.1290318817
0.2700655460
0.3753986955
0.3679625988
0.3211025298
0.2782840729
0.3144215643
0.1421089172
0.2634116113
0.4642198086
0.3244954944
0.1501935869
0.4142349958
0.1637557745
0.2207905948
0.4144333601
0.7530638576
0.3942894042
0.3885032237
0.3066926003
0.4341909587
0.3125485778
0.2282413542
0.3052497208
0.1999536902
0.7994611263
0.1832720488
0.4743751884
0.3096920848
0.3361633420
0.0870041847
0.2737222612
0.2989446521
0.3250088096
0.1707728952
0.4017231762
1.3349343538
0.3328391910
0.4345025420
0.2401160449
0.3243768215
0.2772483826
0.3924854398
0.3425030112
0.2827186584
0.3389431238
0.2471532673
0.2274020910
0.4373621345
0.2832625508
0.4285477102
0.1247938424
0.2056140006
0.3243146241
0.5065361857
0.3345744610
0.1917531192
0.3910638094
0.3534367085
0.3043823838
0.1271097362
0.1608552039
0.3149324358
0.4557628930
0.3640571535
0.2153376639
0.4004172087
0.5368161798
1.6600508690
0.2576842010
0.1656103581
