0.5304548740
0.1672455966
0.3103148937
0.3992610872
0.1068134382
0.5085188150
0.0877560899
0.1413930953
0.1279462576
0.0485007688
0.2093169093
0.1148926243
0.7394144535
0.1019014865
0.1090429127
0.5860403180
0.2175959349
0.2058193386
0.4146262407
0.1055924445
0.1207640842
0.1269498914
0.1633979231
0.0898297802
0.1126640290
0.0946287811
0.1031962186
0.0968338773
0.0919392034
0.1363817304
0.0273302775
0.0819989517
0.2560676038
0.1354326010
0.1014318541
0.5368684530
0.3937475383
0.1147829443
0.0981294885
0.1047425494
1.5385992527
0.1102053821
0.6480256915
0.1039859951
0.1099411473
0.1100575328
0.7621670365
1.9246722460
0.0940228403
0.0966978446
0.1167700887
0.3734875023
0.0966901705
2.5802016258
0.3189102709
0.1032585651
0.0982253999
0.0838894770
0.3416942954
0.5218085647
0.4132555127
0.0663671717
0.1151782200
0.0901464075
0.4910923839
0.2012772858
0.5041933060
0.3247298300
0.0884163156
0.5375983119
0.1026325524
0.1706286818
0.1919520050
1.1353701353
0.1062399223
0.1611802876
0.0763113201
0.0990151167
0.1007941142
0.1303211153
1.1462616920
0.8774648309
0.2615481019
0.1033891663
0.1030016169
0.0911038667
0.3002125919
0.4021306038
0.1413436383
0.1082770526
0.4683486521
0.1681279093
0.6077958941
0.1170646325
0.2031065375
0.0911362469
0.0567239448
0.1298862994
0.2174718529
0.4021564424
0.1154750586
0.0382378474
0.1027603000
0.1158186793
0.6081932187
0.1321040541
0.4785151482
0.6430366635
0.1139534041
0.0867453590
0.1140519977
0.1142717078
0.4481780231
0.4376987815
0.4432716072
0.1212904528
0.0704336315
0.1525730044
0.0876635313
0.2441875488
0.3011893332
0.4537099600
0.4190951884
0.0937656537
0.4117635787
0.4858199954
0.1169164628
0.1939409226
0.5450012684
0.0892199576
0.5240959525
0.0844270363
0.1411148906
0.4612401724
0.1132118478
0.1060439795
0.1331106871
0.1062851548
0.0961984545
0.0245608035
0.2545199096
0.0858639479
0.2041409612
1.5076819658
0.1319196969
0.7659397721
0.2117199600
0.2593117654
0.0973645151
0.0975013822
0.2645289004
0.1578168273
0.0890037268
0.4370921254
0.4495714903
0.1127460971
0.5062429905
0.1093483493
0.0112793446
0.5390737653
0.0913181901
0.1319524497
0.0860295966
0.1051880419
0.3755636811
0.2217606604
0.0901986063
0.1160911694
0.0133107472
0.0951049030
0.1076808944
0.0936616510
0.2013770938
0.5085079670
0.1080985591
0.2253161073
0.0913678184
0.0964481905
0.0905211493
0.4042894244
0.0678146109
0.0928069353
0.3189923465
0.0994279981
0.1029910520
0.4464358389
0.1049232036
0.1673495770
0.1025141180
0.1708074212
0.3172093630
0.1246271655
0.0945539623
0.3096892834
0.1086986363
0.0990005806
0.1196123064
2.1856234074
0.1417288333
0.3958886564
0.0811190382
0.3989843428
0.5732998848
1.5093634129
0.1314231902
0.1903138459
0.4928661585
0.4058026075
0.1029848605
0.5057503581
0.0738004893
0.1080353037
0.1219174713
0.6219272614
0.1049600542
0.0976431072
0.2238914222
0.4968074560
0.1352700442
0.8070836663
0.7160012126
0.0988916308
0.1010315046
0.0972418115
0.6278004050
1.2698413134
0.1626341343
0.0767211840
0.3588416874
0.0633035079
0.4738021493
0.1125602126
0.1083058193
0.0901219025
0.8022198677
0.0936984792
0.1714557409
0.2813599706
0.9487078190
0.1989513338
0.6551804543
0.5060652494
0.0881861374
0.1015291810
1.3176114559
0.0633804426
0.0987792164
0.0770125091
0.2890749574
0.1908517033
0.1199653372
0.0871307701
0.5477669239
0.0972882286
0.0876080021
1.3641576767
0.4414616227
0.0775920153
0.0862169415
0.4616045058
0.1143869758
0.0978426486
0.0995758623
0.3306145966
0.3953874409
0.4410402179
0.2393770814
0.4135844707
0.1082585901
0.0679802746
0.0988691375
0.0935646594
0.2141577452
0.2462473363
0.1094626561
0.0288062934
0.1098123565
0.0943657532
0.1082618386
0.0922523662
0.0931962430
0.8680562973
0.1228431165
0.1810561866
0.0909515172
1.3963799477
0.1105431393
0.1043812558
0.4947394133
0.4056162834
0.4485498071
0.1752355248
0.4517524838
0.5173191428
0.1234800220
0.1158095971
0.0987258404
0.4780477583
0.0920588598
0.0668486059
0.2031694949
0.1219861805
0.5867390037
0.1966926903
0.1139004529
0.3551094830
0.0851655602
0.5709717870
0.3677623570
0.1174801290
0.4069221616
0.0861139372
0.6310809255
0.1171046719
0.0375715941
0.0885032937
0.0516783670
0.1475264281
0.1159189269
0.5879454017
0.0856966525
0.5361479521
0.0957560912
0.4942020178
0.0917312503
0.1084066778
0.4251918495
0.0973546579
1.0002908707
0.2284967452
0.1501098126
0.3987863064
0.0904536247
0.0992422029
0.1129516736
0.1048989519
0.0875595286
0.0957677737
0.8189050555
0.5694695115
0.5674110651
0.1149309948
0.0947208405
0.1264701933
0.1567203552
0.3808786273
0.2265452147
0.3132253587
0.3396649361
0.1056884304
0.2018613368
0.0072948313
0.1142067537
0.1136443913
0.1208154559
0.1239832714
0.1613037586
0.5693979859
0.9659922719
0.5313482285
0.6323593855
0.0931485370
0.3996847570
0.1187090427
0.4529425204
0.4996465147
0.4194748104
0.2637671530
0.0015999561
0.0884112120
0.1231765971
0.1085750312
0.0869734436
0.2867503166
0.0971295536
0.0977169350
0.1545600295
0.0962474197
0.4807453454
0.3613211215
0.0831633508
0.5326665640
0.5178123713
0.3248733282
