0.1293563694
0.1766803861
0.3128958941
0.2232286483
0.3722127080
0.2408121228
0.2686730921
0.7834722400
0.3333304524
0.1551571041
0.5227956176
0.2884351611
0.7234255075
0.7026516199
0.4218918383
0.1476236880
3.2653577328
0.5356643200
0.2432355583
0.2386420369
0.1510009319
0.5422136188
0.2582966685
0.3242247999
0.2130440623
0.6895186901
0.3123263419
0.7044858336
0.2069161534
0.2242392600
0.2724985480
0.1417688131
0.1714098006
0.5024887919
0.1795313209
0.5683284402
0.1655776501
0.3064319193
0.2484032512
0.7814338803
0.2091645747
0.2412709743
0.2592436075
0.2512163222
0.3364934623
0.1465993971
0.1663258970
0.7231103778
0.2232494056
0.3012130857
0.2192417830
0.2647399008
0.2690294385
0.2363451421
0.2149424702
0.4911006391
0.7121876478
0.4598185122
0.1859208196
0.6672867537
0.1962763667
0.3029389679
0.1860823482
0.6348365545
0.2610224187
0.2384649515
0.4238950610
0.9387479424
0.6514272094
0.7667919397
0.2101582736
0.1747198999
0.4034937024
0.2305768430
0.2068084329
0.2123287171
0.6945546269
0.1878340691
0.4037534595
0.3111625910
0.1295063198
0.3128404319
0.6348010302
0.2034555376
0.2249584347
0.2173623592
0.1374487877
0.1625506282
0.3802869618
0.4929291308
0.1954793781
0.2531124055
0.5373010635
0.1871854812
0.1826784462
0.5049641132
0.2073338777
0.4657690525
0.1682357639
0.4822812974
0.1712817103
0.1983184218
0.5489853024
0.3234249949
0.1897944957
0.2801323235
0.4857350886
0.1710540354
0.2566539049
0.2379759848
0.2783513665
0.1944231242
0.1721823514
0.7441541553
0.1536334902
0.1866686642
0.1482809484
0.1481158584
0.9996227622
0.3659779727
0.4507705867
0.2816697955
0.2408133894
0.0846027285
0.2974760234
0.3153698444
0.1885775775
0.6719549298
0.4485282004
0.1899739206
0.3334124982
0.7857672572
0.2304808199
0.8360983133
0.6235657334
0.3136571646
0.5494689345
0.2005204856
0.3056443334
0.2029569745
0.6004139185
0.3151377141
0.5201103091
0.1666600704
0.2457930744
0.2349683046
0.7355519533
0.1862477511
0.2423185706
0.3000564873
0.1688120067
0.3657282591
0.2616722584
0.1727814078
0.1800011098
0.4029082060
0.2288042754
0.3491962850
0.4837618172
0.3273214698
0.5375021100
0.5429799557
0.1769285798
0.2979844809
0.2082039714
0.2714770734
0.1488585621
0.2057507336
0.4538764060
0.1605739444
0.1772375554
0.2306919992
0.1865200549
0.1500853002
0.1108533219
0.2716135681
0.6933344603
0.2452446818
0.1390447915
0.4798913896
0.1958669573
0.3459983468
0.2527722716
0.2567024827
0.2929427624
0.4837963581
0.1424342692
0.5211294293
0.2825184762
0.3930789232
0.3058068454
0.0893657729
0.2294553518
0.4602879286
0.5447899103
0.5721068978
0.1736996025
0.2302953750
0.2816293240
0.7484154701
0.1394899935
0.4974372685
0.3057662547
0.2692497671
0.1708070040
0.2444182187
0.7199207544
0.5035185814
0.1501512825
0.4335028827
0.1333855242
0.2719820440
0.9127293229
0.2328079194
0.1584824771
0.2938393354
0.1482087523
0.6172938347
0.2214270234
0.0433727019
0.7982984781
0.6286679506
0.1659632474
0.2768444717
0.2805796266
0.2516206205
0.2056066543
0.5932134986
0.7157953382
0.5487909317
0.3503966630
0.3169108629
0.5790552497
0.3323478699
0.1571326852
0.1773698628
0.1805165559
0.2332336009
0.3134966195
0.1678988487
0.2087810636
0.1124972180
0.4081864953
0.1565562785
0.6841836572
0.6260771155
0.2411442846
0.0180204250
0.7685610056
0.6512227058
0.7690061331
0.7934312820
0.2802102864
0.2886995971
0.4834010899
0.1918375045
0.6748951674
0.6365166306
0.2817360163
0.8267469406
0.2662265897
0.8428087831
0.2722469866
0.2767423093
0.5622445345
0.3419916332
0.1664680243
0.2464987338
0.2985723019
0.4638053477
0.3856256604
0.1968340874
0.2123562098
0.5634015799
0.3143531382
0.2209276557
0.7770813704
0.1732387990
0.1580685973
0.1645130664
0.1680711359
0.3594097197
0.1996280104
0.2260640115
0.5946021080
0.1674156934
0.8943676949
0.2582194209
0.3369938731
0.1888106316
0.5260376334
0.5589866042
0.2449792773
0.7324802279
0.6000123620
0.6205133796
0.5732018948
0.2892946303
0.5592221618
0.7453123927
0.4450998008
0.4834604859
0.1971085370
0.2205131054
0.2670461237
0.1371846944
0.1610692590
0.2350624502
0.2166452259
0.2390150726
0.1582432687
0.5829792619
0.3068989217
0.1323323697
0.0656887963
0.6455211639
0.6550277472
0.1702527553
0.3228203356
0.1502663046
0.8369038105
0.5808833838
0.2303477675
0.8435868025
0.1749985069
0.1669434756
0.2032278478
0.2920936644
0.1477726251
0.5859069228
0.2766537964
0.2274240553
0.1857133806
0.8277351260
0.3682352304
0.3382658064
0.2807580233
0.1473659426
0.6202921271
0.1577697694
0.2709900737
0.2656135857
0.1531655043
0.3079306483
0.3695914149
0.1622290760
0.6986251473
0.1291493177
0.2501631975
0.5535219312
0.2380404770
0.1140917540
0.5821343660
0.2010292113
0.2364483178
0.1031097099
0.4767582119
0.2940427363
0.2836236060
0.5609454513
0.1609515995
0.2204968035
0.2009588629
0.7967736721
0.2150118798
0.2858769894
0.5610693097
0.1899837703
0.4086896181
0.2111754864
0.7096089125
0.6781468987
0.6691839695
0.2180563509
0.2486521453
0.1839731485
0.1980267614
0.8674322367
0.2690106332
0.1371098161
0.5755169988
0.2208513021
0.2282989174
0.7137895226
