0.4305395484
0.3969669342
0.3995591402
0.5153610706
0.4930494130
0.4503947496
0.4733731151
0.4316993058
0.4899465740
0.3254228830
0.4520717859
0.4342720807
0.5113765597
0.7812461853
0.4089682400
0.4180136919
0.6440528631
0.5333722830
0.4817834496
0.3939968646
0.3309446275
0.4456959963
0.4171412587
0.3880549669
0.4816494286
0.2555378973
0.3920462132
0.6376490593
0.3876281679
0.2924506366
0.4075125158
0.4225987196
0.3831891119
0.4916542470
0.4085113406
0.4392254353
0.3797661364
0.4623349011
0.4812920094
0.5166773796
0.5767871737
0.3541294038
0.3611033559
0.3482708633
0.5965134501
0.3371687233
0.3806548119
0.6328562498
0.3500548303
0.3514358699
0.4634490907
0.4138662815
0.4405939877
0.5570941567
0.3818574548
0.4653002918
0.5986815691
0.6828877926
0.4348951876
0.3287383914
0.3667521477
0.6054849625
0.4966593087
0.5626974702
0.3644495308
0.4556380808
0.5313451886
0.6481090188
0.7377104759
0.5376966596
0.5321993828
0.3801646829
0.3645876348
0.4364747107
0.4818334877
0.3526663482
0.5258498788
0.3556462526
0.3676242232
0.4812541008
0.3530426323
0.4863057137
0.3262480497
0.3442912996
0.4001361728
0.4948796332
0.3450525701
0.3529435396
0.4933841527
0.4306670129
0.4038234055
0.4245981574
0.5306873918
0.3571462631
0.3463479280
0.4101651907
0.4671142101
0.3904671073
0.3668273091
0.6257953644
0.3389181197
0.4566520452
0.3143489659
0.6631370187
0.4501207471
0.3999564350
0.4905339181
0.3523928225
0.4130975902
0.4552427530
0.4930489957
0.4040154219
0.3870107234
0.4402371645
0.3621876836
0.3863252401
0.4347855151
0.2525497079
0.7360818386
0.5997454524
0.5903657675
0.4877834916
0.4309770167
0.4376190305
0.3671986163
0.4694101810
0.3660239875
0.4070460796
0.5559847951
0.3648632169
0.4869998991
0.4276293516
0.4463439286
0.3578954935
0.4200682640
0.5106422901
0.3712289035
0.4048603475
0.5116943717
0.4952097833
0.2558897436
0.3928908706
0.4815503061
0.3449679017
0.4969893694
0.3453747034
0.4137686789
0.4756015241
0.3839999437
0.4251947403
0.5178555250
0.5277540088
0.4564719200
0.4588457942
0.3937106431
0.4039742351
0.3239985406
0.4310604930
0.7101021409
0.3942131698
0.4163807631
0.4632669687
0.4276010990
0.5599562526
0.3968385756
0.4044976532
0.3501501977
0.4188744128
0.3914450407
0.3721279502
0.4696033597
0.5104116201
0.4594105184
0.4385404587
0.3996635079
0.4170069396
0.5256160498
0.3526718616
0.3121812046
0.6412792206
0.4775264859
0.4271470010
0.4376984239
0.5732981563
0.3852455914
0.4065676033
0.3685426712
0.5747451186
0.3942511380
0.3928275108
0.6312394142
0.5931551456
0.4299241006
0.5930373073
0.5735712647
0.3962785006
0.4744950235
0.3773854077
0.4427349567
0.6132451296
0.4357717335
0.4101778865
0.5522393584
0.3639114201
0.4669224024
0.4511168003
0.5263942480
0.2373836935
0.4308875799
0.4982011616
0.3842376173
0.4944947660
0.7585949302
0.5078684092
0.3742197752
0.3412425220
0.5940934420
0.2631314099
0.3859300017
0.6183965802
0.7055867910
0.4007325470
0.3758110702
0.4407348335
0.4031913877
0.4300855994
0.4424790740
0.4297555089
0.6153985858
0.3756579459
0.3829705715
0.4464849830
0.4508139491
0.5855141878
0.3579021096
0.3851902485
0.4021334350
0.5150147676
0.5565471649
0.4295163453
0.3644187152
0.3174242377
0.4031030238
0.3761284351
0.4254859686
0.3950393498
0.5545032620
0.5553061366
0.4748872817
0.4252357483
0.5248718262
0.5116866231
0.4473973215
0.3680611253
0.3613194525
0.4090768993
0.8330511451
0.4332406819
0.3422151208
0.5398703814
0.4383322001
0.5187231302
0.3517353237
0.3667966723
0.4857500196
0.3522591591
0.3052190244
0.4839612246
0.4400639534
0.6380909681
0.4906725883
0.4710875154
0.4419264495
0.3426968455
0.4416685402
0.4156405628
0.6898272634
0.4574662745
0.4104572535
0.4007318020
0.4181860685
0.5457201600
0.3901491165
0.3251756728
0.4541989863
0.4669623375
0.5112719536
0.3920073211
0.4620763958
0.4767551720
0.2764298618
0.5967293978
0.4583319128
0.4832270741
0.3589393795
0.4148539901
0.3959217966
0.4120446444
0.4017257988
0.5314777493
0.4949038327
0.3671168387
0.3738046288
0.4275317490
0.4010699987
0.4386975169
0.3691082597
0.4296759069
0.3723381460
0.4849708676
0.3388264775
0.4047150612
0.3253847957
0.4362524450
0.5620365143
0.4502272904
0.5499026179
0.4562394321
0.5009146929
0.3604045510
0.4457307160
0.4811629951
0.4183046222
0.7025555372
0.3938864768
0.4166719317
0.4314435422
0.5140317678
0.4690219164
0.2975648642
0.5185899138
0.3890876770
0.4321232140
0.4126649201
0.4026569724
0.3619118929
0.4592493474
0.3671280444
0.5232328773
0.4098983407
0.4620190561
0.3291684091
0.3294298351
0.4721527100
0.4016087651
0.3996152878
0.5768511891
0.4554041326
0.4253818095
0.4268444479
0.4097571373
0.2963065803
0.3612570167
0.4278056026
0.3708223104
0.2812902331
0.6643596888
0.4892891645
0.4679834545
0.5381738544
0.4382902682
0.4285588861
0.5713739395
0.4838873446
0.4209704399
0.3880416751
0.5074288845
0.3353573084
0.5513092279
0.3630896211
0.3091047108
0.5418606400
0.4088684022
0.3275166750
0.3708072007
0.4523135424
0.4323720634
0.5179751515
0.3756807745
0.3553788662
0.4563890994
0.3867708147
0.3854867220
0.8681979179
