0.4602634311
0.1718723327
0.8367888927
0.2565795183
0.4174477756
0.4214920998
0.6573304534
0.3732905984
0.0972615778
0.7222013474
0.3610435128
0.4272881150
0.7085981965
0.2217995673
0.2529892623
0.3332682252
0.2073240280
0.2845376134
0.1953941733
0.8130584359
0.3833606839
0.2985414565
0.4479450583
0.2856131494
0.3520707488
0.2049199194
0.5580963492
0.4051170647
0.2697856426
0.2295826524
0.2860699892
0.2448330224
0.2947016656
0.2242169529
0.2855811119
0.3019417226
0.3093975484
0.1930397898
0.5670627356
0.3145934045
0.3282757103
0.7469372153
0.7948461175
0.3345974684
0.2363179326
0.2463645637
0.2691987157
1.1474742889
0.2488783151
0.5862374306
0.1800815314
0.1893830895
0.6875877976
0.6843998432
0.3830092847
0.5149515867
0.6795448065
0.8257392049
0.2669649422
0.1782714128
0.3129165471
0.3708873689
0.2091518492
1.5201628208
0.2175772637
0.2880722880
0.2243492752
0.7653349638
0.7367323041
0.4729564488
0.2096791565
0.2824358046
0.4186837375
0.8636810780
0.6941009760
0.2020673901
0.6087014079
0.7190399170
0.3732316494
0.6698116660
0.4360554516
0.5507076979
0.2583006322
0.2417759448
0.3375627995
0.2739125192
0.6972253919
0.3949464262
0.0865999460
0.7355654836
0.2024460882
0.2820166051
0.3027089238
0.2322187573
0.2858648896
0.6899558902
0.8699414134
0.8584365845
0.9570603967
0.6536398530
0.2256759405
0.3825594187
0.2542099059
0.2398875356
0.7668468356
0.9266581535
0.2398703396
0.2210717946
0.4681756496
0.1310837567
0.3827159107
0.6452639699
0.3169294894
0.2189187258
0.2090232968
0.2608227730
0.2125145346
0.2229889482
0.2639723420
0.6396949887
0.8473745584
0.2041255534
0.7355024815
0.3107831776
0.4033991396
0.5710816383
0.1790443063
0.2736668587
0.2458316088
0.2170976400
0.5285698175
0.8104466200
0.2130968720
0.2303971499
0.1890386641
0.2121979296
0.4665392041
0.2806568146
0.6694017649
0.3821301758
0.2051703185
0.5225263834
0.7974983454
0.2403095663
0.1489424407
0.7396339178
0.3610566258
0.6242440939
0.2606088519
0.2912837863
0.5137279630
0.2448364645
0.3451630771
0.6056957245
0.2409839928
0.1680295318
0.2519440055
0.2238774002
0.1810132414
0.5105147958
0.3333198428
0.5802779794
0.3333291411
0.1715913713
0.7075104713
0.2890951335
0.2039887905
1.1695913076
0.2064894140
0.7277809978
0.7451771498
0.2598376274
0.5091864467
0.6163734794
0.2233329117
0.2371926755
0.1361186504
0.3282167614
0.2137121856
0.2327149957
0.2424032390
0.5067753792
0.2177308798
0.1601884365
0.8541522622
0.7861130238
0.4969441593
0.1384060383
0.2516092658
0.3590722084
0.1772498935
0.2265874296
0.5264753699
0.2921302915
0.6665366292
0.1235121340
0.2746461034
0.3518445790
0.2413710654
0.3400133550
0.7260099649
0.2836835980
0.2053937465
0.3826383352
0.3814397156
0.3462752104
0.4510772824
0.7541812658
0.3405408263
0.2359494716
0.2283550054
0.2615692914
0.3702608645
0.2775262892
0.2959617078
0.2596741319
0.2611124218
0.7534914017
0.7174342275
0.2243289649
0.2683471143
0.5000517964
0.3827213943
0.2485497743
0.1338053346
0.2781311870
0.2714659572
0.4253812730
0.2353716791
0.5953652859
0.7896993160
0.2795722783
0.7822160721
0.8728622794
0.2288175374
0.2538283765
0.3296667635
0.2494996190
0.2409463972
0.5184692144
0.0822457671
0.1748539656
0.3712515235
0.2815437615
0.3488475382
0.7334828377
0.7684250474
0.2487988621
0.2498108298
0.2324019521
0.8369432688
0.2484170198
0.5720198154
0.8638600111
0.2126280516
0.2291548848
0.2877574861
0.2495593727
0.4733586907
0.2262466252
0.2343508303
0.5669361353
0.5527673364
0.4381394088
0.6510540247
0.2114426345
0.2253503352
0.2187847942
0.2851389349
0.1773321331
0.6725206971
0.2813844979
0.3140402734
0.2670532763
0.6275448203
0.7842183113
0.2449136376
0.1611603498
0.2171707153
0.2509137690
0.2554877996
1.0118730068
0.2307004780
0.1777123809
0.4237915277
0.2390510291
0.4330677390
0.2642741799
0.2116766721
0.6505687237
0.8359639049
0.2982456982
0.2414103746
0.6001356244
0.8302510381
0.2327755243
0.7764855027
0.6353447437
0.4146825969
0.2433312833
0.8089321256
0.0786799043
0.4620194137
0.2885935009
0.1021613330
0.7947403789
0.6970960498
0.2538416982
0.4165513515
0.3358622193
0.7709062099
0.5209355354
0.3206366003
0.1742690206
0.6154438853
0.3220748901
0.2691366971
0.2504974902
0.2087277174
0.2362738103
0.3269440532
0.2972917259
0.6670959592
0.6467823982
0.5282663703
0.3446248472
0.8296745420
0.3675262928
0.2555897534
0.4506734312
0.3278970718
0.2926549911
0.1578551382
0.3671220839
0.6807389259
0.2984242141
0.3573440909
0.3344314396
0.3169319332
0.2320781052
0.3880579770
0.9578012824
0.2273730040
0.6815652251
0.2610661089
0.1947613657
0.2555858791
0.3604771793
0.3825670481
0.2975645363
0.2448065579
0.4803082645
0.9131925702
0.7081607580
0.2192371041
0.1053386927
0.3754007518
0.2223804146
0.3190552592
0.2456733733
0.1802478135
0.2538010478
0.5041126609
0.1931974292
0.3837815225
0.4180867970
0.3388015628
0.5673714876
0.4399405420
0.6793504357
0.2768549919
0.2591164708
0.2236235142
0.2565285861
0.8739696145
0.2616473734
0.1739441752
0.3174359202
0.1746610552
0.2677092552
0.1721134484
0.2451185584
0.3066872656
0.2609420419
