0.5526083112
0.4532613158
0.4293036163
0.3957688510
0.5183591843
0.3487609923
0.4495717883
0.3055434823
0.3871549070
0.3865769506
0.4705232978
0.3606449366
0.3670793772
0.3613173664
0.4121442139
0.4807896018
0.4518574178
0.5378476381
0.3466776311
0.4012536705
0.4459449351
0.4196079075
0.3625271022
0.5346207023
0.4264455438
0.3547067046
0.4273818433
0.3518033624
0.3901857138
0.4202333391
0.5014035106
0.4089965522
0.4206062853
0.3787351251
0.4030954540
0.4167422354
0.5884858370
0.6038809419
0.4753935337
0.3623725474
0.5203944445
0.3784258366
0.6473309398
0.4582581222
0.4662176669
0.3578038514
0.3786799610
0.3683959544
0.4399582744
0.3971526325
0.1886815727
0.5947492123
0.5099720955
0.4635206461
0.3865624070
0.4442263842
0.4091234207
0.4069928527
0.4797775149
0.3729245365
0.5155482292
0.5813201070
0.4013408720
0.4237472713
0.4092001915
0.5611879230
0.5239675045
0.3399632573
0.5115411282
0.3127401769
0.5622019172
0.4216442704
0.5166222453
0.4351681471
0.5931639671
0.4799236655
0.4094879627
0.4434598982
0.4104783237
0.4494575560
0.4750632346
0.5104492307
0.4761462808
0.4479637444
0.4856362641
0.4244011939
0.5860925913
0.4336388707
0.3336979449
0.4317966998
0.3653870821
0.4751574993
0.4443718791
0.4052153528
0.4111167192
0.4341634512
0.4562206268
0.3350044489
0.5931696892
0.2246076167
0.4406901002
0.4071518779
0.3034546673
0.3865214288
0.5690492392
0.3864875436
0.3312973380
0.3975704908
0.4891700745
0.3547219038
0.6790239215
0.5368847847
0.5920184255
0.4169366956
0.4847197831
0.4651852846
0.7655285597
0.5638579726
0.6490526795
0.4685523212
0.3030554950
0.5372149944
0.4420698583
0.4234537780
0.4132598937
0.4282960594
0.4663851559
0.3961162567
0.5060724616
0.3089747131
0.3419512808
0.6034030914
0.4451926649
0.4016825259
0.4454014301
0.4934380352
0.3563272357
0.4529609978
0.4423044622
0.4199171364
0.4402617812
0.3942279816
0.3318228126
0.3191726506
0.4126957953
0.5315212607
0.5291440487
0.3769915104
0.5366696119
0.1643542200
0.3484253883
0.4492033720
0.4076409638
0.4041823745
0.6254849434
0.3089527488
0.4417574108
0.4099691808
0.4981240630
0.4762143791
0.6584224701
0.4277685285
0.5653415918
0.9045619965
0.4123940766
0.4808911979
0.4139205813
0.4520468116
0.3281924129
0.4532567263
0.4657033980
0.4836997390
0.3996393383
0.4700576663
0.5052376390
0.4888477027
0.3589550257
0.4812819362
0.3434756696
0.4156455696
0.5439063907
0.4382276237
0.4417381287
0.3986821771
0.5840973854
0.5418884158
0.6316775084
0.4495696425
0.3761184216
0.6938253641
0.4375117421
0.6706874371
0.7729213238
0.4426700175
0.3631193638
0.3956155479
0.4923311472
0.4423349202
0.4804010391
0.3660356700
0.4164865017
0.4706060886
0.3497017622
0.3879724741
0.4349262416
0.4255181253
0.4575328231
0.4420202374
0.4294997454
0.4936434627
0.4649319053
0.3648998141
0.5294591188
0.4310100377
0.3739726543
0.3617918491
0.6397672892
0.3790139258
0.4222530425
0.4190353453
0.4287636578
0.5973809361
0.3898510337
0.4570535719
0.6709414124
0.5020976067
0.4609696865
0.4121838510
0.4521660507
0.4949176908
0.3920602798
0.6515497565
0.4351938665
0.3392563164
0.3612475991
0.4694636166
0.4321880341
0.3582123220
0.3368140459
0.4149034917
0.4027708471
0.5972964764
0.4681429565
0.5505708456
0.4014606476
0.3991082311
0.3907231092
0.4307526052
0.3698983490
0.4242284596
0.4559291303
0.4591244459
0.4496913254
0.3969644010
0.2233055234
0.3960908055
0.3738761246
0.4761639237
0.3807049096
0.2449474484
0.2408251166
0.4693448246
0.4758065343
0.4599874318
0.4886802435
0.4276011586
0.3792285621
0.3836404681
0.5327097178
0.4472278655
0.3837879896
0.4530588686
0.3352662921
0.4216561615
0.3914960921
0.4425082803
0.6609316468
0.4122302532
0.5174160004
0.5951883793
0.5170322657
0.4338579774
0.4632181823
0.3588963747
0.3614647985
0.5658422112
0.4211750627
0.4485609531
0.4497204721
0.3401447237
0.3405099213
0.4167465270
0.3565160036
0.3993278146
0.3978942633
0.4419984519
0.4868329763
0.3467559516
0.3600557745
0.5573389530
0.4095429182
0.6054744720
0.4241520166
0.5631868839
0.4470660985
0.4621834159
0.3515304327
0.4124303460
0.4757024944
0.4100967348
0.3285342753
0.4997614622
0.4438773990
0.4027692378
0.4121521413
0.3858771920
0.4162147939
0.4124732912
0.4200751483
0.4689325094
0.3633124828
0.3740684688
0.3364723921
0.5597301722
0.4276446700
0.3275405467
0.3664227128
0.3863523006
0.3728193343
0.4681901634
0.4237968624
0.5577991605
0.4136874974
0.4330081046
0.4336583912
0.4870064259
0.3674368262
0.4118559062
0.4006934762
0.2989825606
0.3981454670
0.4394538999
0.4178382754
0.4760001302
0.3983131945
0.3774015009
0.5657086968
0.3727547526
0.4559344947
0.4627232850
0.5097813606
0.5451236963
0.4149771333
0.3459646702
0.4120219052
0.4018605351
0.6417496204
0.4401006997
0.4646251798
0.4660042524
0.4697294831
0.3642264605
0.3385672271
0.5636706948
0.4334130287
0.3779879510
0.8340104818
0.5535884500
0.4713166356
0.5682373643
0.4479205608
0.4903229475
0.3233124316
0.5894963741
0.4525784552
0.4258607328
0.4309651554
0.5042295456
0.4300777912
0.4638041258
0.5486407876
0.3714066148
0.4400682449
0.4348787963
