0.5945887566
0.2980507314
0.8709126115
0.2983340919
1.4111040831
0.3276957870
0.2094278783
0.2095924318
0.2884585559
0.7281742692
0.2517786622
0.2737047076
0.3251132667
0.3732250929
0.8097640276
0.6919056773
0.3248209357
0.2654992640
1.2549664974
0.7856498361
0.7705955505
0.2371118069
0.4702935517
0.3276475370
0.5962856412
0.2222750634
0.3237762749
0.3547239900
0.9685017467
0.3139505684
0.8709321022
0.0228689052
0.4581232965
0.3091024756
0.2966687381
0.1808080077
0.3713167012
0.5258770585
0.0556731075
0.3629368544
0.3777188063
0.2553119659
0.5733045340
0.2490341514
0.2727827132
0.3134851754
1.0108634233
0.8141335249
0.3251835406
0.2672929168
0.1993792802
0.2450712919
0.2815574408
0.2486634254
0.2876064777
0.2187832743
0.2649655044
0.3760806322
0.6114727855
0.2305017263
0.7592166066
0.2887297869
0.3426344395
0.1838893294
1.2822456360
0.2706089318
0.3200376928
0.5673472285
0.1556268483
0.2689865530
0.6040319204
0.3187921941
0.3618141115
0.6646763682
0.2198951095
0.1878436059
0.3669076264
0.9018212557
0.2860816121
0.2777216434
0.3149853647
0.2359849811
0.3751594424
0.2497282028
0.0671630949
0.4228498638
0.1637576818
0.2815457582
0.4001015127
0.2365953475
0.1764905453
0.0722993612
0.3909815550
0.2874554098
0.3080246449
0.5946093798
0.2730353773
0.2560526431
0.2019503713
0.2081467360
0.1436173618
0.2937512398
0.2467130423
0.2215266973
0.2023628503
0.5843504071
0.6038501263
0.4319166243
0.1287089586
0.3372563720
0.2640894651
0.3835669458
0.2362882197
0.2160155624
0.1337290406
0.2454419434
0.7591830492
0.2605269551
0.8088693023
0.3192503750
0.2844534814
0.3767518997
0.2696928084
0.9675167799
0.2475073338
0.3786644042
0.2178321183
0.2242621630
0.2116085589
0.3163394928
0.2733946443
0.2797343731
0.9158166647
0.3123240769
0.3221353889
0.2226692289
0.3488748670
0.3185828030
0.2278590649
0.3071394265
0.3049034774
0.2309682071
0.1106527746
0.1920829117
0.2631685138
0.6228308082
1.3903504610
1.7245322466
0.2494110465
0.3118775189
0.3320774734
0.2601618171
0.3908822834
0.2624363303
0.2888295650
0.4172350466
0.3748162985
0.2863581777
1.1485582590
0.3174060583
0.2550105453
0.3408358693
0.3004793823
0.3292210102
0.9596601129
0.6846325397
0.6576767564
0.2056705803
0.3091082275
0.2904099226
0.3078861237
0.2129534334
0.8496170640
0.3078790009
0.3729671240
0.2912400961
0.2144990265
0.7182668447
0.8858401179
0.2795930803
0.3257652819
0.3305671811
0.4264782965
0.3131327331
0.1312073767
0.2736680508
0.2637709677
0.3264310658
0.2453124821
0.2662936449
0.7077651620
0.2260184288
0.2095700502
0.3233304322
0.4485172331
0.2863976061
0.2891975641
0.2241424918
0.2727892101
0.1496661305
0.1598742306
0.1881447732
0.2970841527
0.1827519983
0.9401633739
0.2228878289
1.4101375341
0.7659126520
0.5306355357
0.2957104146
0.6278229356
0.2229837179
0.2564502954
0.1724892706
0.2138442993
0.2456371188
0.4216023088
0.6048547029
0.1707327813
0.2155746222
0.2212242037
0.3877815306
0.1288519353
0.1779318601
0.3101708293
0.2216335535
0.9267008901
0.3735604286
0.1231525391
0.4793884158
0.4323989153
0.3228774369
1.0756828785
0.3002141416
0.2658436894
0.3321515024
0.0949947461
0.3556034863
0.7052789927
0.3268986642
0.5210691690
0.3049786687
0.6226158142
0.3010563254
0.2880803943
0.2885214984
0.1804215163
0.2442994416
0.2664560080
0.3314482272
0.2384120822
0.6837484241
0.3788851202
0.2494968921
0.1747973859
0.2243156582
0.3201656342
0.2610990703
0.2273707688
0.3917011023
0.2718662024
0.3125691116
0.2770093381
0.3200755119
0.3570070267
0.2536325753
0.2528136075
0.3233944476
0.2528105080
0.3017013371
0.1893573105
0.1764062643
0.1883193254
0.2456363440
0.3557949066
0.2071334273
0.2719907463
0.4031633437
0.3147034049
0.3286824524
0.2841657996
0.3126634955
0.3154504001
0.1825335920
0.2946887612
0.2338015288
0.3095327318
0.0265105888
0.2675584853
0.2923840582
0.5896049142
0.3488251567
0.3077221811
0.3601552248
0.3250189424
0.7703988552
0.2479712814
0.2773911655
0.2222102880
0.2469838858
0.3642984331
0.2416248024
0.8469473124
0.3065631986
0.2384896129
0.8449636102
0.2341049165
0.2726536095
0.3394923508
0.2853142321
0.3332979977
2.0059080124
0.2047129273
0.2304917127
0.2426658571
0.3438464403
0.2234652340
0.3023274839
0.2135274112
0.2486040741
0.3932459950
0.3064433932
0.3597312868
0.3170750141
0.2961778641
0.3035263419
0.2611537278
0.3628302217
0.3553335667
0.2330751568
0.3153761923
0.2601985335
0.2269133925
0.2421309203
0.2537842691
0.2358537167
0.2500675917
0.7778938413
0.3664225638
0.2057340890
0.2090527117
0.2971150875
0.2527896464
0.3569607735
0.1058704555
0.2868828475
0.3225294054
0.3114319146
0.2344857752
0.2825430334
0.3576630056
0.3382030725
0.2172685862
0.3883710504
0.1995273083
0.3298618793
0.1956560314
0.3149182796
0.2224295735
0.2730363905
0.2415165454
0.2525671721
0.2688533068
0.2948740721
0.3051684201
0.4908546209
0.2636941671
0.1486477703
1.0146683455
0.2141989619
0.4312923849
0.2211511880
0.3072687685
0.3425634503
0.2284818143
0.1939759403
0.2185831964
1.0866535902
0.4314546287
0.3521933556
0.2638872862
0.3012610376
0.3105693460
0.2469934225
