0.2778811753
0.2958384752
0.1059997752
0.2398468256
0.3812407553
0.2818573117
0.1580114961
0.1925158501
0.3169934750
0.2826918662
0.2500244081
0.2716697156
0.2688792944
0.4085811973
0.1700017750
0.5748195648
0.2503218353
0.2278420776
0.7633477449
0.2484242767
0.0647723451
0.1859366298
0.2392615825
0.2551275492
0.4711318910
0.2478035241
0.3058902025
0.3180312514
0.2950015366
0.3583372235
0.4869861007
0.0501440205
0.4348299503
0.2168911397
0.2421412766
0.1651621908
0.3029551506
0.3837830126
0.4919739068
0.2956885993
0.3217713535
0.2870337367
0.5406428576
0.2480858713
0.2300609499
0.2529980242
0.1969849467
0.4783798754
0.2380280793
0.2326059192
0.1760072112
0.2193091959
0.1765806079
0.2368668467
0.3255472183
0.2792708576
0.1980656236
0.3972842395
0.3601715267
0.2498035133
0.6500908136
0.3147597015
0.3529042900
0.1641181558
0.4590049684
0.2683756053
0.2796261013
0.4099977016
0.1356855631
0.2848852277
0.1341081560
0.3713506460
0.3396871984
0.5246067643
0.2311006188
0.3598912656
0.3684431314
0.3106628060
0.2720941007
0.2082541585
0.3194385767
0.2218609601
0.3715013564
0.2224435359
0.1511874646
0.3646515906
0.1466254592
0.2797128856
0.2935701907
0.2439548373
0.1463849396
0.3511702418
0.3418491483
0.2577959001
0.2126865238
0.1723444909
0.2354770899
0.2537584603
0.1735475063
0.1458325088
0.1690171212
0.2959791720
0.2868692577
0.1828667969
0.1799630225
0.2827588320
0.2011736035
0.4214375019
0.2371329665
0.3058087230
0.2258455902
0.3645164967
0.2950415313
0.2302934974
0.1340404898
0.2734506130
0.2928901017
0.3529173136
0.2466797382
0.3221433461
0.2390785515
0.3300388455
0.3296930492
0.8569368720
0.2378176153
0.3388993144
0.2043359876
0.2122671306
0.4739427269
0.3160402775
0.2611129880
0.2871197760
0.1650957018
0.3014968932
0.2784920931
0.1880828738
0.3801929951
0.3189002872
0.1949252784
0.2247512937
0.2528280914
0.2235395461
0.4415971935
0.1477391571
0.3325483203
0.4596551359
0.5017665625
1.3813487291
0.2138243467
0.2637631297
0.3106661737
0.1989976913
0.2672384083
0.2453089952
0.2490519583
0.3555577397
0.2991667688
0.2485798150
0.4426173270
0.2507553101
0.2594669461
0.2059430331
0.3297892213
0.2699322701
0.1356321424
0.1977634132
0.1875392944
0.1979271322
0.2582784891
0.2494221628
0.2731677890
0.2107640654
0.2035159320
0.2787468731
0.3298818767
0.2623236179
0.1874892861
0.5047961473
0.3152777255
0.1862514615
0.2763163149
0.3438979387
0.2508310378
0.2851631939
0.2896351814
0.3418752849
0.2803278565
0.3012467623
0.2724043131
0.3411594033
0.5586321354
0.1976354569
0.1788937747
0.3011609316
0.3777333498
0.3115062118
0.2870206237
0.2230976373
0.3199123740
0.1419518590
0.1617961377
0.1520813257
0.2555842400
0.1537797898
0.2366052568
0.2014857680
1.0189657211
0.2222138196
0.0866115689
0.2567303479
0.5493991375
0.2141785771
0.2828020155
0.1648199409
0.1859882027
0.3361423910
0.5160534978
0.5540413857
0.1322719306
0.2108779997
0.2186210901
0.3255263865
0.1113897189
0.1782140583
0.2840215862
0.2099249363
0.6199532747
0.2968736291
0.1040951908
0.3281613886
0.3248441815
0.3151781559
0.3285677731
0.2553253472
0.2518011630
0.1829425991
0.4484169185
0.3496487439
0.3226587176
0.2918579876
0.5222259760
0.1807464659
0.1003651544
0.3097147942
0.2253394276
0.2754073143
0.1530460864
0.1985584646
0.2650075257
0.2862950265
0.2269543260
0.6234651804
0.4192751646
0.3211973906
0.1613335311
0.2503140569
0.3162197471
0.2258076072
0.2313335985
0.3596278131
0.2553844750
0.2132445723
0.2390787154
0.3093837500
0.3691408038
0.1953760684
0.2564239800
0.1992710084
0.2343888134
0.2609871626
0.1698630005
0.2034931779
0.3535099924
0.2180380225
0.3140809834
0.1969815791
0.2492608130
0.3638057113
0.2838710248
0.2243098468
0.2527133822
0.3115122914
0.2542275190
0.1894655377
0.2795592546
0.2281339616
0.2645654380
0.4094116688
0.3329420388
0.1938279569
0.4757575989
0.2288713604
0.3083153963
0.4836994410
0.3335840702
0.2345837802
0.3005258143
0.2438169122
0.4868862331
0.1905352324
0.3369119167
0.2100009024
0.1802389920
0.3182747960
0.2390510440
0.7901237607
0.2875020802
0.2446766347
0.3259076774
0.2512651980
0.3615355790
1.9404834509
0.1931826621
0.2423823476
0.2057577670
0.2533758879
0.2006324083
0.3110890985
0.1670401841
0.1998002678
0.2987950742
0.2765735984
0.3530462086
0.2794960141
0.3663559556
0.3223088682
0.1866268367
0.3077877760
0.3085633218
0.2351260185
0.2546042204
0.2125225514
0.1848389953
0.2691944540
0.2946950197
0.2239733785
0.2039162368
0.5391080379
0.3485867679
0.2048827112
0.1566965282
0.3039987087
0.2187024355
0.3110654354
0.3676690459
0.2293021530
0.3153225482
0.2764087915
0.2461536527
0.2564446032
0.2443515360
0.3099300861
0.1431886554
0.3428532183
0.1353741586
0.3044251502
0.2411447763
0.2687075138
0.2105229944
0.2844296992
0.2021467537
0.2522712648
0.2188465297
0.3337740302
0.2644906640
0.2882398367
0.2636342347
0.2188971043
0.1739649773
0.2083528787
0.4280128777
0.2386704385
0.1699164808
0.3053286672
0.2104249597
0.1765462905
0.2129638046
0.7297325134
0.4099338055
0.2733339071
0.3084083498
0.2796447277
0.2483384609
0.2097104043
