0.1795025468
0.1700598896
0.2404169887
0.2150476873
0.1736654788
0.2126500309
0.1195146441
0.1796774119
0.2648903728
1.1099518538
0.1527706534
0.2442049086
0.1867606044
0.6538689733
0.1752950698
0.1223668009
0.2478641868
0.2407977730
0.1781070530
1.2116451263
0.2060896903
0.0485619009
0.2407322824
0.1820852160
0.2658049166
0.1578628421
0.6690082550
0.1906068176
1.5627957582
0.5162014365
0.1579103619
0.4352535009
0.1616926044
0.2088752687
0.1158533618
0.6736038327
0.0666483343
0.2969510257
0.2271447331
0.1453459263
0.1719909012
0.1447384208
0.2618152201
0.1801462770
1.0831209421
0.2424544692
0.2533263266
0.1388402879
0.2258873433
0.2339451313
0.2212397307
0.2621939182
0.2471661866
0.2304484993
0.2615851164
0.2204701304
0.4461724162
0.2129804045
0.1876895130
0.1983252019
1.0355105400
0.2267012149
1.1384674311
0.1803181022
0.1614802033
0.2189966738
0.2802546918
0.2372478545
0.2244119346
0.2087361366
0.4887905419
2.0894627571
0.1341268271
0.2607905567
0.2041011006
0.9247374535
0.5065221190
0.2154615074
0.2146168202
1.6377450228
0.1986703873
0.2806448638
0.4130535722
0.2072885484
0.1969991773
0.1501157582
0.2001217008
0.2670843005
0.2641286254
0.2157824486
0.2025820762
0.2723021507
1.1865679026
0.2307814509
0.3975937068
0.8038852811
0.2096257806
0.2382975668
0.6678751707
0.1329486817
0.2073332667
0.5344660878
0.1413276196
0.1943069845
0.1568726748
0.6203058958
1.0546475649
0.2245833427
0.3134467006
0.1533847302
0.1731360108
0.2372941673
0.2137849927
0.2301816344
0.1676749289
0.2298384011
0.2437698245
0.1547217071
1.0898401737
0.1555585861
0.1079247296
0.2048269659
0.2780185044
0.3267086744
0.2732491791
0.5756195784
0.2164928317
0.2782428265
1.0557590723
0.1527608782
0.1647226810
1.0176573992
0.3549137414
0.8394731283
0.2099496573
0.2034878433
0.4390994608
0.1590258926
0.2265835255
0.1624783128
0.1673857421
0.2283254713
0.2286312133
0.1933469623
0.2324360311
0.1631141305
0.1994921416
0.7798618674
0.2307881266
0.1927718222
0.2052390277
0.2425173074
0.1152506620
0.1596697420
0.1148046479
0.7858754396
0.2589743137
0.2988477349
0.6432067752
0.2198127657
0.2780686319
0.2469573468
0.2111198306
0.2399700731
0.2905465662
0.1508693844
0.2045738548
0.5569798946
0.2062441558
0.2414149195
0.1848824620
0.2421728224
1.3040761948
0.2432341129
0.1576668769
0.1878192276
0.1212608293
0.1756334007
0.1955730170
0.2296062708
0.2445018142
0.1681445241
0.2424902469
0.1882544309
0.3108711541
0.1751386076
0.1952023208
0.2075913996
0.1869166791
0.1535638720
0.1641731262
0.2302158028
0.2970808744
0.2024471462
0.3933607340
0.2167661488
0.1701688766
0.1592574567
0.2525630891
0.1646356732
0.1498075128
0.2250866592
0.2233238071
0.2006505579
0.2063250840
0.2486943305
0.8671624660
0.3186980784
0.2356849462
0.1527245343
0.1463848352
0.1439850479
0.1627947241
1.1102510691
0.1795475781
0.1380293667
0.7455546856
1.0623158216
0.2888816893
0.2557796836
0.3904356360
0.2097709328
0.8274021149
0.1801275611
0.1050014421
0.1955295801
0.2525047660
0.1840102971
0.4167593122
0.3368148804
0.1798893660
0.2498494387
0.2375009209
0.2027395815
0.2229172736
1.0851380825
0.2227781862
0.2466598898
0.2391803712
0.1801773757
0.1762031317
0.2057023048
0.2799688578
0.1527183652
1.2158006430
0.1514007151
0.4764513671
0.6924397349
0.9438818097
0.2551256418
0.2425738275
0.5892015100
0.1937534958
0.1696910262
0.1082151383
0.2625022233
0.2404700667
0.8860522509
0.1751326770
0.1860943437
0.1469903439
0.2200631201
0.1944977790
0.2060593516
0.2442426831
0.1477571875
0.2192720771
0.2674500346
0.1626002491
8.9093837738
0.1773243099
0.9652591348
0.5170525312
0.1659834087
0.2283857167
0.1052932739
0.2456486374
0.9940266013
0.1808391213
0.1629432589
0.1076930538
1.0353996754
0.1619643122
0.1994012445
0.2359165847
0.1486424506
0.1940079182
0.2050171793
0.2121914476
0.2370142788
0.1968289465
0.1224362329
0.2083834708
0.0526077375
0.1947320104
0.2204001397
0.2778207064
0.1339297444
0.1831732541
0.1498060226
0.3698605299
0.2577797771
0.1876523048
0.2322215289
0.0864028633
0.2345299572
1.0047596693
0.2775588334
0.2215554565
0.2708835304
0.1944993138
0.2237342745
0.2564858496
0.1928650737
0.4478138983
0.9575442076
0.1919687539
0.2198102325
0.4959353209
0.2169955820
0.2538060844
0.1915418506
0.1191326007
0.1941606253
0.3352547884
0.1932241470
0.3477341831
0.1912448406
0.2059866935
0.2809061110
0.1524081230
0.2513721883
0.5370818377
0.2936888635
0.8996681571
0.2072234303
0.1702227443
0.1278590262
0.1547170728
1.3610215187
0.2363402992
0.2340798676
0.9169394374
0.1887283027
0.1907005608
0.1474393606
0.2171969563
0.2614141107
1.6508855820
0.8523878455
0.2669699788
0.2540859282
0.2028626353
0.2112672329
0.1840073764
0.1938640028
0.3658959270
0.1762665063
0.0724434853
0.2307674140
0.1805203110
0.1864819378
0.6298218369
0.2542671561
0.1277144551
0.2048735619
0.2530882657
0.1590500027
0.1930376738
0.1252997816
0.4039646983
0.2543532848
0.1594560146
0.1663694978
0.2314944714
0.2536699474
0.2125283480
0.1460838616
0.2558597326
0.2328619361
0.2177309692
0.1297384948
0.7144830823
0.2889631093
