0.2443219125
0.1107059866
0.1555431187
0.1364289820
0.0939545855
0.1631965786
0.1094655469
0.1219469905
0.1841989458
0.1434528828
0.2185103595
0.1421567053
0.0650007576
0.1573655605
0.1641017646
0.1612542868
0.1682959944
0.1791808903
0.1240298450
0.1530185342
0.2362613231
0.5592948794
0.1387193799
0.1344475895
0.1889438480
0.4156169891
0.0648766235
0.1234926358
0.1527847052
0.2162078619
0.1781434566
0.1150709018
0.1892833412
0.2075034231
0.2402881235
0.1661030948
0.1461872756
0.1094177589
0.2689726353
0.1175459251
0.0519094393
0.1943904907
0.2153701782
0.1835872531
0.1882631183
0.1206465289
0.1766304821
0.1502691805
0.0951322764
0.1469021589
0.1521246582
0.2805964351
0.0649200678
0.4755237103
0.1600178480
0.1447736621
0.2337193936
0.1092541143
0.1658275425
0.3090461791
0.1043699384
0.1418452859
0.0630484894
0.1643750072
0.1597289294
0.0987719670
0.2285500616
0.1581223309
0.1308293939
0.3326021135
0.1313100159
0.1152722165
0.4762439430
0.1406634599
0.1222629324
0.1049493551
0.1375891864
0.1957973093
0.1239747256
0.1489227563
0.1932404190
0.2148609459
0.1406482905
0.1221786886
0.1289579123
0.1918756366
0.1290220171
0.2076481432
0.3167508543
0.1463730037
0.1462406218
0.1430864334
0.1506946832
0.2648719251
0.1753324866
0.1117443517
0.1593866199
0.0868226960
0.1202542856
0.1519758254
0.1031966284
0.1268913895
0.1439130902
0.1310167164
0.1857586801
0.2699009180
0.1236181930
0.1656699181
0.1134794354
0.1182880402
0.1711677760
0.0769762546
0.2145765424
0.1746990681
0.1360281259
0.1591122597
0.1291502863
0.3432568610
0.1099694744
0.5771683455
0.1371954381
0.1964204311
0.0867203921
0.1992816478
0.1188812852
0.2560936511
0.0964838415
0.6173821688
0.1782446951
0.0933432207
0.1594144702
0.1580618918
0.1678193808
0.1476841271
0.2193548232
0.1609875262
0.2878840566
0.3534496129
0.1403380632
0.1942188740
0.1652728915
0.1857100278
0.1716400087
0.2503072917
0.1477634609
0.1464504153
0.1632871330
0.0695245638
0.2475991398
0.2963828146
0.1439534128
0.1235152408
0.1500608921
0.1209858134
0.1049532443
0.2083117068
0.1022187099
0.1889863610
0.1415750831
0.2087799311
0.2462543249
0.1986833960
0.2243421078
0.1386796385
0.1250808686
0.2038070709
0.1500515342
0.1163104773
0.1158189252
0.1269084513
0.1378394216
0.1483787298
0.1881405711
0.1319626868
0.1432826817
0.2121786028
0.1601018906
0.3799375296
0.1527808011
0.1232671887
0.2169765234
0.1496263742
0.3837326169
0.4214041233
0.1009799242
0.1803342104
0.1900147796
0.1013644636
0.1095039472
0.1754692346
0.4383149147
0.1619207561
0.1463621855
0.3476485610
0.2621047795
0.0298877042
0.1485721469
0.1652382016
0.1767993867
0.1299727261
0.1299692392
0.1962870806
0.1432736516
0.0818832293
0.1405223757
0.2098913491
0.1842223406
0.2092828602
0.2503126264
0.0365745090
0.1284389943
0.1252823770
0.2685676515
0.1717148572
0.1546485424
0.1174646690
0.1316329390
0.2177150100
0.1021297276
0.1565057188
0.3024803698
0.4897640646
0.3522369266
0.1422106922
0.1060827821
0.0531874672
0.0957132131
0.1854883134
0.1758963764
0.1202756763
0.2358314693
0.1946969777
0.1840313524
0.1107245907
0.6313487887
0.1842648536
0.2266478240
0.1094707251
0.0667814910
0.2936681211
0.1983036399
0.1141111255
0.1127165779
0.1190081909
0.0823989585
0.1697557718
0.2728779614
0.3780876696
0.1671518385
0.2652611434
0.1248506457
0.0305829812
0.2095590085
0.1364092976
0.2313216180
0.0864087865
0.1633083522
0.1651919782
0.4054566026
0.1332660615
0.1857501268
0.1622027308
0.0892128199
0.5460134149
0.1301687211
0.1354853660
0.1492087245
0.4406345189
0.2501620054
0.2459442466
0.1231283844
0.1240750477
0.1226040944
0.1352151185
0.1572062671
0.1153134853
0.2387013286
0.1144178137
0.1282484233
0.1710513979
0.1627483964
0.1662816256
0.1292418391
0.1519834995
0.3882076740
0.1296008676
0.1160920262
0.2438882589
0.1518623680
0.1438152045
0.1235512644
0.1604409665
0.0384664796
0.1317952126
0.1500752866
0.1451160461
0.1173321158
0.2053028047
0.1335779279
0.1412236691
0.1169477627
0.1979778707
0.2217641324
0.1424172074
0.1286103576
0.1639658809
0.2255883068
0.1923873425
0.1148589924
0.1213337556
0.1367204189
0.0662046224
0.1369894743
0.1549061388
0.1428726912
0.1168553159
0.1914721578
0.4061264396
0.3048554659
0.2456026971
0.1108939573
0.1281215996
0.1048692688
0.1362207979
0.1494231522
0.1343177706
0.1391541362
0.1288918853
0.1245183274
0.3788672686
0.2151264995
0.3008869588
0.1387622207
0.3223813474
0.1715358645
0.0976414979
0.1206547543
0.1801550090
0.1293661892
0.1495106220
0.2335207462
0.2086103410
0.1537218243
0.1696144044
0.0633700639
0.1030178219
0.1615470499
0.1040480509
0.0294047073
0.2355133444
0.1632014513
0.1123756170
0.2472925335
0.0499632955
0.3975516260
0.1455618441
0.1174498498
0.1626139879
0.1289464384
0.1778924018
0.1474207193
0.2843913138
0.0858530775
0.4486050904
0.1732000709
0.2771105766
0.1300098300
0.1025824174
0.1828044802
0.1676373333
0.1488419026
0.1832987964
0.1215822920
0.1546490490
0.3749393523
0.2762358785
0.3154065013
0.1982951015
0.1953982264
0.1370694488
0.1414709091
0.2569241226
0.1510733664
0.1430737078
