0.2582176328
0.3504466414
0.2600012422
0.4339757562
0.2820526958
0.2748025954
0.2659361064
0.2401618063
0.2779712081
0.2512336075
0.3633691072
0.3279332519
0.3247682452
0.5804777741
0.2763509750
0.3715448081
0.2960942984
0.1839555204
0.2147362977
0.1598634124
0.1437079459
0.2060435265
0.4544439912
0.6465405226
0.2255367339
1.2210443020
0.4577268660
0.2240179628
0.2582461834
0.4006110728
0.3041067719
0.1960730553
0.2088200748
0.2302672714
0.2292069048
0.2322664708
0.2288710922
0.6069358587
0.2619831562
0.7716256976
0.3247289956
0.1847885549
0.6691233516
0.4300895333
0.1766358167
0.3855836689
0.3174995780
0.4642200768
0.1988179535
0.3409226537
0.2293260247
0.1523360014
0.2599218190
0.2430812120
0.2882036567
0.5672019720
0.5673959851
0.2326525152
0.2361441255
0.7096755505
0.2331677079
0.2830087245
0.1220946088
0.2903681993
0.3590287566
0.2793770730
0.6698175669
0.1559701711
0.7472947836
0.2710792124
0.2064439654
0.1402074993
0.2120028287
0.2209045291
0.2099527717
0.2555542588
0.2139873058
0.5639926791
0.2199247330
0.6027815938
0.2856787741
0.3005836308
0.6162874699
0.2620651424
0.3024116457
0.2675502300
0.2688656449
0.1736010313
0.4246487617
0.3817588389
0.1839665920
0.2584322989
0.2653045654
0.3034543395
0.2553535700
0.6915740967
0.3625330031
0.1620105207
0.1898309141
0.3742972016
0.2498371452
0.2611305416
0.2683229148
0.2724135518
0.2176804096
0.7125703096
0.1925191134
0.2804377079
0.2707919776
0.3485004604
0.1853634715
0.5915125608
0.2647100091
0.2498460412
0.5006317496
0.2264890224
0.2277980596
0.2365284413
0.2307017744
0.6054064035
0.1126162261
0.2438877076
0.2472645789
0.2246259749
0.2326439917
0.4399285913
0.2255770117
0.2082762867
0.6682459712
0.2497725189
0.1862550825
0.2271796912
0.7555965781
0.1384338289
0.2189219892
0.7251880169
0.2306663245
0.1522369683
0.8038927317
0.4235878587
0.2421009243
0.7052230239
0.5604487658
0.2433290780
0.7388368249
0.2518707812
0.1744108349
0.2381221652
0.4765299261
0.5831670761
0.4887993634
0.6701911688
0.3802599013
0.1921174228
0.1924012005
0.2885535061
0.2135182768
0.2596117556
0.2627596557
0.2374332696
0.2608008385
0.3829364181
0.3988655806
0.2014313936
0.2612733841
0.4838566184
0.2346397191
0.2882282734
0.2404613048
0.1197105274
0.3114150465
0.7587823868
0.2109090686
0.1788009405
0.6700919271
0.2762238383
0.5148137808
0.1746804416
0.2213620096
0.4316064715
0.5637503862
0.2737967968
0.2755620778
0.3806515634
0.8579015136
0.2255323082
0.2183105201
0.2215192169
0.2563702762
0.9595509768
0.4290662706
0.1694060266
0.6275693178
0.2142805755
0.2940090001
0.2522599399
0.1701627672
0.2599023581
0.3544429839
0.5960208178
0.2355307341
0.1741059572
0.3004155457
0.1890248358
0.3459724784
0.2712812424
0.1420546621
0.2376341969
0.1514350623
0.2404324412
0.2868394852
0.1747498661
0.2072169185
0.5144978166
0.3235430121
0.3761553466
0.2731032670
0.2710242271
0.4286845624
0.2516026795
0.2473210096
0.2587147951
0.6311067939
0.1968211532
0.3429562151
0.1211791039
0.2661369741
0.2012026906
0.1504053175
0.2108073831
0.2504558861
0.4972520471
0.2301407456
0.4564020038
0.5859416127
0.2520924807
0.6893035173
0.2808269262
0.2305257022
0.3009219170
0.4350677729
0.1890039742
0.2215890884
0.1899173111
0.3030818701
0.1980913579
0.3028526604
0.6683724523
0.1842029095
0.0756397843
0.1716818213
0.6312236786
0.8074598908
0.2478848994
0.3917277753
0.5238019228
0.1619952172
0.2014032900
0.3806050122
0.1357095838
0.2598565221
0.6484201550
0.2530258596
0.3609596789
0.2662673593
0.2411279529
0.1982115805
0.5822221637
0.1762047112
0.1984385848
0.2297261059
0.2213012278
0.1838343740
0.5931730866
0.2747650146
0.2742110491
0.5485879779
0.1584565192
0.3175843358
0.2703208923
0.7566408515
0.2110138685
0.6312615275
0.1658687145
0.6063030362
0.5180525780
0.3781660795
0.3108304739
0.2457510531
0.4631805718
0.2282264680
0.1987487972
0.6357974410
0.6736661792
0.1808714569
0.2620347142
0.6677787900
0.2735143602
0.2434224337
0.2665027380
0.5517359376
0.5092789531
0.5591446161
0.2849224210
0.7809027433
0.2174804807
0.2201955765
0.3164559901
0.6568794847
0.2377862781
0.2989406586
0.2771324813
0.2234071344
0.3544287384
0.1650376320
0.2193639278
0.2247422189
0.7303184271
0.7957985997
0.5466300249
0.2407094538
0.7191380262
0.2917447388
0.1531258821
0.2653363347
0.7270581722
0.2688455880
0.2105142474
0.6517470479
0.1641571522
0.6669154167
0.1002916247
0.5542216301
0.6208348274
0.2840794623
0.2015567124
0.2395510823
0.0963531584
0.4866371751
0.1899450570
0.2632162869
0.2601046860
0.4862002134
0.2216768712
0.1507123262
0.1466660798
0.2136012614
0.4519389868
0.1729835272
0.6221960783
0.2926259637
0.4109432399
0.3076862097
0.2526618838
0.2819769382
0.1847891062
0.2439051867
0.6672876477
0.3532387614
0.6897439361
0.7334105968
0.1644394249
0.2599931955
0.2058001012
0.1904176772
0.2982620001
0.6874554753
0.6170561910
0.2840009928
0.2873359025
0.4057702720
0.1843229234
0.2883044779
0.2911044359
0.4250118434
0.6790050864
0.7147364020
0.2146350443
0.1500933170
0.0898477659
0.2519960999
0.1626961529
0.2609896660
0.3314178586
