0.0386904068
0.1244186163
0.1790043861
0.1418646574
0.1253274232
0.3972132802
0.0610057749
0.2203634679
0.0458027720
0.0471122041
0.0007247955
0.1302380711
0.2301361412
0.3229078054
0.1017179415
0.5761237741
0.2049173564
0.0688543320
0.0420560762
0.3000216782
0.1461514533
0.0901104808
0.0888892859
0.0561735928
0.0510677546
0.4954575002
0.4917643666
0.2273717076
0.0616023280
0.2759087086
0.4208859503
0.0707664937
0.4011394083
0.1050609201
0.2616413832
0.0329108983
0.3094483912
0.3053656518
0.0544912517
0.2504110038
0.0853545740
0.1977003813
0.1919058263
0.8534125686
0.1871945858
0.1451493800
0.1243409216
0.0441427119
0.1839152128
0.4033840597
0.0525611192
0.1906838715
0.0001775566
0.2486982346
0.0711213797
0.1308321208
0.0590769686
0.0406824462
0.2564096153
0.3685151935
0.0176176317
0.0855462402
0.3562831879
0.1759202033
0.0503435880
0.0212140139
0.2236175835
0.2271256596
0.1059742495
0.0578311794
0.2151338309
0.1357347816
0.0316200294
0.0868536010
0.0611355230
0.0550016649
0.0468601771
0.3895605803
0.2577094436
0.2392668873
0.1308204532
0.0374720283
0.0574632958
0.0956136212
0.2778500021
0.0565369278
0.0997430459
0.1149363294
0.2256327271
0.4129663706
0.0509569161
0.0321030617
0.2411528230
0.0884412453
0.0917498544
0.1001541987
0.1353922784
0.1786807179
0.1811579615
0.3172321916
0.0267583281
0.1373475343
0.0003904522
0.0472883098
0.0651522502
0.1918069422
0.1757761538
0.0770385042
0.1134966686
0.4116597176
0.1216802746
0.1439961195
0.0073844213
0.0178088155
0.2294195741
0.2172126621
0.0871919394
0.0727598295
0.2505007386
0.3748401403
0.1377341598
0.0464003123
0.1740954667
0.0818469822
0.0788682625
0.0828753486
0.0933602527
0.2139847279
0.2684162259
0.0384988710
0.1708132327
0.0140766595
0.7257956266
0.1684765667
0.2164791673
0.3313418925
0.0012862356
0.1550076604
0.2240184397
0.0299687441
0.0858247802
0.5230550766
0.0214417428
0.0945902467
0.0734693110
0.2793917060
0.3732590079
0.1263914108
0.4103707671
0.2647407353
0.0173492376
0.6373742223
0.0360885672
0.0275171455
0.2351625115
0.0898461267
0.0476683788
0.0041078646
0.1433417499
0.1298150420
0.0111130122
0.1023063809
0.1096848324
0.1708664298
0.1292437613
0.2281286418
0.0771097541
0.2072445750
0.0893927515
0.1950126439
0.0618652105
0.2100990117
0.0782552138
0.2116846144
0.1534663439
0.3041419387
0.0508054942
0.1856465787
0.1542153060
0.0507050790
0.2378641665
0.0429576859
0.2891342640
0.1340201199
0.3667565882
0.2033079416
0.1657053679
0.0784529895
0.0084923049
0.7760356069
0.4497570992
0.1912008077
0.5767835975
0.2396429181
0.0794874579
0.0761392638
0.2473013401
0.3200041056
0.0058135302
0.0702582747
0.2130710930
0.0058548874
0.0863748789
0.2611112893
0.0800016671
0.0353612974
0.1661937833
0.0232691374
0.1390578598
0.1295632571
0.2709922194
0.1705257744
0.0129528325
0.2014670521
0.0906090736
0.0689814165
0.1130737737
0.3050002158
0.2752384543
0.0794096887
0.2473079115
0.0553667098
0.1196579486
0.2515682876
0.0953198597
0.1891629994
0.0552220382
0.0712483004
0.0403105617
0.1483455449
0.0684105232
0.4885839522
0.0757320151
0.5568209887
0.2767346203
0.0960879698
0.1293260157
0.0332840830
0.3826245368
0.0861516818
0.3390936852
0.0843686461
0.0117508955
0.2027957439
0.0645626932
0.0785727948
0.0471739694
0.0959813297
0.2170578539
0.0868016556
0.2110562474
0.4025039673
0.3198812604
0.2390566021
0.2951594591
0.1206921041
0.1825399399
0.0391740836
0.2764635384
0.1965540200
0.1277998835
0.3152008951
0.0425138474
0.1871356666
0.1467573643
0.0782237053
0.1373197436
0.2113640308
0.1555737853
0.0756570324
0.0005804028
0.0003786375
0.2287505120
0.7214794755
0.0158968363
0.0731730163
0.0123967621
0.2120189816
0.1306542158
0.0283813402
0.0893730223
0.0745528713
0.3613931835
0.1966263801
0.1028216332
0.0775764734
0.0607432537
0.0665994287
0.0527495183
0.5620957613
0.0977565870
0.0966892019
0.1430221051
0.1532925963
0.0316831693
0.0515885800
0.2575317621
0.0408227742
0.2452902198
0.0598854125
0.2118479162
0.4357431829
0.3969205320
0.0163074508
0.1749169081
0.2895770073
0.0010492465
0.0380385742
0.4003579319
0.0325951837
0.0450259484
0.0228285231
0.0737716630
0.4439579546
0.1320955008
0.0860134363
0.0747964457
0.0972108096
0.1859950274
0.1268957257
0.0421070680
0.2226185054
0.2984495461
0.1714150012
0.2977861464
0.3797363639
0.0933288783
0.1466916353
0.2854192853
0.1864365786
0.3781897724
0.2282306701
0.1759339422
0.1190439984
0.1013663486
0.1697091609
0.0551388524
0.1599918306
0.4361535609
0.1357381344
0.0746153593
0.0134226913
0.0198000111
0.0684730485
0.1625190079
0.1002774090
0.0714759007
0.0816924721
0.1598671973
0.1017492563
0.0369511172
0.3342687488
0.0718306527
0.2633882165
0.0435801297
0.0372366942
0.2543731928
0.0250613950
0.1645773649
0.1992716789
0.1660866439
0.2109396458
0.0463646762
0.2121033669
0.1318637282
0.1965746880
0.0335940123
0.2362852544
0.0744264573
0.3141151071
0.0993324369
0.0813022405
0.0571198910
0.0706700459
0.4210978448
0.2781880200
0.1437602639
0.0942356810
0.3348191679
0.1785084456
0.0762189329
0.2316089869
0.0377031751
0.0306264535
