0.3565944135
0.2204502374
0.2300261408
0.1981367320
0.1573656052
0.2187328786
0.2933344543
0.3807982504
0.4228613675
0.3828324378
0.3570039272
0.1168196052
0.3776286244
0.2781099081
0.1694297493
0.2220334262
0.4165291488
0.1964712590
0.0571764484
0.1933147311
0.2809605300
0.1138845384
0.1052341834
0.3619825244
0.1436162740
0.1551351547
0.2312331647
0.1241993308
0.4207332134
0.4301764667
0.1760467887
0.2851429582
0.1562055945
0.2306080759
0.8347313404
0.1718188375
0.1715938747
0.1695051342
0.1290018708
0.0802403614
0.3159689009
0.1311031431
0.4465287924
0.1320759654
0.2009601593
0.2859579623
0.4763345420
0.1307241917
0.3620980978
0.2053276449
0.2334615737
0.2935772538
0.5815669298
0.5188751221
0.2368652523
0.1384502649
0.1263843626
0.7486987710
0.2200584263
0.3361519575
0.5575662851
0.0835243613
0.3999830782
0.3925033510
0.1437014043
0.1101919711
0.2163925022
0.1908573359
0.2336636782
0.0665357187
0.2922017276
0.6361206770
0.2544931769
0.2044195682
0.1318951398
0.1464719176
0.1769825220
0.3114190698
0.1315274239
0.6129671335
0.2811811268
0.1996441931
0.1026310846
0.3760654032
0.3971074820
0.1479390711
0.3660987616
0.5341693759
0.1579094678
0.4254063368
0.1834120303
0.1360176653
0.2533934414
0.1517781019
0.2460737526
0.4368776083
0.0965462252
0.1713538617
0.0637367293
0.5807006955
0.1967762560
0.4043696523
0.1353580356
0.0832604840
0.1409901679
0.3292970657
0.1505663842
0.1825668514
0.1369997561
0.2786659598
0.2741099000
0.1992491335
0.1955680102
0.4608189464
0.2581245005
0.4336462021
0.1032609493
0.0795227215
0.1675406545
0.1279713511
0.4414847195
0.1199418381
0.1669881940
0.3071687818
0.1680134237
0.3769057691
0.3663437366
0.5604972243
0.1827982217
0.5850530863
0.5394502878
0.1107133105
0.2243590951
0.1200084910
0.4940881431
0.1061663926
0.2031978965
0.1950775087
0.5166214108
0.1767904758
0.1663685739
0.2966634929
0.2118871361
0.1845424473
0.3961079121
0.1165867597
0.1652283967
0.1329989433
0.5295963883
0.1323998421
0.1803215146
0.1094666347
0.1273016781
0.4544737935
0.1199392676
0.2040148079
0.2557911873
0.3274177611
0.1823682785
0.8802698851
0.1455946416
0.1778322756
0.1324536055
0.1421176195
0.1762344837
0.1547025889
0.1755193174
0.1891322732
0.1661899239
0.1073935032
0.1273715794
0.0885056406
0.0636700988
0.0587960072
0.2270241827
0.2786622643
0.1882567108
0.1342401206
0.1058061570
0.2250204980
0.4182740152
0.1173090413
0.1040892750
0.2647948563
0.3208042979
0.2607236207
0.5192011595
0.2511898279
0.1351870596
0.1067657247
0.9552235007
0.4469672441
0.3414602280
0.2583375275
0.2454287857
0.2487772256
0.5297215581
0.1301173121
0.5634724498
0.1591780335
0.3214119077
0.0975880325
0.1140077487
0.5323029757
0.1216734648
0.0900673866
0.1956878304
0.1313418895
0.1664680094
0.1213815063
0.4357872009
0.1412449479
0.0816459730
0.2901678979
0.2678650022
0.1485801339
0.1773608625
0.2945202887
0.2181866020
0.1104740575
0.7043890357
0.3412698507
0.1057768092
0.2819843292
0.0973743573
0.1094257981
0.2267554402
0.1695578396
0.5673912764
0.2131320685
0.2833502293
0.1989337504
0.4983247221
0.8794971108
0.2496434450
0.4354880154
0.2826654315
0.0663036257
0.1997143924
0.4041042626
0.1731044054
0.3246919215
0.2960533798
0.5533312559
0.3662120104
0.1992246956
0.1660056859
0.2797725797
0.2142849267
0.1391327232
0.1751171350
0.9677670598
0.0472172908
0.5131226182
0.1946977079
0.3294837177
0.1724024266
0.5451564193
0.3194913268
0.3643582165
0.2293377221
0.3664372563
0.1170674562
0.4069871902
0.0985429585
0.4513321519
0.1181050763
0.4498418868
0.1381486803
0.1282197833
0.1386069059
0.1108591482
0.2369381934
0.1286301166
0.3914794326
0.6105194092
0.4755732417
0.3870740533
0.1364209503
0.0645919442
0.5605502129
0.3706531227
0.1754762232
0.4524974227
0.2180060148
0.2326724231
0.1250177771
0.0846876949
0.1204437017
0.3054399490
0.1312792748
0.3697464764
0.3348596990
0.3047035336
0.0952171013
0.1128982380
0.2100697011
0.0762123913
0.2032082975
0.1321159452
0.3030946255
0.2863984406
0.3222334683
0.1621603817
0.1810310185
0.4262657464
0.2705245614
0.4513538778
0.7446829677
0.1642646343
0.4625680447
0.4764640927
0.5087146163
0.1186451837
0.4358117580
0.3507340252
0.1859423816
0.1469182521
0.1775228977
0.3798340261
0.3333559930
0.1005239487
0.5000747442
0.5260336399
0.2967171967
0.1775391549
0.1817772537
0.3255699873
0.2139422596
0.2298058122
0.1474092156
0.1432344466
0.1392744929
0.2304049879
0.4898399115
0.3589163721
0.1483989060
0.1388252378
0.1349641830
0.1326412261
0.1461076587
0.2549856305
0.1114668027
0.4149101675
0.4399255514
0.2060112506
0.1660494506
0.1693151295
0.2074774355
0.2540062368
0.2476262748
0.2268701792
0.1341326982
0.1425421983
0.1407788992
0.1841386706
0.1647694260
0.1507298052
0.2211656868
0.2307254970
0.5073737502
0.2260795087
0.0966270119
0.3261731863
0.1478569657
0.1195789799
0.2939736843
0.2846979797
0.1296666265
0.4525215626
0.4183944464
0.3929532766
0.1341146976
0.1524889916
0.3131318688
0.1921741664
0.3421671093
0.1515814960
0.1899035424
0.1623604149
0.3886610270
0.1591418982
0.1256692708
0.5707364678
