0.1843546182
0.2437980026
0.0133044068
0.1974682808
0.1368826628
0.2118081748
0.0179892424
0.1591463536
0.1789979041
0.1567557454
0.3004602790
0.1420949250
0.4294123650
0.2804602385
0.0115893995
0.0005181761
0.2532731891
0.2255297750
0.2032497227
0.0932234675
0.1797587574
0.1804916412
0.1219065189
0.0459144600
0.1689570546
0.1712673604
0.0008249569
0.1228661984
0.4332601130
0.1223080978
0.1958207637
0.3177647591
0.0086885141
0.0033414287
0.3877232969
0.2055316716
0.0222507454
0.1974356622
0.1276827604
0.2305158228
0.3898999393
0.2517385781
0.2812148333
0.1726516783
0.2635825574
0.0877859741
0.3554754853
0.1651945859
0.3473217785
0.1685283333
0.0445383787
0.4267452955
0.1269863993
0.1280783415
0.1567165703
0.0406664461
0.1033964306
0.7187445760
0.2155640721
0.2071479112
0.1419671029
0.1257238239
0.4071843028
0.2925308049
0.1735166162
0.1399572641
0.1106647551
0.2424412817
0.0113102971
0.1296116114
0.2381767035
0.3694978952
0.0438650846
0.0795951113
0.1620629579
0.2093365043
0.1100241989
0.3139129877
0.2476672381
0.4778626859
0.5849028230
0.2654381096
0.1160297021
0.3045707643
0.2152926922
0.0774188638
0.2917073965
0.1324031353
0.0091715464
0.2841992080
0.0831413791
0.1866725683
0.3038389683
0.2345298082
0.2768405974
0.1319663376
0.1332710087
0.1974121630
0.1530019194
0.2309254855
0.2719553113
0.1318282336
0.1428718865
0.0253890771
0.1764203906
0.1737659872
0.1600333899
0.0720664114
0.1722307801
0.0072806226
0.2713994086
0.2187796831
0.3896262944
0.1492470503
0.0593864359
0.1893837899
0.1297291070
0.0594436154
0.0427746437
0.1456082612
0.3735028505
0.0006828957
0.0010411285
0.2933195531
0.1590389460
0.2583975792
0.1787777096
0.1480141133
0.1739163846
0.0530601144
0.3535872102
0.1403312683
0.0136222672
0.0960090905
0.0016092946
0.1420243531
0.0756051093
0.2652341127
0.3045877814
0.0011963354
0.1593567282
0.2341260165
0.1849273741
0.0374426097
0.1293743998
0.1584177613
0.0121956579
0.2680750787
0.1579117924
0.1556976587
0.0061182179
0.1695211232
0.3261255622
0.3411729038
0.1685012132
0.0707989037
0.0492736287
0.2325493991
0.3353204131
0.0709872991
0.1718336642
0.0266752020
0.1674925834
0.2741020918
0.0789529979
0.1831659973
0.0007030012
0.0348758437
0.2025662661
0.1887540668
0.1548351049
0.0004410708
0.0806259289
0.0745363533
0.1508348882
0.1115249842
0.0110244751
0.1335897893
0.1594645977
0.0950717255
0.2937365174
0.0010210542
0.1613539159
0.1516883373
0.1744929552
0.2638973892
0.3179763854
0.2452490479
0.0057890550
0.2054407299
0.8892257214
0.3110913932
0.4274275303
0.2953712344
0.2801159620
0.6449143887
0.4638254642
0.1545928419
0.3058454096
0.0083488310
0.0575837679
0.1040851623
0.2644824684
0.4218989313
0.0207026172
0.1576404124
0.2905009985
0.1951305419
0.0018166236
0.1524729431
0.0264606439
0.1415266991
0.0383639224
0.1319559216
0.1408335716
0.1287158430
0.0015068029
0.3453258872
0.0560936406
0.1090216488
0.5650869012
0.0838550329
0.1225118414
0.3002904356
0.0959172696
0.1666485965
0.0028984293
0.1985646635
0.0526571721
0.0341971256
0.1955469698
0.2109585404
0.2451992333
0.6527565718
0.2837920189
0.2621124089
0.3633164167
0.0959247500
0.1983689517
0.2002724856
0.0547197126
0.2013674676
0.2173665166
0.0321438573
0.0698148385
0.2483485341
0.0013627362
0.2707959712
0.2233137488
0.1760882735
0.1575550437
0.4214131534
0.0778540820
0.3836064339
0.1376676559
0.3776845336
0.3476402462
0.1348003894
0.1656475216
0.1765235960
0.0282942522
0.0526037887
0.1621643305
0.0513987429
0.2513193786
0.4755474925
0.0283567961
0.3126906157
0.0457011834
0.0026104597
0.2001598030
0.1267526150
0.3333738744
0.0227538813
0.3869875371
0.5030068159
0.0013585591
0.0595208481
0.0265860725
0.0878336281
0.0574060306
0.2230110914
0.2383822352
0.3203305006
0.1129136756
0.0017655446
0.1596803218
0.1237876788
0.1732546538
0.0048612696
0.1656010598
0.2221704572
0.3224517405
0.2070961744
0.1314897835
0.1290943325
0.3039612174
0.1072032973
0.0021671129
0.1670445204
0.2390582263
0.0168414358
0.1341940910
0.1905827671
0.2063557506
0.3695326447
0.3100093603
0.3504759967
0.5333660841
0.0031942632
0.2580150962
0.4727683961
0.3120042384
0.1384708136
0.4520538151
0.2476168275
0.0966834947
0.1988149136
0.2026830167
0.1222645566
0.1272710711
0.2162972689
0.1210208312
0.0328866504
0.1708281785
0.1300795078
0.1924907565
0.3429853320
0.2148946226
0.0559328534
0.1684014499
0.0992015228
0.1807880700
0.0924865454
0.4009355605
0.4090512395
0.0718259737
0.1492775083
0.1719885916
0.1872864068
0.1576541811
0.0246281065
0.0314538218
0.1969702840
0.2962898612
0.0210265890
0.0113035031
0.1674036086
0.0312706791
0.0525264479
0.3068981469
0.2078898698
0.2279427201
0.0158197153
0.1484111249
0.2182009816
0.0279160589
0.1634094417
0.1268746406
0.2784063220
0.0261245482
0.1643289924
0.1363786906
0.1851008534
0.1579015106
0.0980723053
0.0118110478
0.2556795180
0.1634532064
0.3664208949
0.2796860337
0.2478899062
0.1359165013
0.1901944429
0.2947390378
0.1176865622
0.2331063747
0.1933776736
0.0123515064
0.1589175761
0.2061342150
0.1626850665
0.1492707133
0.0075653424
