0.3524871767
0.2303287983
0.1730928570
0.3376260102
0.4007561505
0.1570108682
0.2725288570
0.3503981829
0.1979508549
0.2283106893
0.2265778929
0.3028851151
0.2119887024
0.1631017178
0.3872141242
0.2134944350
0.1633182019
0.4443345964
0.3423130810
0.1835961789
0.4580751657
0.2590714693
0.4782958925
0.2062925249
0.1995135546
0.2300527841
0.2383158207
0.2236319780
0.3576913476
0.2332667708
0.3768478632
0.2340174466
0.2660472691
0.2188989520
0.3647913933
0.2207660079
0.3956035376
0.3028135896
0.1728287786
0.3697425127
0.2998228073
0.3681740165
0.2100101560
0.1990153044
0.1827653497
0.2775584161
0.4212019145
0.5236483216
0.3156764805
0.3155041933
0.2853414416
0.2641739845
0.2573836744
0.1795364022
0.4721531868
0.2221520096
0.2095559835
0.1859220117
0.3868889511
0.2261628807
0.3265632689
0.1754966229
0.1665370911
0.2558465302
0.4808701873
0.1878147423
0.2033949792
0.2235451937
0.2168567628
0.2245294005
0.2690570652
0.2180527598
0.1626368165
0.3689376414
0.4850385487
0.2659776211
0.4243265092
0.2798995674
0.2534081936
0.4035118222
0.1799827069
0.2926310599
0.1963520050
0.2575326264
0.2940509319
0.2148713917
0.2150444537
0.2702876329
0.2718620896
0.2931061089
0.3118867278
0.3735641539
0.2854939103
0.3562726378
0.2049563676
0.0454159230
0.2233154625
0.5870802402
0.2171539217
0.1811946779
0.1588207036
0.1097405851
0.2252557874
0.3267295957
0.1895537376
0.4444514215
0.3500571251
0.1414297968
0.2575916946
0.1661653221
0.3473581374
0.6153279543
0.2004732192
0.2715460360
0.2795809209
0.1966516823
0.1700307876
0.2666433752
0.2157963067
0.2566759288
0.4112710655
0.1672171056
0.1752448529
0.2177917212
0.2447591722
0.3644655049
0.2217848152
0.2554932237
0.1692697853
0.2319221348
0.7404176593
0.1951468140
0.3008233011
0.2045799047
0.8267152905
0.2443002313
0.5888350606
0.2586026490
0.6053779721
0.6275575757
0.1889630556
0.2068052888
0.1721243411
0.4497434199
0.1911041886
0.3312456012
0.1680837274
0.1979766339
0.2889316976
0.1946211755
0.6639224291
0.2387450486
0.1916013509
0.2963613570
0.3455464840
0.2159934938
0.1780459136
0.2745988667
0.1661732942
0.5214813948
0.2082533985
0.2684572339
0.2723065019
0.7129800916
0.2586100101
0.1878668964
0.2769608200
0.1563466340
0.4768319428
0.3068064451
0.2517726123
0.2870501578
0.2789927125
0.3010627925
0.3078231812
0.2519051433
0.4271274805
0.3372352719
0.1628074050
0.2461350113
0.2221898884
0.2371165901
0.1972827911
0.1579511315
0.2274554223
0.7346450090
0.2255686224
0.2312142402
0.2298936397
0.1493019015
0.2161875516
0.1030629426
0.4330627620
0.5368568301
0.2889922857
0.6187836528
0.5483543873
0.1877011657
0.1649704725
0.2163445055
0.2108156234
0.2997921705
0.2457349151
0.2293172628
0.2008360922
0.1452803612
0.1673863232
0.2383403033
0.3122968674
0.2722289562
0.2692688704
0.2313462645
0.1830663532
0.2235809118
0.2202679217
0.3493562341
0.1717543155
0.2154921591
0.7442075014
0.2195471823
0.2345691323
0.2547782362
0.3298389614
0.2092317194
0.4503955245
0.1973772794
0.2609656751
0.2230273187
0.1771975458
0.3765281439
0.2519154847
0.1694415212
0.2527491152
0.1483424902
0.2703921497
0.1762347966
0.1713591069
0.1600586176
0.2762432396
0.1782074124
0.2817229331
0.3985057175
0.3911984265
0.1297676116
0.2072074711
0.2821445167
0.3289804161
0.2135088444
0.1583778560
0.2367092669
0.2953641117
0.1732042730
0.2698788345
0.3051143885
0.3159074187
0.1593012065
0.1317816675
0.2340843827
0.3059268594
0.2302930057
0.4380531311
0.2041091919
0.2878953815
0.2529901564
0.2060411572
0.2533499002
0.1145287380
0.2019862235
0.2373602390
0.2074578851
0.2966813147
0.1722335070
0.3500327170
0.3656158745
0.1863524020
0.2360726595
0.2967192829
0.3672262430
0.2363535613
0.1843739003
0.2719492614
0.2299436778
0.3272254169
0.5417242050
0.2424900979
0.3568611443
0.4231544435
0.1756804287
0.1842348129
0.5482115746
0.1840565503
0.1855327189
0.2251948267
0.1754382253
0.3852156997
0.2633413672
0.2811536193
0.1702014059
0.1786194444
0.2810237706
0.3400259912
0.2066094875
0.2857936919
0.2503207922
0.3042346835
0.2566117942
0.1026674733
0.1515988410
0.2796335816
0.2391107231
0.2304247618
0.5621367097
0.4228773415
0.1940046549
0.1618086398
0.1842763871
0.2319392115
0.3276705146
0.1548505872
0.3079665005
0.2173996419
0.2919172645
0.2305338979
0.1922820807
0.1982092857
0.3397492170
0.0403465554
0.2668013573
0.3154909611
0.2488887310
0.2023402303
0.1497723907
0.2194079757
0.2504930198
0.1716113538
0.2076321542
0.2323020846
0.2036976516
0.2540929019
0.2090624273
0.2787675858
0.1368149370
0.1944712102
0.2655566931
0.4764228761
0.2286425382
0.2005216926
0.3613451719
0.3053879738
0.1918292493
0.1957563460
0.1219950840
0.6108847260
0.2464510500
0.3586506546
0.1826072186
0.3219666481
0.3102861047
0.2586624324
0.2183710784
0.1898355633
0.1946888119
0.3374067545
0.2122509480
0.1569941193
0.3545849919
0.1417412907
0.3483321667
0.2575309575
0.4115408063
0.4221951067
0.2185179293
0.3265776634
0.2119029909
0.2109357268
0.2048493773
0.2210779935
0.2560521066
0.7744066715
0.2297636867
0.1648490131
0.1939221174
0.4118147194
0.2220593840
