0.0076335925
0.1160533428
0.0701195747
0.0327510647
0.2446354628
0.0626849383
0.0570393763
0.0404441133
0.0905851200
0.0460042581
0.0473217033
0.0354277268
0.0063259359
0.0681862086
0.0140445884
0.0149380723
0.0032839598
0.0060608997
0.1843800843
0.0244243238
0.0086472211
0.0163336881
0.1484043598
0.1996925771
0.0002844536
0.1485440433
0.1127945259
0.0811800882
0.0319200568
0.0395794548
0.0386589728
0.1002041101
0.0039461763
0.2000517547
0.0101511171
0.0602934510
0.0229138955
0.0477659479
0.1297766864
0.1195545793
0.1222588867
0.1667867005
0.0916025117
0.0977025256
0.0995683745
0.0789147988
0.0480558537
0.1316753775
0.0392410047
0.0028679383
0.0722082332
0.2490046322
0.0412813164
0.1378345937
0.1416532695
0.0577346273
0.0113747632
0.0229774415
0.0934852213
0.0143371010
0.0491826721
0.0502865724
0.0537765138
0.0660168380
0.0672397017
0.0820504874
0.0632212162
0.0513854362
0.1039871722
0.0049731983
0.0721841976
0.0008099430
0.0314728543
0.0042374539
0.0243033320
0.1385812908
0.0947304368
0.0852375701
0.0759303421
0.1864012778
0.0682146549
0.0435825698
0.0588068292
0.0994816571
0.0357475765
0.0173246562
0.0192417707
0.0829859823
0.0090912767
0.0797497109
0.0881395862
0.1774298400
0.0762046874
0.0035399431
0.0334615186
0.0103289979
0.0004570886
0.0258739833
0.1641776562
0.0801941454
0.0243359897
0.0981307253
0.1062714830
0.0083439490
0.1218450591
0.0783343539
0.0015933902
0.0534440912
0.2206419408
0.0498922169
0.0300593302
0.3478344381
0.1632809937
0.0250011031
0.1188320294
0.0246285740
0.1439689398
0.0804772675
0.1549617201
0.0000504336
0.2427123934
0.0615273230
0.0634027943
0.0208814684
0.0134909535
0.1290985495
0.1691167653
0.0906529948
0.1047611386
0.0980105698
0.4510700703
0.1631525457
0.0946882516
0.0792991221
0.4219232202
0.2850394249
0.1501705498
0.0109783616
0.0948656276
0.9004969597
0.0817972049
0.1800943166
0.0629884377
0.2331593931
0.0321882702
0.1360225230
0.0468255207
0.0677382946
0.1412377805
0.2288013101
0.1549618393
0.2152512521
0.0021529940
0.1172851175
0.1357215345
0.0733720139
0.0618485548
0.1393039674
0.1206182167
0.1271289289
0.0640400052
0.0107968636
0.1238382012
0.3574279845
0.0795129538
0.0460853092
0.1142444015
0.0008844695
0.0036636114
0.2356876731
0.0802246407
0.0041096206
0.0128815677
0.1258675754
0.1243475899
0.0006290334
0.1412766576
0.2591282725
0.0072692772
0.0002359267
0.0755217150
0.0743560195
0.0542065017
0.0725284070
0.1078590229
0.1274987161
0.0487942025
0.0946161374
0.0003061385
0.1393254250
0.1391404122
0.1002672985
0.0428608470
0.0597289205
0.0203511547
0.0772358775
0.2382558137
0.0813157484
0.0622423701
0.1119093746
0.0775442347
0.0065275012
0.0269394089
0.0092582311
0.0935549587
0.0333710983
0.0364814363
0.0702912733
0.1280208081
0.0627603233
0.0700583011
0.0009096430
0.1339714080
0.0734931752
0.0760898516
0.0848956853
0.0865838602
0.1154086590
0.0819736421
0.1583074182
0.0849033445
0.0681514144
0.0722608492
0.0945198461
0.0452634990
0.1524872780
0.0181028489
0.0777224302
0.0776107162
0.2581567466
0.0940239653
0.0618392862
0.1299801469
0.0539761670
0.0967249498
0.0029198558
0.0602118187
0.0536741763
0.1378521174
0.0690080523
0.1106936932
0.0273922440
0.0606057048
0.0364621095
0.0711094737
0.0223594494
0.0205816105
0.0963010490
0.0542174578
0.0923217610
0.0188780706
0.0229298696
0.0166677237
0.0576449931
0.0997143686
0.0399111584
0.0617076568
0.0847647190
0.0761059150
0.0904221386
0.0524470769
0.0892716944
0.0114552258
0.1028448641
0.1011640951
0.0761441961
0.1004317477
0.1000133082
0.1003669351
0.0984806120
0.1865766495
0.1174122766
0.0910786167
0.1171642765
0.1215916723
0.0542498864
0.0477884635
0.1132755727
0.0621043146
0.0701902807
0.1014848873
0.1095148474
0.0267532095
0.3251769543
0.0000764134
0.1795637608
0.8693628311
0.0783386827
0.0748639479
0.0687709153
0.0754032284
0.0542560555
0.1303145438
0.1168671921
0.1288012415
0.0838899761
0.1168201715
0.1769673824
0.0870231763
0.1288291216
0.0008811192
0.0790717080
0.0085524479
0.0043322314
0.1324807107
0.0869364068
0.0035670991
0.1690435410
0.0269092545
0.0825038478
0.0966291577
0.0159058385
0.0900197029
0.1477866173
0.1614959836
0.1048176512
0.0985444784
0.0413926765
0.0557204895
0.0824311003
0.0662879199
0.1161112711
0.0717939660
0.0652442425
0.0934979320
0.1743849516
0.0085609416
0.0666044205
0.0119916191
0.0031689075
0.0634951219
0.1269654781
0.0236439668
0.0887011662
0.0668170229
0.0971119851
0.0923736915
0.0805052072
0.0047997646
0.1051381007
0.1183119193
0.0244255327
0.0768011510
0.0659740046
0.0409299918
0.2332555056
0.0057070022
0.1023679152
0.0052279225
0.1228569299
0.1328162104
0.1393270046
0.4129828215
0.0356439911
0.1581486762
0.0389621519
0.0966039300
0.0719932765
0.0888817161
0.1196664870
0.0089614196
0.0727500543
0.1561325788
0.1621195823
0.0825090557
0.3094154596
0.1218671128
0.0067346683
0.1237256154
0.0914866403
0.0335807353
0.1082226112
0.0067112395
0.0906969979
0.0781863630
0.1821417511
0.0870741233
0.0384034552
0.2900626361
0.0007858953
0.0158454720
0.0011792232
0.0974086523
0.1494205594
