0.0014150380
0.0039106281
0.0542637035
0.0769144520
0.1349846870
0.3592156172
0.0042182361
0.1662222743
0.0247601587
0.0551465042
0.1180778891
0.0004517628
0.1195051670
0.0610656962
0.0894394442
0.0617115609
0.0745887011
0.0287298914
0.0426670238
0.0648367926
0.0505395234
0.0719724447
0.1246720254
0.0144948559
0.0256392360
0.0652415305
0.2284386158
0.0400347337
0.1030626595
0.7323219180
0.0438915640
0.0013404657
0.0225245394
0.0430015400
0.0192954820
0.0103501305
0.0482634716
0.0263951588
0.0159844905
0.0017744816
0.1238502339
0.0445819274
0.0903716087
0.1124219224
0.0672387332
0.0671332926
0.0544849932
0.1383430213
0.0080389772
0.0323784128
0.0013584290
0.1561929137
0.0300338734
0.0049251220
0.0726296976
0.0275777578
0.0144786760
0.0417116210
0.1004135534
0.0027030245
0.0061490047
0.0693908781
0.0515216105
0.1029765606
0.0019256484
0.0899161249
0.0599017777
0.0739957467
0.0473752432
0.0025405944
0.0002141930
0.0207349006
0.0592246465
0.0550010912
0.0521847755
0.0013429930
0.1569173783
0.0841104910
0.0607308373
0.0456385799
0.0021447220
0.0029643655
0.0111548826
0.2432289422
0.0012238704
0.0380399376
0.1304136962
0.4952646792
0.0607432760
0.0007750960
0.1696359664
0.0495312735
0.0456371158
0.0051794746
0.0927017629
0.0897543728
0.0685897171
0.0217883885
0.0589028373
0.0516234003
0.0539574064
0.0746265426
0.0409643687
0.2082114220
0.0180913154
0.1054241061
0.0036551987
0.1023552045
0.0643943176
0.0934776217
0.0522892512
0.0022441654
0.6994642615
1.9624879360
0.0402093343
0.0015313608
0.0550958700
0.0710727945
0.0483992435
0.0484801680
0.0611016452
0.1738784760
0.0470943861
0.1876165718
0.0031864657
0.1343954951
0.0374503173
0.0501345359
0.0022213187
0.0545518547
0.1311598420
0.0609922968
0.1071410924
0.6632067561
0.0402458981
0.2653205991
0.0018680817
0.1072969958
0.0674026236
0.0324464738
0.0045926343
0.0034988609
0.0598350018
0.0218711030
0.0496442057
0.0022627276
0.2515994906
0.2371038795
0.0193194486
0.0109208664
0.0593975671
0.0017316086
0.0784140229
0.0977197066
0.0813232735
0.0040972275
0.0021615007
3.7007656097
0.0010410392
0.0495914407
0.0844533816
0.0480617993
0.0518119931
0.0980781242
0.2047023624
0.0018573730
0.0838919804
0.3600544930
0.0048644352
0.0370360613
0.0028952928
0.0504036956
0.0559654720
0.0348760784
0.0895527601
0.0727812201
0.0865649953
0.1821204871
0.0186208822
0.0588170439
0.0005570306
0.0325064361
0.0013032695
0.0986080617
0.0414253958
0.0129931839
0.0986373276
0.0623867549
0.0777447075
0.0631718412
0.0994615778
0.0804039910
0.0012603417
0.0685374960
0.0527522974
0.0948735252
0.0993631482
0.0895727053
2.8799636364
0.0002519246
0.0718325600
0.0297267884
0.0857631266
0.0633891225
0.0000383844
0.0023087361
0.2492478341
0.1456510872
0.0693453848
0.0498758703
0.0865656212
0.0023298552
0.0017368590
0.0636047572
0.0247287564
0.0113213072
0.0511778221
0.1269240379
0.0015726441
0.0908649266
0.0480728298
0.0462150946
0.0592956468
0.2450356781
0.0407817997
0.0701248348
0.1732707471
0.1040521637
0.0532726906
0.0575629920
0.0541560091
0.0598131754
0.0018556075
0.0223566908
0.0479668789
0.0511690304
0.0944995359
0.0017150978
0.0031364961
0.0471921340
0.0460753217
0.3139614165
0.0635103732
0.0141731352
0.0269008055
0.0429354608
0.0566742942
0.0678421110
0.0380342640
0.0886343643
0.0033885089
0.0020268953
0.0516013093
0.0012699284
0.0258004032
0.0029155731
0.0604979098
0.0451435298
0.0130535010
0.0076313214
0.0005970607
0.0241444129
0.0481349118
0.1641758680
0.0747772604
0.1162801310
0.6619443297
0.0740840733
0.4857794344
0.3038304448
0.0827947333
0.0753730237
0.0717452094
0.0782637671
0.0866991654
0.1523794532
0.0443548821
0.0703360140
0.0000207500
0.1520978510
0.0368554406
0.0000807269
0.0007914988
0.0020502582
0.1027382985
0.0845044553
0.0934575349
0.0488835536
0.0570873767
0.0549177192
0.0018360283
0.0021078221
0.0176809561
0.0053413939
0.0000919477
0.1048696041
0.0569567494
0.1801705509
0.0759321600
0.1206272393
0.0202284455
0.0369211547
0.1354804486
0.0334766991
0.0046648886
0.0668661967
0.0351137705
0.0419521444
0.0830306336
0.0562772453
0.0023159739
0.0352937058
0.6651256084
0.0076553631
0.0445696674
0.0595197380
0.1082201600
0.1161785275
0.0502742939
0.0012150955
0.0578765683
0.0784231648
0.0058923890
0.0588641316
0.0807925463
0.0582334511
0.1915599853
0.0572274961
0.0433914326
0.0300321672
3.1803505421
0.0682420284
0.0344256572
0.0674411803
0.2779291272
0.0353783779
0.0583773926
0.0868266225
0.1094473824
0.0104958843
0.0569748804
0.1211307421
0.0460878685
0.0940525681
0.0740982518
0.0038265190
0.0047716326
0.0032453467
0.0669230521
0.0026146183
0.0020027070
0.0012221013
0.0693973526
1.6333057880
0.2446250618
0.0860096142
0.0740679875
0.0445287563
0.0307316836
0.0689116046
0.0701686367
0.0968240574
0.0357848480
0.0725906715
0.0594819002
0.0450928174
0.0838015378
0.0687599704
2.5327458382
0.1124455035
0.0557488240
0.0509891361
0.0512955189
0.0042714425
0.0564220101
0.0067659430
0.0014508001
0.0647960678
0.0103569543
0.0694403127
0.0527736284
0.0741754249
0.0017242901
0.0489834286
