0.3688108325
0.3379297256
0.3697850406
0.2871559560
0.2161166966
0.2497317791
0.2944850326
0.2013456821
0.0899023190
0.2062356919
0.2962122560
0.2680305243
0.3221702278
0.3038364351
0.3601063490
0.3164426088
0.3346027434
0.3214259446
0.2545741498
0.2741729617
0.4448603094
0.4784612656
0.2821436524
0.2599735856
0.2431761026
0.1130933315
0.3176499903
0.3898924291
0.3305447996
0.1776022017
0.4007377923
0.1416654140
0.1867597550
0.5060680509
0.2578288913
0.4272016287
0.2105918378
0.5365398526
0.3568085432
0.2628979087
0.2933191657
0.4328607321
0.4598665237
0.1289215535
0.3500687182
0.2547810078
0.4490816295
0.3928524256
0.2488554716
0.2753078341
0.2822776437
0.3112182915
0.2087753415
0.2884579301
0.2611224055
0.1339980066
0.3716738522
0.2059853524
0.2867913246
0.2897263467
0.2447176725
0.1899745017
0.2037086934
0.1946043372
0.3029743135
0.6471804976
0.2662272155
0.3369927704
0.2421117425
0.2776387334
0.2633736134
0.1842185259
0.2545526922
0.3276870549
0.4027734697
0.4142395556
0.1585211009
0.3516078889
0.2847752571
0.3971901834
0.2353317291
0.1335814893
0.3369290531
0.2750163972
0.2542726994
0.2377889156
0.2444437891
0.2591061890
0.2588476539
0.1934758872
0.3425885737
0.4588949680
0.2133050561
0.5251163840
0.4350644350
1.1028002501
0.2142634392
0.2316371500
0.2834949195
0.3895147443
0.3912734687
0.3062871993
0.4927898645
0.4109845757
0.1466026455
0.3883402348
0.2028518617
0.3626564145
0.1919941902
0.2436468154
0.2098206729
0.2738787830
0.2089359164
0.2534092069
0.2147050351
0.1765704006
0.3716613054
0.4436479211
0.4346334934
0.2072926313
0.5245667696
0.3410020173
0.2065936923
0.2728449404
1.0436862707
0.7473250628
0.3108656406
0.2667529285
0.2821112275
0.2774864435
0.3271026909
0.3758405149
0.3648583889
0.1888088137
0.3294963837
0.1796410680
0.2173462808
0.2636905611
0.4551259577
0.4593044221
0.3309014142
0.2571032643
0.2939718068
0.1449570656
0.2946338356
0.3208166063
0.2921390533
0.2843394279
0.9232132435
0.4450706840
0.3515920639
0.3306882679
0.2466065884
0.3189028800
0.3711357117
0.3270590603
0.2422211766
0.2565329075
0.2911910415
0.1905343980
0.3535200059
0.2467050850
0.2378084064
0.2180724144
0.2740535736
0.2652955651
0.3369408846
1.0243507624
0.3036395907
0.2337688059
0.3301612139
0.2727007270
0.1772474051
0.1790672392
0.4311160743
0.2854551971
0.2884407341
0.1800026745
0.3229377270
0.3176584244
0.2583496571
0.2489947677
0.3678351343
0.3320666254
0.3069202006
0.2670561075
0.2392794937
0.2924846709
0.2553208172
0.4801082313
0.3617827296
0.6647282243
0.2501058877
0.3620264828
0.1893766224
0.4968674481
0.2215079814
0.2536660433
0.2981089354
0.4530420899
0.2837708294
0.2428977787
0.2164272517
0.2993331254
0.3224674463
0.2159019411
0.2602135539
0.3540177345
0.3249168694
0.2049015462
0.2305499166
0.1806173325
0.3032577336
0.2302845418
0.3170962334
0.2720851898
0.3827085495
0.3320126235
0.2250270844
0.3210327327
0.2806767523
0.2811433375
0.2448671311
0.2074069381
0.3798583150
0.2125045061
0.2354475111
0.2597421110
0.2338720411
0.3196631968
0.3279728591
0.1893619597
0.1943645477
0.3864019513
0.3836188614
0.4306402504
0.2354019880
0.3112030029
0.1817277670
0.3078689575
0.4719140232
0.3560857475
0.3145383298
0.3330729604
0.2300073206
0.2599488497
0.1178524792
0.2061141729
0.4328760803
1.0049169064
0.3948061466
0.2296948433
0.1285478771
0.2939782143
0.3299648166
0.1945887506
0.3003894985
0.3932282031
0.3483567238
1.1830370426
0.2307658792
0.4360598326
0.3512275219
0.2313947529
0.3088260293
0.3725300431
0.2838639319
0.9417338371
0.5059704185
0.3427937031
0.2231989652
0.2141247392
0.1196929663
0.3006698787
0.2755686939
0.8613576293
0.3796518147
0.5424461365
0.1957515776
0.3372380137
0.5230050087
0.2960443199
0.2423422784
0.2946891785
0.1917039305
0.3120369315
0.3265442848
0.2078446299
0.3528175950
0.4010862410
0.8056837320
0.3647259474
0.2356602848
0.4604113102
0.2961221039
0.3767842054
0.3703089058
0.1608742923
0.4013648331
0.3082888126
0.4599914849
0.2625080347
0.3567106128
0.2366263568
0.2469252199
0.2619708478
0.3147999346
0.2273683399
0.3809754550
0.2617717683
0.4372602999
0.3175772429
0.2311204374
0.3332235515
0.3026385605
0.5169035196
0.5085104704
0.1395906955
0.2411522269
0.3049233854
0.3075110912
0.3472246826
0.2975171804
0.1125924885
0.9131837487
0.5378707647
0.4957298040
0.2811035216
0.9928539395
0.4094791710
0.3669503629
0.6561214924
0.2458252758
0.2186934650
0.1963028759
0.1581448466
0.2607376277
0.2338955998
0.3615307808
0.2182878107
0.2316238135
0.2814569473
0.1898510158
0.3168072104
0.3057461083
0.4679808319
0.9279251099
0.2140647024
0.3012302518
0.2228558362
0.2765593231
0.2802200913
0.4115549326
0.2416759729
0.3183457553
0.2646872103
0.7249861360
0.2768518925
0.4673969448
0.2796447575
0.2609518468
0.3065205812
0.3235161006
0.1815620810
0.2925322056
0.3757661581
0.2691591978
0.3236345649
0.2611662149
0.1845512986
0.1538003832
0.2767362893
0.3239164054
0.4582929909
0.2606701255
0.3254056275
0.4521835744
0.2659964263
0.2317400128
0.2271695137
0.2895859182
0.5067414641
0.2162619978
0.2699211240
