0.0763387680
0.1816575229
0.1290215254
0.0766334459
0.1654775888
0.0710939541
0.1097625792
0.0051844716
0.1301448494
0.0728516504
0.0795443058
0.1613458097
0.1690814346
0.1968612671
0.0815428495
0.0917906165
0.1120190695
0.1043472290
1.1293959618
0.4155789018
0.0941397250
0.0868897215
0.0244212840
0.1895872653
0.2580499053
0.5425625443
0.0623576082
0.0645681992
0.3082448542
0.0877600685
0.0749784261
0.0915372521
0.1357856989
0.0014582004
0.3678817451
0.0848649740
0.1062332690
0.1371091008
0.3618145883
0.1111300290
0.2065979391
0.0907320008
0.0874704719
0.1721495092
0.1144857556
0.0835995227
0.1165531278
0.1318442076
0.0690372959
0.0867150500
0.1336932033
0.0563733578
0.0946459323
0.0974093303
0.3117872477
0.2551935315
0.1253793836
0.1287900954
0.3528718948
0.1850816309
0.6054919958
0.1116691753
0.5032004118
0.0009634370
0.0773154274
0.1404643953
0.0706261098
0.1275227815
0.0815019310
0.1075579524
0.0838514045
0.2416044474
0.0903142542
0.1359104067
0.0836995244
0.0854231417
0.2822433710
0.1485190541
0.1005903035
0.0586145185
0.0328870565
0.4715553820
0.0941483527
0.0786775723
0.0458435230
0.0970194712
0.2074590772
0.1087692156
0.1964182109
0.0848064199
0.4237856567
0.0841608942
0.1164209470
0.0387222208
0.1226417124
0.0922713354
0.1643525362
0.2808499038
0.0972680226
1.8880586624
0.0697328001
0.1270828843
0.1188916415
0.1173404977
0.0924201012
0.1299253851
0.0893524736
0.0707794353
0.0690010041
0.1248740703
0.0822425634
0.1816998869
0.1301590353
0.4675110877
1.3785133362
0.2653903663
0.1013815999
0.1676890254
0.3019623756
0.0646400079
0.3981662691
0.0898531154
0.1492128819
0.1251405776
0.1469119787
0.0906990990
0.2604180574
0.2337962687
0.4133388102
0.2474677116
0.1132433712
0.1132313013
0.2718304694
0.3288119137
0.0783086196
0.3171613514
0.0691896006
1.1319000721
0.0058956887
0.1222461239
0.0840838775
0.0643913746
0.0730372518
0.0682218522
0.0645526797
0.1048778445
0.1804792881
0.0862477198
0.0685481131
0.1010346115
0.1064151376
0.0727794990
0.0909646526
0.0727784336
0.0712494031
0.2323281914
0.0996347591
0.0846837834
0.0809096918
0.0037390220
0.1389334500
0.0743270293
0.1221650839
0.4796891212
0.0278144386
0.0854298472
0.1201810911
0.2316650599
0.2015009820
0.1326404661
0.2450223863
0.1318769008
0.3411543369
0.1117791459
0.2444601655
0.0064765550
0.0770540014
0.2060691863
0.1419323683
0.0692036077
0.0789683610
0.0953709558
0.0791121274
0.1528820395
0.2074222714
0.0884930566
0.0770271942
0.0810066313
0.0896248221
0.0621470511
0.1519722342
0.0546816550
0.1102907434
0.1371181011
0.0047946144
0.1142431274
0.2274960279
0.0840080604
0.2323712409
0.0806034282
0.0989528373
0.0665487051
0.0224568285
0.1049687341
0.1488841623
0.7033103704
0.2511881590
0.0812254697
0.0939076990
0.0558756962
0.1829195917
0.0738999546
0.0852487609
0.0099588949
0.2374816537
0.4378322959
0.3945327401
0.1666884124
0.0781335160
0.0491555557
0.0040973248
0.1381343603
0.2056061625
0.1602799296
0.1424346268
0.1621679813
0.1274101436
0.6021801829
0.3250482380
0.0940889716
0.1615362018
0.0858511999
0.1231126934
0.0741669312
0.7458793521
0.0838829800
0.0771700442
0.2538306713
0.2059147805
0.1577725708
0.0869197249
0.0003002315
0.0675864890
0.0983483717
0.1028759405
0.0702478811
0.0650246963
0.4458828270
0.2951720953
0.0877600014
0.2116734535
0.0965145007
0.1010274440
0.3725185394
0.1741780937
0.1794956177
0.0675570443
0.0634121969
0.0973541439
0.0777054206
0.0791730210
0.1353044808
0.5544365644
0.1057553366
0.3349453807
0.0884427428
0.1312365383
0.1060381234
0.0746322349
0.1097176075
0.1304091066
0.0627893433
0.1309222728
0.3471034467
0.2348381728
1.1441087723
0.1279058605
0.0605056211
0.0968339145
0.0654463619
0.0517446175
0.0512491390
0.1040069237
0.2689981461
0.0897273496
0.2688143849
0.0953994840
0.0924204811
0.0488400832
0.1003969535
0.1693746895
0.1043154895
0.0995268822
0.3951966465
0.0862714723
0.2811501622
0.0787300244
0.4107556939
0.0206111707
0.1341223866
0.1490320861
0.3790667951
0.1160257980
0.0605296902
0.1373282671
0.0726058334
0.1644546837
0.2989563346
0.1078627557
0.1979732811
0.1129239276
0.6359301209
0.1124219149
0.1917028129
0.0641084388
0.1436677575
0.0767828748
0.0695065558
0.1012634709
0.0696810037
0.0950969309
0.2052001059
0.3035862446
2.2181463242
0.0828479230
0.1021310613
0.0698879585
0.1551499963
0.0998491794
0.0825023651
0.3179128766
0.0826409981
0.0988674834
0.0920989141
0.0742530748
0.2377206832
0.0938336626
0.0593296066
0.0747531801
0.0930961445
0.0713528171
0.0998004451
0.0967175588
0.0122913960
0.0712762177
0.0951242819
0.3644842207
0.0925980210
0.1312301010
0.1180566028
0.0941592827
0.0631541312
0.1071265340
0.1064810380
0.0591594651
0.1133397222
0.0738707036
0.1562765837
0.1115579307
0.1275448203
0.1770030558
1.1727863550
0.1207086891
0.1707580388
0.1061450914
0.1657083631
0.0685947835
0.0831182301
1.2172002792
0.0892411768
0.0661079511
0.0947948247
0.1669066548
0.1090884581
0.0713916346
0.2901941538
0.2890194058
0.2564204931
0.0910080820
0.0804790333
0.0653301403
0.1624675244
0.1019418761
0.1775929630
