0.1491805017
0.3035628796
0.1851322204
0.3428896666
0.0389176533
0.0471321419
0.2373690307
0.2291766256
0.2583916783
0.1796175689
0.1539528072
0.0557099432
0.3204195499
0.3339729309
0.1343902647
0.1834071130
0.2440514416
0.2060613930
0.3266759515
0.3229501247
0.2172860503
0.1565195173
0.0935504511
0.0245743003
0.4070669711
0.5560252070
0.1410878003
0.1269835085
0.1880465448
0.1087578386
0.1456760764
0.2287355065
0.0341955200
0.4046343267
0.2407842577
0.0485327542
0.1934177279
0.2596493959
0.5228961706
0.1967321932
0.1741452366
0.1635341346
0.2394015342
0.2887378037
0.1403922290
0.0658290535
0.1765010655
0.2464478910
0.1330980062
0.1733775437
0.2505356073
0.1244598329
0.1827205867
0.0147994161
0.4013506472
0.5273262858
0.2861527503
0.1699597687
0.5381318927
0.0210520755
0.2728978693
0.2348746359
0.4278446138
0.2612605691
0.0281503070
0.2154980898
0.1600269228
0.0505588204
0.1523201913
0.0916789547
0.1564281583
0.1282297969
0.2052458674
0.1762009263
0.1502072960
0.1703856587
0.7365330458
0.2922236323
0.1614858508
0.1274953038
0.1767994463
0.4260919094
0.1803883761
0.1500878036
0.3443006873
0.2392761260
0.4578973353
0.1966114640
0.2752270401
0.1632636786
0.5045831800
0.0654728040
0.2313638180
0.2506161332
0.1997027993
0.1761833131
0.2819701135
0.1224252731
0.1937445849
0.0709810257
0.1754525006
0.1070776507
0.2049364895
0.2282781154
0.3329802752
0.2290479839
0.1594354361
0.1624697298
0.1361513585
0.2087803781
0.1758799404
0.3726586103
0.2513989806
0.3307147324
0.4301403165
0.4788892567
0.3654792309
0.2476599813
0.3723266423
0.1394851655
0.3040170074
0.1568061113
0.2850848436
0.1951034516
0.2777755857
0.1769818366
0.4243235886
0.3693078160
0.4381361604
0.0429116599
0.1801483780
0.2094570845
0.4615032673
0.2755999565
0.1472265124
0.3759465516
0.1079408899
0.4662140012
0.2128088623
0.2766498327
0.1764471978
0.1333873719
0.1588848978
0.1775257289
0.1384918094
0.1788602769
0.3548531234
0.0571436435
0.1188626140
0.1774520874
0.2161452621
0.1822409928
0.1801787317
0.2041287869
0.1637189239
0.3877246082
0.1985078156
0.1821330339
0.1581878364
0.2252048254
0.2477260977
0.1599191129
0.4988971651
0.4576268792
0.1304866225
0.1625619829
0.2155060470
0.2167076021
0.3260436058
0.1492848396
0.4005616009
0.0976518244
0.3628967106
0.2255204171
0.1671575606
0.2142831832
0.1555437595
0.3880032301
0.1475534141
0.2378983349
0.0513986871
0.1712964624
0.0187059492
0.3322132528
0.2752894163
0.2099702209
0.0933328196
0.1551731080
0.1612309068
0.1297021508
0.2039132714
0.1185601130
0.2162151486
0.3207771480
0.0329535604
0.3070274591
0.4232251942
0.2209812403
0.3969897330
0.1693641096
0.0472214557
0.1420069486
0.2334333807
0.2126554549
0.2193494141
0.1390947849
0.0712354705
0.1769891828
0.2292229235
0.1754283607
0.2184879631
0.1308876127
0.1817150712
0.2435695529
0.4326481521
0.4023993015
0.0789547712
0.0259796586
0.1518872231
0.2229328156
0.1867602021
0.2350335121
0.2256508321
0.2673901916
0.2556012869
0.2615011334
0.1668102741
0.3459180892
0.5171679258
0.0169162564
0.1701822877
0.1312592477
0.2280441076
0.1368760318
0.5638677478
0.0225418564
0.0889389738
0.2741957903
0.3693932295
0.2659004927
0.1027289480
0.1367809325
0.1315839589
0.0888200030
0.0388882235
0.1192274541
0.1407119036
0.3548590243
0.2078528553
0.1788582206
0.2614498734
0.0472684503
0.0761250705
0.3967774808
0.2092199177
0.1803781986
0.1450049132
0.1478932053
0.0804482475
0.1909146309
0.1368732750
0.2150265425
0.4187717140
0.0701292977
0.4934678674
0.1511885375
0.0508729704
0.2069007605
0.1066160351
0.2097034454
0.0424922891
0.1169050261
0.2513912022
0.5254328847
0.3126772046
0.5948122740
0.2216450125
0.1267677844
0.1830094308
0.1422125995
0.1241154447
0.2210829407
0.0195586700
0.3538394570
0.1769523323
0.3819971085
0.0737023726
0.1516809613
0.1588407010
0.1898330301
0.3081619740
0.2018166780
0.1267088503
0.4381362498
0.1789359003
0.3104487658
0.2927508950
0.1697311848
0.3220063746
0.2956835926
0.2685165703
0.5814705491
0.0402576551
0.1915994287
0.1894328594
0.0482263453
0.3766633570
0.0744886026
0.1421339661
0.1008196250
0.0653734878
0.3210218251
0.1894417852
0.4250153005
0.1310143173
0.2286631167
0.1366074979
0.1394193172
0.1859824210
0.1374163628
0.0868607610
0.1613322198
0.0593926348
0.2640041113
0.1662558466
0.2323117405
0.1454334259
0.2250835150
0.0471170209
0.1585744321
0.4785504937
0.0374130122
0.1667263806
0.2650198936
0.1444805115
0.4084164500
0.1917780638
0.1568817943
0.1413227916
0.1828908920
0.1448293179
0.1906866282
0.0510998890
0.2836145461
0.1382651925
0.2092898339
0.3835643828
0.1746088862
0.2499742806
0.2187385112
0.2065207958
0.4014253318
0.1717935205
0.2193284929
0.1569270045
0.2968324721
0.1896020025
0.0409466028
0.0671018809
0.2581970990
0.3169927895
0.1525931209
0.1070270091
0.3759126365
0.2099688649
0.3069609702
0.1350969374
0.1195534766
0.1577649713
0.1617382914
0.1432484835
0.1954052448
0.3574368358
0.2223723382
0.1680922359
0.4519633353
0.4728668928
0.3221652508
0.1477963626
0.2475764155
0.1403362900
0.2980813086
0.0418242179
0.3494343162
