0.3390814066
0.2268998623
0.5212296844
0.1349124014
0.2823674977
0.2345879376
0.2444900721
0.3774041533
0.4032621384
0.4476395249
0.5294573903
0.4618143141
0.2552018464
0.3572781980
0.2829896212
0.6568967700
0.3468396366
0.4377189577
0.5347493291
0.1701806188
0.3885566890
0.3590324819
0.1906795204
0.4878083766
0.2485835850
0.5479859710
0.5027925968
0.3064117134
0.1130017564
0.2384572476
0.1935633570
0.4768484831
0.3373958766
0.2031342089
0.1804776341
0.2302176654
0.2071774006
0.2020014822
0.2258185446
0.1903777719
0.2091182470
0.4654830396
0.4059088826
0.3052639067
0.5454772711
0.4928408563
0.2212890834
0.4586692452
0.5156397223
0.2613114119
0.5163759589
0.5937637091
0.6845118403
0.4588722289
0.4785866141
0.5244777203
0.4681324959
0.4462019801
0.3263170421
0.2720732987
0.4655957222
0.5228395462
0.6699562073
0.3857261539
0.2049585432
0.3011488318
0.2671992779
0.5650974512
0.1914612502
0.1445990205
0.2095393240
0.2314047664
0.4764158726
0.3757003844
0.1397158355
0.5643395782
0.5865193009
0.4278375506
0.3271735609
0.2158764005
0.1266534775
0.1420816928
0.1696469039
0.3595396876
0.4512749612
0.2221030593
0.4326689541
0.2113643587
0.2033889890
0.2110402137
0.2358743548
0.3776365221
0.4448612034
0.1668913662
0.4629328847
0.2315959185
0.2850324810
0.3798183203
0.2953199148
0.4855152071
0.2570737302
0.5207563639
0.2080397457
0.3923991323
0.4232490957
0.3745032549
0.3166199028
0.2257624269
0.2133395672
0.4895928204
0.1761983484
0.2262392640
0.4580403566
0.3453677893
0.4751170278
0.4823314548
0.3172430098
0.2207201868
0.3984362483
0.3289565444
0.5382565856
0.5288100243
0.6593818665
0.2477795929
0.2190011591
0.2488832176
0.4348477721
0.4384203851
0.2372865230
0.4652065337
0.2471490949
0.3538319468
0.2862766385
0.4748495817
0.3141213953
0.2935459614
0.4093246758
0.4846897423
0.3616982400
0.5017578006
0.1869280934
0.3331957757
0.4046062529
0.2197933346
0.5916416049
0.2183497548
0.4718412161
0.1808724999
0.1707279980
0.1294596940
0.3415268064
0.2214865983
0.5109325051
0.2521893084
0.2483197004
0.0609387532
0.4148127437
0.2575134039
0.5061686635
0.4842329621
0.4214006364
0.2733110189
0.4747828543
0.2360351533
0.1870795786
0.1550301611
0.4621641338
0.1127459928
0.2451523393
0.6088249087
0.1638064981
0.2616917789
0.1885356903
0.5426575541
0.2516205013
0.1907545477
0.1538600028
0.1912993938
0.2974368036
0.4123066962
0.4847603142
0.5732644200
0.5609206557
0.4095194936
0.5439423323
1.0641672611
0.2723164856
0.1552749872
0.5182327628
0.4499303699
0.2206599414
0.3087100685
0.1538321227
0.1617765427
0.3154206276
0.2375475019
0.4286308289
0.2298617512
0.4183382094
0.1617381722
0.2520553172
0.4568594992
0.2493366599
0.2178812325
0.7147203684
0.4299345613
0.4985618591
0.3912104964
0.4163497686
0.4566675127
0.5762057900
0.4639787078
0.2784760892
0.3273268640
0.2667981684
0.1277914792
0.5024566650
0.5364325643
0.2051120400
0.3558656573
0.4094650745
0.4561321735
0.3210678101
0.3774564266
0.2298662961
0.1571244150
0.2834527493
0.1565630436
0.6694373488
0.3088012338
0.1926375777
0.5520769358
0.4477038980
0.4393576980
0.6419832706
0.2192522287
0.3468028605
0.4554065764
0.5368956327
0.2601867914
0.2493236065
0.3836290836
0.1934012920
0.4981775284
0.3901373446
0.1412577778
0.7243645787
0.1509759873
0.4225800335
0.7199545503
0.4883454740
0.4715699255
0.5539759994
0.2091001421
0.5700188875
0.4767467976
0.6554293633
0.1597937047
0.4899055958
0.5342128873
0.2490177155
0.2218406200
0.4738301337
0.2926323116
0.2605413496
0.5140259266
0.3058580756
0.4860995412
0.2782483399
0.4219849706
0.1842194945
0.3232468367
0.5945944190
0.4533566833
0.2735572755
0.4737399518
0.4015069902
0.4654051065
0.4554433823
0.4941677153
0.1231089011
0.4078781009
0.4733012915
0.4788847268
0.2387466878
0.1746286154
0.1718903482
0.4789216816
0.4564481974
0.4517903626
0.9448937774
0.1739032418
0.2334993333
0.1742764115
0.4818741679
0.2873297334
0.2362801135
0.2788706124
0.5417534113
0.6781628728
0.2617286742
0.5507162809
0.7121043801
0.5822867751
0.2527850866
0.2035453022
0.5011655688
0.1685049385
0.2443651706
0.3211244047
0.5205909610
0.1531042010
0.5264264941
0.2759397924
0.2592044473
0.2173459232
0.7409650087
0.2097916603
0.2235418856
0.2311259061
0.4850406945
0.2145517170
0.2773279548
0.5821921229
0.3129336834
0.4891746640
0.4756799638
0.3073040545
0.3439614773
0.2358506322
0.3485618532
0.6697478890
0.3881079257
0.3778088093
0.3418981731
0.2211854756
0.2439263314
0.1830884218
0.4057008326
1.1140522957
0.1396414489
0.1865143627
0.2711627781
0.2312196791
0.2447210997
0.2191263884
0.4719007909
0.5587779880
0.4586578906
0.5095324516
0.5955353379
0.2296710014
0.4295295477
0.2230489850
0.2511941493
0.2907450199
0.5884327888
0.4396362305
0.1482010633
0.2407441139
0.4885536432
0.1586263627
0.6951369643
0.2407728881
0.5789757967
0.5170904398
0.4949252903
0.2493473887
0.2474313378
0.4847383201
0.4295160472
0.4935111701
0.1977374852
0.2535139024
0.4789077640
0.2745145857
0.2845326066
0.6304974556
0.2328679711
0.5485469699
0.3861241341
0.3421269357
0.1862492114
0.4061440527
