0.3574962914
0.1859571487
0.1849408895
0.1216275841
0.2801178694
0.1782435775
0.2397494018
0.2565564215
0.0941792354
0.2056010067
0.1471739709
0.1052766070
0.1586585343
0.3964068890
0.1916939020
0.7103029490
0.2440831512
0.1127526313
0.1987489611
0.1249501705
0.3194334805
0.2172161490
0.1584856212
0.2674844563
0.1764993817
0.5734429359
0.2853694260
0.2247776687
0.1927273571
0.1191459596
0.1708745360
0.1018713489
0.5094064474
0.1556826234
0.5115522146
0.1760556251
0.1801168174
0.1399915814
0.2140226215
0.1792003810
0.1593041569
0.0777288377
0.2117828578
0.1742473692
0.0695405155
0.1286972612
0.1968277693
0.0956654698
0.1555845886
0.2329078466
0.5100670457
0.4768343568
0.6279556155
0.2348314971
0.1045433134
0.2176026404
0.2946913540
0.0793702155
0.2845650911
0.2325169891
0.0982078761
0.1120258197
0.8403401971
0.1483120471
0.1659434736
0.2606060803
0.2589530349
0.5721983910
0.1794364154
0.1013490409
0.1671231091
0.0136805242
0.4571206868
0.2887179554
0.1158131137
0.6253442764
0.2713086903
0.2390014976
0.1730438620
0.1537892073
0.1073398292
0.0921800509
0.1367800683
0.2590636909
0.0811660588
0.1592156887
0.3515182734
0.2125849724
0.1884557158
0.1582712978
0.1115050092
0.0872943550
0.4869219959
0.1398007125
0.1081725210
0.1962573379
0.0555506572
0.3773104250
0.1387100220
0.0751660839
0.2346997410
0.0202235747
0.1567151099
0.0520549491
0.2064465135
0.2349528223
0.1928997189
0.1588770896
0.1818990409
0.1267418861
0.1498219222
0.2039692700
0.2319476306
0.3597744405
0.0766254961
0.3020135760
0.2075895965
0.0266107693
0.0646618158
0.3445613682
0.1328181326
0.0613665022
0.5952408314
0.2860967517
0.1801103354
0.1750594825
0.1577501893
0.0548779406
0.1964806169
0.3983970284
0.1988882571
0.3253279328
0.1327728033
0.4006428123
0.2056228071
0.1314575672
0.1139705852
0.1827107519
0.0751252174
0.1471508294
0.1789623350
0.2109253705
0.1496860981
0.1164887175
0.5357925892
0.1687409431
0.1801308692
0.1682800651
0.0378524661
0.0951333418
0.2758713663
0.2256312221
0.0140213370
0.2993886173
0.1978997886
0.0728216544
0.0857435316
0.2382386029
0.1319881231
0.1537161469
0.1963554621
0.2171662152
0.1221627444
0.1652890742
0.1535947323
0.1155206114
0.2613407075
0.1136241853
0.0853631124
0.1711755842
0.1357853115
0.0321504287
0.1530831307
0.3141684830
0.2682337165
0.1451197714
0.1319251657
0.0603476241
0.2334933430
0.3805987835
0.1153108850
0.1429439187
0.0662017688
0.1237050742
0.0993171185
0.8038908839
0.2120874822
0.1258649677
0.0636178926
0.0139290327
0.2065325081
0.1861676872
0.1464415640
0.1182280928
0.2675462961
0.2643414140
0.1707431376
0.5232273936
0.0360582061
0.1282256693
0.3334726393
0.1229312643
0.1695112735
0.1829375476
0.6093499064
0.1060311496
0.6021336317
0.1344536245
0.2433921099
0.4374207258
0.1131654903
0.0153389713
0.2305819541
0.0601875857
0.2227391154
0.1129664034
0.3902960122
0.1370366067
0.1553464681
0.2702899575
0.3318231702
0.1738275290
0.1768965870
0.3357209265
0.1855730861
0.1184635088
0.1963158995
0.1383789033
0.5655795336
0.1996947676
0.0263833944
0.0982985869
0.1521618813
0.1160704792
0.3064918518
0.1330158710
0.2690835893
0.1539476216
0.1978548914
0.1265289783
0.1768912524
0.3610065281
0.1725110114
0.2159811705
0.2544939518
0.1212539598
0.4434284866
0.1204389408
0.1213921234
0.6966859102
0.1001353487
0.0109818894
0.3435439467
0.1965821236
0.1741459072
0.1874356568
0.6342442036
0.1180238724
0.3066944778
0.0369721949
0.1073488966
0.2617471516
0.1065727845
0.3683444560
0.1953138560
0.1625038832
0.4146440923
0.1144959107
0.2193569988
0.2482718527
0.1434096247
0.3029069006
0.1769248694
0.1343961656
0.2519025207
0.0643684417
0.5038673878
0.0925859585
0.0730626956
0.1882043630
0.1433928758
0.1511694491
0.1935878247
0.1924210936
0.1705198437
0.1698763222
0.2047437578
0.1306302249
0.3539659083
0.1352828145
0.6109125018
0.1483834088
0.1727927923
0.1368570924
0.1433039457
0.2043513954
0.2170600742
0.2009120584
0.3788224459
0.0256656129
0.2045717090
0.2045853138
0.6836858392
0.4506200850
0.2107658386
0.1878125370
0.2304306626
0.1377603114
0.2041480243
0.1889113188
0.0737390742
0.1727796197
0.0831301063
0.1448465288
0.1421443075
0.2083054781
0.7089064717
0.1745011955
0.2131655961
0.2045085430
0.1730537266
0.0831024572
0.3293960392
0.1755814403
0.2707570493
0.0707875714
0.2237968594
0.3054683805
0.0979079455
0.1939999163
0.2631925344
0.2356321216
0.1463888586
0.1906688809
0.3400599062
0.2261112481
0.1811854541
0.1381008625
0.3286068439
0.9951112270
0.1307794601
0.1583512425
0.1767438799
0.0268386323
0.1960218996
0.1686345488
0.1995490789
0.2002807707
0.2780955434
0.4648081064
0.2433441132
0.2197360396
0.1372519732
0.1722549945
0.2021085322
0.2260587364
0.1677936912
0.1175771505
0.1023935229
0.1477387846
0.1247709021
0.1195121631
0.0999528244
0.1652931869
0.3093787134
0.1704458594
0.0905082598
0.1838036180
0.1156304181
0.0725873262
0.1582715064
0.1887092888
0.2410418391
0.2031585276
0.0492510349
0.2446602881
0.2292555869
0.5029681325
0.1945833564
0.0706502646
0.0410434790
0.2823092937
0.1499121189
0.0336396396
