0.3843860626
0.4757181108
0.5043665171
0.5199201107
0.5318394303
0.5409540534
0.5492134690
0.5564684272
0.5628350973
0.5686909556
0.5737456083
0.5788914561
0.5841462612
0.5897248983
0.5943059325
0.5967595577
0.5991896987
0.6012938619
0.6035315394
0.6054453254
0.6071578264
0.6088936329
0.6105841398
0.6123164892
0.6140044928
0.6158943176
0.6177340746
0.6196960211
0.6207683682
0.6216180921
0.6228449345
0.6241040826
0.6253011227
0.6264377236
0.6274109483
0.6283725500
0.6293783784
0.6302870512
0.6312198639
0.6321622133
0.6333251595
0.6346870065
0.6352941394
0.6355885267
0.6365243196
0.6374243498
0.6380507350
0.6387475133
0.6393902898
0.6400584579
0.6407608390
0.6415463090
0.6422445774
0.6428800225
0.6437517405
0.6447572708
0.6450363994
0.6451347470
0.6458702087
0.6465290785
0.6469509602
0.6475458741
0.6479788423
0.6483923793
0.6488924623
0.6493790150
0.6501726508
0.6506824493
0.6512265205
0.6520037651
0.6521946788
0.6522554755
0.6526938677
0.6531033516
0.6535522342
0.6539292932
0.6542339325
0.6543536186
0.6547411084
0.6551362872
0.6555885673
0.6560072899
0.6565486789
0.6571704745
0.6573746800
0.6575885415
0.6581477523
0.6584940553
0.6588971019
0.6591348648
0.6593708992
0.6595788002
0.6598933935
0.6601246595
0.6604853868
0.6608815789
0.6613587141
0.6617829800
0.6615326405
0.6604261398
0.6598121524
0.6604442596
0.6607936025
0.6612025499
0.6615062952
0.6618159413
0.6620836258
0.6624155045
0.6627489924
0.6630613208
0.6634075046
0.6637579799
0.6642189622
0.6642854810
0.6644022465
0.6647362709
0.6650284529
0.6652372479
0.6655529737
0.6658644676
0.6660741568
0.6663030982
0.6665672660
0.6667786837
0.6671147346
0.6674551964
0.6677826643
0.6676593423
0.6676717401
0.6680050492
0.6682711244
0.6684319377
0.6686953902
0.6688554883
0.6690929532
0.6693298817
0.6696307063
0.6698147655
0.6700292230
0.6702216864
0.6705448031
0.6704911590
0.6704622507
0.6707369089
0.6708658934
0.6709882021
0.6711819172
0.6713898778
0.6715666652
0.6716822982
0.6719312072
0.6721598506
0.6723355055
0.6725899577
0.6728610992
0.6727824807
0.6727236509
0.6730540991
0.6734115481
0.6735499501
0.6736273766
0.6737908125
0.6739686131
0.6740360260
0.6742639542
0.6744236946
0.6746899486
0.6750432253
0.6753465533
0.6752509475
0.6752737164
0.6755802631
0.6758605838
0.6760728955
0.6762992144
0.6764553189
0.6765868068
0.6767424941
0.6769517660
0.6771579385
0.6773883700
0.6776555181
0.6780220866
0.6781105995
0.6785433888
0.6792631149
0.6798431277
0.6802656054
0.6807018518
0.6810591817
0.6813412905
0.6817505956
0.6822089553
0.6825942993
0.6830365062
0.6837244034
0.6846811771
