0.4546720982
0.5290067792
0.5605200529
0.5766457915
0.5905244350
0.6019924283
0.6106841564
0.6184716225
0.6261832714
0.6327314377
0.6384657621
0.6435032487
0.6483182907
0.6526859403
0.6559736729
0.6586882472
0.6616082191
0.6634910107
0.6657983661
0.6678086519
0.6699395180
0.6716361046
0.6735116839
0.6753376722
0.6769947410
0.6785331964
0.6801022887
0.6816678047
0.6820393801
0.6829336286
0.6846389771
0.6859623790
0.6873990893
0.6886399984
0.6898015738
0.6909171939
0.6921999454
0.6933917403
0.6943704486
0.6951126456
0.6959782839
0.6971870065
0.6972287297
0.6977755427
0.6988286972
0.6998004317
0.7005223036
0.7012777328
0.7022148967
0.7031511068
0.7039935589
0.7049531937
0.7057271600
0.7062524557
0.7067316771
0.7075864673
0.7071206570
0.7075952291
0.7082723379
0.7090107799
0.7094014287
0.7099648714
0.7105650902
0.7112275362
0.7120266557
0.7128032446
0.7133042216
0.7136163116
0.7139927745
0.7144342661
0.7142698169
0.7144923210
0.7150787115
0.7154662013
0.7159445286
0.7165576220
0.7172939181
0.7177554369
0.7182474136
0.7189207077
0.7192924023
0.7196153402
0.7200762630
0.7202574015
0.7201067209
0.7204625607
0.7210050225
0.7212164998
0.7216942310
0.7220239043
0.7224525213
0.7228347063
0.7235761285
0.7240488529
0.7243151665
0.7245088816
0.7247208357
0.7246457338
0.7237482071
0.7222430110
0.7215654850
0.7220780849
0.7225688696
0.7233144045
0.7238046527
0.7244174480
0.7248464823
0.7254112363
0.7258853912
0.7262734771
0.7265308499
0.7266007066
0.7268410325
0.7266501784
0.7268744707
0.7272805572
0.7273851633
0.7277194858
0.7280495763
0.7285329103
0.7289040089
0.7292599082
0.7295215130
0.7297336459
0.7299000621
0.7298715115
0.7302060127
0.7297189832
0.7296598554
0.7299779654
0.7301830649
0.7304009199
0.7306599617
0.7309857607
0.7313168049
0.7316398621
0.7320720553
0.7322388291
0.7323623896
0.7325090170
0.7325478792
0.7322838306
0.7322049141
0.7325428128
0.7326393127
0.7327185869
0.7329764366
0.7333706021
0.7337898016
0.7340592146
0.7343420982
0.7344976068
0.7344947457
0.7347211242
0.7348414063
0.7344856262
0.7341632247
0.7344369888
0.7347984910
0.7349951863
0.7350650430
0.7353321910
0.7356985807
0.7359917760
0.7362385988
0.7363588214
0.7365019321
0.7367941141
0.7370646000
0.7366582155
0.7365457416
0.7369987369
0.7370542288
0.7372800708
0.7374376655
0.7377749085
0.7380414009
0.7382461429
0.7385169268
0.7386808395
0.7388799787
0.7391497493
0.7392623425
0.7389408946
0.7392889261
0.7397617102
0.7402163744
0.7406664491
0.7410906553
0.7416145205
0.7418841720
0.7423228025
0.7428308725
0.7432929873
0.7436588407
0.7441499829
0.7446089387
