0.6631154418
0.7137342691
0.7329821587
0.7414011955
0.7449199557
0.7477691770
0.7510639429
0.7533785105
0.7559809089
0.7578250170
0.7604342103
0.7628746033
0.7647618651
0.7643885612
0.7658314705
0.7711765766
0.7724361420
0.7733095884
0.7737583518
0.7747285366
0.7750176191
0.7752945423
0.7758355141
0.7770449519
0.7786665559
0.7790411115
0.7813105583
0.7788467407
0.7787258625
0.7808068991
0.7809790969
0.7834972143
0.7824975252
0.7829256654
0.7832307816
0.7840886712
0.7839310169
0.7851412892
0.7855439782
0.7872612476
0.7869797349
0.7850979567
0.7859308124
0.7885596156
0.7880766988
0.7885992527
0.7885474563
0.7891783714
0.7887808084
0.7890648842
0.7893522978
0.7894735336
0.7905949354
0.7914934158
0.7919323444
0.7902429104
0.7908892632
0.7931174040
0.7922782302
0.7930441499
0.7934261560
0.7924220562
0.7928053141
0.7922626734
0.7925584912
0.7933750749
0.7950366139
0.7955930233
0.7955062985
0.7943947315
0.7947725058
0.7967125177
0.7964273095
0.7962813973
0.7963077426
0.7960956097
0.7958260179
0.7962369919
0.7965782285
0.7970375419
0.7972740531
0.7981718183
0.7981048226
0.7973784208
0.7977685332
0.7994582057
0.7998907566
0.8002622724
0.7997620106
0.7999857664
0.7994579673
0.7991549373
0.7993482351
0.8001197577
0.8012376428
0.8022098541
0.8004391789
0.7916618586
0.7780907750
0.7820883393
0.7961710095
0.7998137474
0.8014320135
0.8003025651
0.8012620211
0.8014264107
0.8012105823
0.8020219803
0.8029260039
0.8030287623
0.8035813570
0.8034836650
0.8019867539
0.8026528955
0.8042563200
0.8037533164
0.8051535487
0.8045029044
0.8045395017
0.8047761917
0.8051176071
0.8054811358
0.8058706522
0.8058105707
0.8061625957
0.8061890006
0.8053072095
0.8054522872
0.8076233268
0.8071177602
0.8078719378
0.8079732060
0.8074629307
0.8075727224
0.8074323535
0.8077086210
0.8081825972
0.8075390458
0.8084615469
0.8086574674
0.8073742390
0.8066877723
0.8097754717
0.8090174198
0.8093795180
0.8096458316
0.8098410964
0.8096204400
0.8099082708
0.8098588586
0.8099644184
0.8099615574
0.8108784556
0.8110759258
0.8089137077
0.8089814186
0.8108586073
0.8106346130
0.8110917807
0.8113086224
0.8111566901
0.8111318946
0.8110949397
0.8108988404
0.8119975328
0.8108490705
0.8116465211
0.8115903139
0.8090413213
0.8087226748
0.8112152815
0.8111829162
0.8118379116
0.8122475743
0.8119335175
0.8121059537
0.8117921948
0.8113980889
0.8127081394
0.8118955493
0.8121447563
0.8123898506
0.8110786080
0.8109289408
0.8116247058
0.8121262789
0.8126049042
0.8133087158
0.8130176663
0.8132396936
0.8137097955
0.8134148717
0.8132095933
0.8131138682
0.8132802844
0.8137400746
0.8120039701
