0.4702031314
0.5329186916
0.5594097376
0.5753321648
0.5863592029
0.5952261090
0.6033319235
0.6090547442
0.6146754026
0.6195348501
0.6241865158
0.6283286214
0.6324155331
0.6370766759
0.6391985416
0.6413755417
0.6446692944
0.6469826698
0.6490207314
0.6514233351
0.6537446380
0.6556254625
0.6573443413
0.6589997411
0.6611409783
0.6628507376
0.6644228101
0.6661863923
0.6662591696
0.6671461463
0.6688449383
0.6700501442
0.6715315580
0.6728383303
0.6741213799
0.6752946377
0.6765787601
0.6777459979
0.6788129807
0.6799672246
0.6810830832
0.6822925806
0.6822034717
0.6826597452
0.6839004755
0.6847156286
0.6856337190
0.6864735484
0.6874987483
0.6883745193
0.6891973019
0.6902552247
0.6912283897
0.6921985745
0.6931362748
0.6940125227
0.6936988831
0.6938654780
0.6947364211
0.6953731179
0.6959671378
0.6965911984
0.6973206401
0.6979991794
0.6987183094
0.6994938254
0.7003044486
0.7012172937
0.7019891143
0.7028207779
0.7024697065
0.7025583386
0.7031234503
0.7036725283
0.7040287852
0.7044655681
0.7050395608
0.7056322098
0.7064214945
0.7070517540
0.7077118158
0.7081562281
0.7088142037
0.7095947862
0.7093393803
0.7093502879
0.7099130750
0.7103796601
0.7106028199
0.7110401988
0.7117015123
0.7122399807
0.7129183412
0.7134498954
0.7139451504
0.7146087885
0.7147713900
0.7221503854
0.7215343714
0.7203109860
0.7137953043
0.7130761743
0.7126411796
0.7126334310
0.7128110528
0.7131558657
0.7137542367
0.7141979337
0.7145885229
0.7149792314
0.7155525684
0.7160885930
0.7165825963
0.7161423564
0.7161031365
0.7165983915
0.7169088125
0.7173253894
0.7176827788
0.7181361914
0.7185691595
0.7189306617
0.7192056179
0.7196406722
0.7199521661
0.7201626897
0.7204368711
0.7199361920
0.7198164463
0.7203670740
0.7205970883
0.7208296657
0.7213032246
0.7216653228
0.7220397592
0.7223765850
0.7228501439
0.7231101394
0.7231988311
0.7233783603
0.7235597968
0.7229732871
0.7228563428
0.7232609987
0.7234991193
0.7236940861
0.7238661647
0.7241588831
0.7244559526
0.7246306539
0.7248647213
0.7251346111
0.7252861261
0.7253892422
0.7255909443
0.7249627709
0.7250086069
0.7254148722
0.7255480289
0.7256149650
0.7257232070
0.7258954048
0.7260659933
0.7262094617
0.7262778878
0.7264223099
0.7265525460
0.7266462445
0.7266975641
0.7262573838
0.7262231112
0.7266603708
0.7267870307
0.7268890142
0.7269554734
0.7269632816
0.7270690203
0.7271888256
0.7271906137
0.7272516489
0.7272983789
0.7273098230
0.7275269628
0.7272795439
0.7276790142
0.7282161713
0.7283889055
0.7286186814
0.7288162708
0.7290100455
0.7293406725
0.7295405865
0.7297239304
0.7297512889
0.7298734784
0.7300781012
0.7305187583
