0.3776781559
0.4226058424
0.4621677995
0.4844642580
0.4993553460
0.5113133788
0.5218048096
0.5307778120
0.5384847522
0.5455254316
0.5518579483
0.5574320555
0.5621738434
0.5668305159
0.5718187094
0.5755764246
0.5781938434
0.5814257264
0.5842719078
0.5869988203
0.5900734067
0.5929608345
0.5958322883
0.5984162688
0.6006394625
0.6030118465
0.6052157879
0.6071245074
0.6087824106
0.6098651886
0.6112560034
0.6130698919
0.6147462130
0.6165300012
0.6184189320
0.6203382015
0.6224023700
0.6242948174
0.6260578632
0.6275484562
0.6288495064
0.6301957965
0.6313027143
0.6319344640
0.6327264309
0.6339542866
0.6351310015
0.6364568472
0.6379796267
0.6394674778
0.6409998536
0.6425276399
0.6439678669
0.6452585459
0.6464666128
0.6474828124
0.6482601762
0.6487122774
0.6492149830
0.6499913931
0.6508668065
0.6520157456
0.6531426311
0.6543365121
0.6556438804
0.6569646001
0.6581653953
0.6593140960
0.6603132486
0.6610646844
0.6617289186
0.6620545387
0.6622953415
0.6628692746
0.6636392474
0.6644766331
0.6653903723
0.6664487123
0.6675415039
0.6687518358
0.6697602868
0.6706656814
0.6713583469
0.6718739867
0.6723381281
0.6725457311
0.6727607250
0.6731973290
0.6737604737
0.6743813753
0.6751084924
0.6759786606
0.6769672036
0.6780807972
0.6789507270
0.6795323491
0.6800097823
0.6804128885
0.6789536476
0.6787289977
0.6780446768
0.6775603890
0.6779131293
0.6783856153
0.6789107323
0.6795694232
0.6803120971
0.6811950207
0.6819977760
0.6827214956
0.6832149625
0.6836052537
0.6839286685
0.6841548085
0.6841559410
0.6841459870
0.6843093634
0.6845967770
0.6850273013
0.6854608059
0.6860013604
0.6867597699
0.6873436570
0.6878674030
0.6883195043
0.6885639429
0.6886981726
0.6887119412
0.6885837317
0.6884785295
0.6885231137
0.6886598468
0.6889011860
0.6892394423
0.6897321939
0.6903316975
0.6907869577
0.6912010312
0.6915059686
0.6915971637
0.6915689707
0.6915342212
0.6913534999
0.6911694407
0.6911906004
0.6912533641
0.6913677454
0.6915233135
0.6918087602
0.6921813488
0.6925261617
0.6927575469
0.6929236650
0.6930418611
0.6930066347
0.6928948760
0.6927099824
0.6925035715
0.6924338937
0.6924557686
0.6925114989
0.6925833821
0.6927504539
0.6929423213
0.6931083798
0.6932292581
0.6932836175
0.6933024526
0.6932414174
0.6931249499
0.6929201484
0.6927274466
0.6926783323
0.6926745772
0.6927025318
0.6927611828
0.6928995252
0.6930522919
0.6931064725
0.6932404041
0.6932240725
0.6931844354
0.6931570768
0.6930935979
0.6929365993
0.6928422451
0.6927788854
0.6927221417
0.6927939057
0.6928253174
0.6928899884
0.6930140257
0.6931419969
0.6931521893
0.6930879951
0.6931121349
0.6931247711
