0.2777933478
0.3472334445
0.3759856820
0.3946250081
0.4092546999
0.4223331213
0.4328876436
0.4424846172
0.4513259530
0.4595998824
0.4665303230
0.4728172421
0.4786531031
0.4844766259
0.4889058173
0.4925021827
0.4960649014
0.4996160865
0.5029678345
0.5063362718
0.5096419454
0.5130025148
0.5164130926
0.5193588138
0.5224559307
0.5251914263
0.5274636745
0.5296887755
0.5313494205
0.5329673290
0.5350695848
0.5370746851
0.5392812490
0.5414808393
0.5436933041
0.5459448695
0.5481284261
0.5500876307
0.5519658327
0.5536758304
0.5553768873
0.5568010211
0.5577493906
0.5588324666
0.5602369308
0.5617869496
0.5633717775
0.5650798678
0.5668460727
0.5686199665
0.5701684356
0.5717668533
0.5732690692
0.5745751858
0.5758087039
0.5767956376
0.5773105025
0.5779889822
0.5790557265
0.5799810886
0.5810837746
0.5824874640
0.5839415789
0.5854024291
0.5868816972
0.5882514119
0.5894713402
0.5904230475
0.5912770033
0.5919956565
0.5923991799
0.5929064751
0.5936592817
0.5945371985
0.5955621600
0.5967440009
0.5979097486
0.5991644859
0.6005089879
0.6016659737
0.6026670337
0.6035703421
0.6042938828
0.6049530506
0.6052276492
0.6056327820
0.6063780189
0.6072164774
0.6080384851
0.6089078784
0.6098974347
0.6110093594
0.6121568084
0.6130828857
0.6138183475
0.6144616008
0.6150346398
0.6149916649
0.6137543321
0.6127459407
0.6123923063
0.6123482585
0.6129812598
0.6136896610
0.6145882607
0.6156013608
0.6166337729
0.6175701022
0.6184535027
0.6190787554
0.6196057796
0.6200634241
0.6204504371
0.6205823421
0.6208053827
0.6212409139
0.6217052341
0.6222718954
0.6229709387
0.6237645745
0.6245310307
0.6251658797
0.6258102655
0.6262903810
0.6266919374
0.6270654202
0.6272816658
0.6272059679
0.6273036599
0.6276309490
0.6280053258
0.6284574866
0.6289452910
0.6294626594
0.6299675107
0.6304756999
0.6309183836
0.6312782764
0.6316746473
0.6318858862
0.6319935918
0.6319931149
0.6319935918
0.6322551370
0.6325514317
0.6328580976
0.6332542896
0.6336616278
0.6340294480
0.6343919635
0.6347281337
0.6350513101
0.6353016496
0.6355195045
0.6356793046
0.6355878115
0.6354681253
0.6356515288
0.6358377337
0.6359564066
0.6361816525
0.6364995837
0.6367814541
0.6371026039
0.6373879910
0.6376295686
0.6378663182
0.6380825639
0.6382271647
0.6381503940
0.6380528808
0.6380834579
0.6381423473
0.6382814050
0.6384469271
0.6386125088
0.6388428807
0.6390983462
0.6393337250
0.6395831108
0.6397477984
0.6399095654
0.6400344372
0.6400442123
0.6401362419
0.6402899027
0.6404530406
0.6406131983
0.6408041120
0.6409770250
0.6411677003
0.6414276958
0.6416847110
0.6419131160
0.6421510577
0.6424417496
0.6427655220
