0.5979637504
0.6498636007
0.6635452509
0.6714724302
0.6789546609
0.6844707131
0.6891266108
0.6932315826
0.6967321634
0.6999859810
0.7029734850
0.7054191828
0.7079859972
0.7100918293
0.7122856379
0.7150072455
0.7160924077
0.7184683681
0.7197380662
0.7215932012
0.7231382728
0.7249035835
0.7265720367
0.7275609970
0.7291181684
0.7306310534
0.7316390872
0.7319240570
0.7330920100
0.7337122560
0.7337892652
0.7361405492
0.7368595600
0.7379287481
0.7388306260
0.7400588989
0.7414851189
0.7426119447
0.7432392836
0.7441014051
0.7444279790
0.7451001406
0.7454811931
0.7468358874
0.7468783259
0.7477937937
0.7484612465
0.7493773103
0.7500952482
0.7503746748
0.7513503432
0.7522482872
0.7532550693
0.7538972497
0.7545664907
0.7550664544
0.7555567622
0.7564705610
0.7561754584
0.7566961050
0.7572635412
0.7575423717
0.7583715916
0.7590922117
0.7602627277
0.7607305050
0.7615869641
0.7623444796
0.7629488111
0.7630816698
0.7637141347
0.7638366222
0.7643725276
0.7646196485
0.7648261786
0.7650923729
0.7652991414
0.7663818002
0.7672443390
0.7678202391
0.7680435181
0.7688499093
0.7688397169
0.7688798308
0.7693974972
0.7701417208
0.7701539993
0.7705677748
0.7705519795
0.7710394263
0.7714478970
0.7720158696
0.7723625302
0.7729780078
0.7736441493
0.7732592225
0.7807758451
0.7671369910
0.7684412003
0.7746441960
0.7684848905
0.7724535465
0.7736381888
0.7733553052
0.7740765214
0.7743613124
0.7751037478
0.7757695913
0.7764366269
0.7765498161
0.7770628929
0.7769767046
0.7768913507
0.7773261070
0.7779680490
0.7776679993
0.7782741189
0.7783131003
0.7781602144
0.7789013982
0.7794212103
0.7796635628
0.7799921632
0.7801901698
0.7808498144
0.7809168696
0.7807074785
0.7807173133
0.7810999155
0.7808586359
0.7813276052
0.7815747857
0.7812858224
0.7816296816
0.7819294333
0.7824497223
0.7829557061
0.7828898430
0.7831698656
0.7834000587
0.7828958035
0.7829640508
0.7830951214
0.7830438614
0.7832854986
0.7832178473
0.7832424641
0.7834774256
0.7837659717
0.7839502096
0.7844082117
0.7843325138
0.7846711874
0.7847979069
0.7844907045
0.7847482562
0.7845982909
0.7845011950
0.7845132947
0.7846318483
0.7846750021
0.7848518491
0.7851334810
0.7852236629
0.7851551175
0.7852309346
0.7857418060
0.7851971388
0.7852249146
0.7852170467
0.7849240899
0.7851166129
0.7856513858
0.7857633233
0.7857419252
0.7859209180
0.7858803272
0.7856921554
0.7861988544
0.7861708999
0.7862302661
0.7861336470
0.7860706449
0.7863783836
0.7866548300
0.7867692113
0.7867771387
0.7873376608
0.7872906327
0.7875681520
0.7876636982
0.7878716588
0.7878828645
0.7876865864
0.7879730463
0.7884618044
0.7886517048
