0.5904754400
0.6346765757
0.6493405104
0.6601923108
0.6673602462
0.6732718945
0.6778314114
0.6821740866
0.6862769723
0.6894049644
0.6927890778
0.6950016618
0.6973503828
0.6983659267
0.7005057931
0.7044622302
0.7066284418
0.7087596655
0.7110052109
0.7131108642
0.7142704725
0.7154434323
0.7175070047
0.7192671895
0.7202810645
0.7214540839
0.7233418226
0.7220050097
0.7237209082
0.7256092429
0.7251238823
0.7264564633
0.7271707654
0.7295039296
0.7309080958
0.7318699956
0.7326423526
0.7337125540
0.7345482111
0.7364450693
0.7357537746
0.7346918583
0.7368676066
0.7387006879
0.7386562228
0.7386112213
0.7395269871
0.7412222028
0.7422228456
0.7434286475
0.7442106009
0.7446318865
0.7454931736
0.7464625239
0.7466883063
0.7454395890
0.7468799353
0.7484552264
0.7483178973
0.7486370206
0.7496385574
0.7502477169
0.7512667775
0.7519352436
0.7530659437
0.7534032464
0.7540919185
0.7545633912
0.7547125816
0.7534633875
0.7547229528
0.7563057542
0.7562235594
0.7566287518
0.7570689917
0.7574447989
0.7580059767
0.7590138316
0.7594178319
0.7603934407
0.7604634762
0.7607611418
0.7605369091
0.7592468262
0.7602575421
0.7618927360
0.7620919347
0.7624408603
0.7625911236
0.7634400725
0.7640157342
0.7648677826
0.7651848793
0.7654864788
0.7656503916
0.7649993300
0.7608094811
0.7592346668
0.7595897913
0.7623933554
0.7712583542
0.7658354640
0.7653914690
0.7650890946
0.7663781643
0.7670171857
0.7681533694
0.7686000466
0.7682697773
0.7685891986
0.7690370679
0.7688045502
0.7676108479
0.7684388161
0.7698498368
0.7700352669
0.7704103589
0.7705338597
0.7703753114
0.7709403634
0.7719074488
0.7719540596
0.7722715735
0.7722495198
0.7726652622
0.7722030282
0.7707635164
0.7711645365
0.7727767825
0.7722874880
0.7728347182
0.7733020782
0.7733883858
0.7736089826
0.7737529874
0.7741901278
0.7741401196
0.7743145823
0.7745652795
0.7741512060
0.7723931074
0.7730411291
0.7749732733
0.7743581533
0.7743246555
0.7748157978
0.7749531865
0.7748005986
0.7752481699
0.7750354409
0.7755478024
0.7752831578
0.7754008174
0.7751091719
0.7739791870
0.7749011517
0.7760884166
0.7753041983
0.7752285600
0.7754199505
0.7756560445
0.7757464051
0.7763811946
0.7760931849
0.7763023973
0.7756891251
0.7762750983
0.7761364579
0.7749273181
0.7755523324
0.7762387991
0.7755135298
0.7763303518
0.7765860558
0.7763394117
0.7767031789
0.7765713930
0.7762532830
0.7770484090
0.7767702341
0.7765728831
0.7761839032
0.7757704258
0.7770549059
0.7769352198
0.7764843702
0.7762034535
0.7768520117
0.7770421505
0.7776951790
0.7778685093
0.7776573300
0.7772956491
0.7768736482
0.7771965265
0.7782648802
0.7780576348
