0.5680298805
0.6061502695
0.6203558445
0.6240375638
0.6333965659
0.6423112154
0.6488094926
0.6546484828
0.6597524285
0.6649762988
0.6690151691
0.6719371080
0.6743422747
0.6780602336
0.6806254983
0.6824741960
0.6858032346
0.6885877252
0.6912013888
0.6943622231
0.6964943409
0.6991635561
0.7019448280
0.7041080594
0.7056979537
0.7078544497
0.7086650133
0.7087104917
0.7104362845
0.7123816013
0.7132958174
0.7144783735
0.7160642743
0.7188963890
0.7206439972
0.7218570709
0.7239896655
0.7258300781
0.7270746231
0.7287638187
0.7291479707
0.7294070125
0.7301614881
0.7313734889
0.7325211167
0.7335360050
0.7351396084
0.7367593646
0.7379585505
0.7396435142
0.7409116626
0.7420557141
0.7434279919
0.7447136045
0.7453991175
0.7456377149
0.7462586761
0.7469899654
0.7474506497
0.7484390736
0.7494481206
0.7506223917
0.7520620227
0.7531390190
0.7543175220
0.7555376887
0.7565268278
0.7573963404
0.7580515742
0.7582058907
0.7586147189
0.7588192821
0.7593010664
0.7603337765
0.7613076568
0.7622628808
0.7629357576
0.7641106248
0.7652614117
0.7664256096
0.7670150995
0.7677373886
0.7678447962
0.7676842213
0.7680450678
0.7687150240
0.7692368627
0.7698158026
0.7703296542
0.7716403008
0.7723916173
0.7733430862
0.7743896842
0.7751407623
0.7757908106
0.7756116390
0.7800478935
0.7774621844
0.7771733403
0.7779516578
0.7947311997
0.7807182074
0.7758445144
0.7760771513
0.7771349549
0.7772863507
0.7779589295
0.7787090540
0.7793076634
0.7798721194
0.7802550197
0.7803686261
0.7797306776
0.7799488902
0.7803578973
0.7807834148
0.7809398770
0.7812984586
0.7814968824
0.7820697427
0.7828554511
0.7835014462
0.7839183807
0.7842735648
0.7847234607
0.7849435210
0.7839706540
0.7838906050
0.7844728827
0.7845991254
0.7850791216
0.7853224874
0.7856082916
0.7859514952
0.7862414122
0.7867230177
0.7872278690
0.7875579596
0.7878512740
0.7877015471
0.7871310711
0.7869912982
0.7873092890
0.7874274254
0.7875198126
0.7879050374
0.7881197929
0.7881794572
0.7887735367
0.7890830636
0.7894926071
0.7894903421
0.7897461653
0.7895039916
0.7887257934
0.7890338302
0.7892763019
0.7891485691
0.7889338732
0.7892703414
0.7895728350
0.7898060083
0.7900636792
0.7901237607
0.7902836800
0.7903518081
0.7904372215
0.7903234363
0.7899326682
0.7900581360
0.7901867628
0.7898328304
0.7898666859
0.7901896834
0.7902916074
0.7905390859
0.7905923724
0.7904693484
0.7908937335
0.7908169031
0.7908704281
0.7904611826
0.7902319431
0.7908339500
0.7908536792
0.7905350327
0.7898529172
0.7903339267
0.7904120088
0.7910343409
0.7912572026
0.7912378311
0.7912147045
0.7908383608
0.7906168103
0.7909486890
0.7911524773
