0.2062419057
0.2795875072
0.3071905673
0.3298451304
0.3452208638
0.3585003614
0.3693501353
0.3789629042
0.3883513808
0.3973946869
0.4048244357
0.4126776755
0.4181402326
0.4235475957
0.4289028943
0.4349294901
0.4398443997
0.4447883368
0.4491913915
0.4537867606
0.4589313269
0.4632672071
0.4681626260
0.4724837244
0.4763381779
0.4798883796
0.4827093780
0.4856860936
0.4891320169
0.4924529195
0.4952614903
0.4978442490
0.5006793737
0.5035933256
0.5066617131
0.5094710588
0.5121856928
0.5149452090
0.5176337957
0.5202932358
0.5223284960
0.5240684748
0.5263310671
0.5284669399
0.5302019715
0.5318878889
0.5338299274
0.5360563993
0.5380861759
0.5400716662
0.5420889258
0.5441680551
0.5460016131
0.5477004051
0.5490379333
0.5505445004
0.5524551868
0.5541518331
0.5553377867
0.5565966964
0.5582012534
0.5599536300
0.5617385507
0.5633560419
0.5650276542
0.5665661693
0.5680569410
0.5692553520
0.5703119636
0.5712410212
0.5726247430
0.5739998817
0.5749717951
0.5758745074
0.5769646168
0.5782465935
0.5796752572
0.5810985565
0.5825999379
0.5838107467
0.5849159360
0.5859862566
0.5869959593
0.5875916481
0.5884238482
0.5892735720
0.5900157690
0.5907424688
0.5917043686
0.5925576091
0.5936774015
0.5947619081
0.5958588123
0.5967966318
0.5975730419
0.5982946754
0.5992336869
0.6000066400
0.6003865600
0.5998247266
0.6144552231
0.6041674018
0.6008911729
0.5997689962
0.5998409390
0.6006249189
0.6015852690
0.6025031805
0.6032427549
0.6039609313
0.6045607924
0.6050629616
0.6054778695
0.6060807109
0.6066409349
0.6070436239
0.6076680422
0.6083337665
0.6089192629
0.6095359325
0.6102680564
0.6108576059
0.6113474965
0.6119579673
0.6123797297
0.6127206683
0.6131098866
0.6135485768
0.6140089631
0.6142424345
0.6145924926
0.6151839495
0.6156727076
0.6161747575
0.6167446375
0.6172040105
0.6176350117
0.6179820299
0.6183528900
0.6186619401
0.6188386679
0.6190878749
0.6193436980
0.6195181608
0.6199238300
0.6202049851
0.6205416918
0.6210214496
0.6214339137
0.6217593551
0.6221138239
0.6224137545
0.6226633787
0.6228576303
0.6230896115
0.6234485507
0.6236245036
0.6237608790
0.6239738464
0.6241890192
0.6243773103
0.6247025132
0.6248934865
0.6252335310
0.6255096197
0.6257313490
0.6259570122
0.6261751652
0.6262405515
0.6263715029
0.6265367270
0.6266067028
0.6267567873
0.6269226670
0.6271094084
0.6273196936
0.6275479198
0.6277123094
0.6279295683
0.6281470656
0.6282981038
0.6284480691
0.6285444498
0.6286683083
0.6286174059
0.6286258698
0.6286144853
0.6287152767
0.6288180947
0.6289195418
0.6290919185
0.6291885376
0.6292665005
0.6293302178
0.6294510365
0.6295559406
0.6295875311
