0.2370676696
0.3007566929
0.3287635446
0.3588821590
0.3810093403
0.3969879150
0.4094419479
0.4200561941
0.4296615422
0.4396563470
0.4478076398
0.4574193060
0.4635365605
0.4688704312
0.4748131633
0.4840994775
0.4910286069
0.4972854555
0.5029021502
0.5079996586
0.5144199729
0.5189576745
0.5244570374
0.5291899443
0.5332768559
0.5371999741
0.5404657125
0.5438932180
0.5489515066
0.5538821220
0.5572567582
0.5600462556
0.5630763769
0.5659375191
0.5691295862
0.5715046525
0.5739589930
0.5764986873
0.5791229606
0.5820039511
0.5839783549
0.5854951739
0.5887914896
0.5922043920
0.5940784216
0.5958584547
0.5978206396
0.5997553468
0.6013721824
0.6029028296
0.6045240164
0.6062266827
0.6077283621
0.6092842221
0.6102833748
0.6116331220
0.6145938635
0.6173931360
0.6184960604
0.6197598577
0.6212260127
0.6226837039
0.6241328120
0.6253121495
0.6264709830
0.6274711490
0.6285090446
0.6295169592
0.6303548217
0.6309928894
0.6331593394
0.6352128983
0.6362240911
0.6368396282
0.6377564073
0.6386022568
0.6397216320
0.6406940222
0.6416028738
0.6424401999
0.6431235671
0.6438052654
0.6446830034
0.6449289918
0.6460973620
0.6471675634
0.6476737857
0.6481345296
0.6489009857
0.6494815350
0.6502547264
0.6507971287
0.6513954401
0.6520062089
0.6525115371
0.6528391838
0.6538314223
0.6536149979
0.6538677216
0.6549285054
0.6554498672
0.6533597708
0.6541330814
0.6542500854
0.6544595361
0.6548124552
0.6553031802
0.6558573842
0.6562734246
0.6567022204
0.6571491957
0.6574516296
0.6576169133
0.6583468914
0.6592977643
0.6595709920
0.6600745916
0.6606056094
0.6609279513
0.6613131762
0.6617690921
0.6621223092
0.6623808146
0.6628181934
0.6631565690
0.6633365154
0.6636485457
0.6643437147
0.6652404666
0.6654347181
0.6656592488
0.6661130786
0.6664902568
0.6668490767
0.6672798991
0.6675228477
0.6679046154
0.6681959033
0.6685557961
0.6688326597
0.6688684225
0.6692618132
0.6698303223
0.6700575352
0.6704651117
0.6706650257
0.6709165573
0.6712636352
0.6715933681
0.6717727184
0.6720412374
0.6723154783
0.6725141406
0.6726642847
0.6727503538
0.6734211445
0.6738408208
0.6739804149
0.6741813421
0.6743601561
0.6745244265
0.6748410463
0.6749411821
0.6752317548
0.6754344702
0.6756144762
0.6758190393
0.6760097742
0.6759397388
0.6761609912
0.6765222549
0.6765897870
0.6767315865
0.6768040657
0.6769329906
0.6771267056
0.6772909760
0.6774183512
0.6776391268
0.6777990460
0.6779063940
0.6779232621
0.6779158115
0.6782249808
0.6782075167
0.6781305075
0.6781412363
0.6781914830
0.6782037616
0.6782851815
0.6784148216
0.6784603596
0.6784912348
0.6785191298
0.6786386371
0.6787694693
0.6788707376
