0.3654087186
0.4011571109
0.4306097329
0.4524250627
0.4684177637
0.4819890857
0.4929559231
0.5029588938
0.5126443505
0.5209028721
0.5297282338
0.5361372232
0.5413886905
0.5463796854
0.5530882478
0.5594040155
0.5650362968
0.5699382424
0.5744438767
0.5797744989
0.5842149854
0.5890574455
0.5932232141
0.5971124768
0.6007707715
0.6037317514
0.6068181992
0.6101497412
0.6133497357
0.6163077354
0.6187727451
0.6213496327
0.6241027117
0.6268884540
0.6293953657
0.6317396760
0.6340905428
0.6365422606
0.6389375925
0.6410046220
0.6426152587
0.6444376111
0.6464695334
0.6481839418
0.6497734189
0.6513991356
0.6532905102
0.6550865173
0.6568846703
0.6585379839
0.6602495909
0.6618364453
0.6632994413
0.6645388007
0.6657676697
0.6673359275
0.6688134074
0.6698455811
0.6709315181
0.6722060442
0.6737206578
0.6752673388
0.6766853929
0.6780273914
0.6792345047
0.6804868579
0.6815557480
0.6824970245
0.6832990050
0.6842606664
0.6854184866
0.6862828135
0.6869699955
0.6878244877
0.6888405681
0.6899706125
0.6911594272
0.6924120784
0.6934326291
0.6943930387
0.6953352094
0.6962329745
0.6967213750
0.6972347498
0.6978417039
0.6985225677
0.6991211772
0.6998925805
0.7006364465
0.7015054226
0.7023877501
0.7033460736
0.7042254806
0.7048587799
0.7053419948
0.7062774301
0.7059950829
0.7075620890
0.7121326923
0.7094895840
0.7252487540
0.7252050042
0.7255316377
0.7257332206
0.7261170149
0.7266405821
0.7271814346
0.7276141644
0.7279622555
0.7283149362
0.7285578847
0.7286326885
0.7287191153
0.7289283276
0.7291355729
0.7294116616
0.7296977639
0.7300080657
0.7303013206
0.7306498885
0.7309541702
0.7312287688
0.7315037847
0.7316921353
0.7318226099
0.7319822907
0.7321019769
0.7322410941
0.7323433757
0.7324555516
0.7327159643
0.7329984307
0.7332442999
0.7335048914
0.7337626815
0.7339745760
0.7341713309
0.7343742251
0.7345438004
0.7345540524
0.7345640659
0.7346326113
0.7346950173
0.7348663211
0.7350075841
0.7351918817
0.7354480624
0.7356402874
0.7357836366
0.7359809875
0.7361440659
0.7362379432
0.7362822294
0.7363545299
0.7364474535
0.7364996672
0.7365320325
0.7366063595
0.7366511822
0.7367734909
0.7369204164
0.7370671034
0.7372379899
0.7373889089
0.7374892831
0.7375890613
0.7376548648
0.7376339436
0.7376555204
0.7376908660
0.7377507091
0.7377664447
0.7378650904
0.7379959226
0.7381013036
0.7382791042
0.7384278178
0.7385504246
0.7387171388
0.7388041615
0.7388455868
0.7389041185
0.7389307022
0.7387605309
0.7386154532
0.7385188341
0.7385075688
0.7385028005
0.7384865880
0.7385047078
0.7385120392
0.7384746671
0.7383779883
0.7383829355
0.7384346128
0.7381931543
0.7378422618
