0.7254824638
0.7676146030
0.7819090486
0.7863720655
0.7930148840
0.7992691994
0.8042415380
0.8084383607
0.8119351864
0.8149548769
0.8176891208
0.8199882507
0.8220974207
0.8245939612
0.8268789053
0.8273364902
0.8285072446
0.8300024867
0.8311712146
0.8321234584
0.8331471086
0.8341070414
0.8353443146
0.8363166451
0.8369342685
0.8376700878
0.8385362625
0.8390349746
0.8396053910
0.8399657011
0.8405697942
0.8411587477
0.8414855003
0.8424977660
0.8432766795
0.8437303901
0.8445283771
0.8449993730
0.8454226851
0.8459593654
0.8464398980
0.8468263149
0.8471540213
0.8469316959
0.8475714922
0.8478637338
0.8482609987
0.8487972617
0.8489747643
0.8497813344
0.8500866890
0.8503279090
0.8507442474
0.8510971665
0.8513613343
0.8518270850
0.8519175649
0.8519789577
0.8522083759
0.8523619771
0.8528271317
0.8530824184
0.8535265923
0.8538275361
0.8542513251
0.8545536399
0.8548729420
0.8550961614
0.8553471565
0.8554661870
0.8556481004
0.8554493785
0.8556349874
0.8559173942
0.8561155200
0.8562664390
0.8564638495
0.8566533327
0.8568280339
0.8571664691
0.8574828506
0.8576042652
0.8577045202
0.8579206467
0.8579041362
0.8579213023
0.8580503464
0.8582260609
0.8581611514
0.8584675193
0.8586654067
0.8589994311
0.8591864109
0.8593837619
0.8597331643
0.8599323630
0.8608433008
0.8649612665
0.8606461287
0.8635846972
0.8666619062
0.8638687730
0.8614255190
0.8605801463
0.8606878519
0.8605432510
0.8606091142
0.8607853651
0.8607831597
0.8609237075
0.8610905409
0.8611654639
0.8611603379
0.8612753749
0.8612468839
0.8612663746
0.8612020016
0.8611350060
0.8613557220
0.8614078164
0.8615315557
0.8616290092
0.8618099093
0.8619103432
0.8620237112
0.8622682095
0.8620505929
0.8618878126
0.8620089889
0.8620020151
0.8620732427
0.8619961739
0.8621757030
0.8623033762
0.8624728918
0.8627024293
0.8628797531
0.8628643751
0.8630289435
0.8629485369
0.8630945086
0.8629234433
0.8628448844
0.8628768325
0.8630162477
0.8630692959
0.8630740047
0.8631369472
0.8633137941
0.8634508252
0.8637018204
0.8637639284
0.8638772964
0.8638145328
0.8637730479
0.8637192845
0.8637482524
0.8636672497
0.8635410070
0.8635525703
0.8636908531
0.8637462854
0.8639218211
0.8640741110
0.8641409874
0.8641299009
0.8642188311
0.8643204570
0.8642292619
0.8642097116
0.8641532063
0.8639813662
0.8639236093
0.8641270995
0.8641327024
0.8642362356
0.8643837571
0.8643876314
0.8644455671
0.8645010591
0.8645617366
0.8644019961
0.8641816974
0.8644640446
0.8647904396
0.8646547198
0.8644050360
0.8644963503
0.8645827174
0.8648203611
0.8651508093
0.8652074933
0.8653718233
0.8653501272
0.8651780486
0.8652481437
0.8654896617
