0.3683741391
0.4151825607
0.4413190782
0.4574829340
0.4694071114
0.4815771580
0.4915843606
0.4995354712
0.5078930855
0.5152184367
0.5212930441
0.5272142887
0.5312922597
0.5367643833
0.5420473218
0.5465273261
0.5497735143
0.5530643463
0.5563413501
0.5595611930
0.5626729131
0.5657724142
0.5689008236
0.5717256069
0.5745636821
0.5772595406
0.5793376565
0.5813354254
0.5835604668
0.5854746103
0.5872559547
0.5891621709
0.5907167196
0.5925291777
0.5946401358
0.5965912938
0.5985521674
0.6001941562
0.6019377708
0.6034652591
0.6048387289
0.6062093377
0.6074498892
0.6086184978
0.6097976565
0.6110324264
0.6124160290
0.6137409210
0.6154148579
0.6168246865
0.6182770133
0.6194152236
0.6207422614
0.6218971610
0.6229747534
0.6239495277
0.6248914599
0.6256669164
0.6265341043
0.6273403764
0.6283526421
0.6293739676
0.6305481791
0.6316676736
0.6327344775
0.6337004304
0.6345651150
0.6353062987
0.6360903978
0.6368657351
0.6375997066
0.6381255388
0.6387385726
0.6396047473
0.6403431296
0.6411059499
0.6419198513
0.6427167654
0.6436905265
0.6444621086
0.6452748775
0.6459302902
0.6464940906
0.6470978856
0.6475126147
0.6480299234
0.6486035585
0.6493597031
0.6499356031
0.6505535245
0.6510906219
0.6518458128
0.6525321603
0.6530497074
0.6534957886
0.6540982127
0.6534407139
0.6543905139
0.6736885309
0.6712204218
0.6811422706
0.6841093302
0.6832122803
0.6816733479
0.6805408597
0.6796417832
0.6790106893
0.6785213947
0.6779997349
0.6775592566
0.6770923734
0.6766989827
0.6762509346
0.6759291887
0.6756731868
0.6754505038
0.6753576398
0.6752477884
0.6752149463
0.6752185822
0.6752004623
0.6751978397
0.6752759814
0.6753569841
0.6753456593
0.6753844619
0.6753945351
0.6753010154
0.6753945351
0.6753971577
0.6754869819
0.6756356955
0.6758075356
0.6759249568
0.6761596203
0.6762761474
0.6765038967
0.6766256094
0.6768855453
0.6769574285
0.6770002842
0.6770250201
0.6771452427
0.6773422360
0.6774896383
0.6776428223
0.6778016090
0.6780357361
0.6782684922
0.6785385609
0.6786561012
0.6788871288
0.6790934205
0.6791893840
0.6794670820
0.6794758439
0.6795741320
0.6796701550
0.6798308492
0.6799969673
0.6801309586
0.6803376675
0.6806087494
0.6808418632
0.6810815334
0.6813576818
0.6814177632
0.6816141009
0.6817650795
0.6819139123
0.6820718646
0.6820873618
0.6822116375
0.6823179722
0.6824378967
0.6826600432
0.6829080582
0.6830394864
0.6832166910
0.6833901405
0.6835522056
0.6837113500
0.6838381290
0.6839070916
0.6842363477
0.6843808293
0.6844770312
0.6846563220
0.6848663092
0.6850374937
0.6852390766
0.6854366064
0.6856343150
0.6858561039
0.6860865951
0.6861160398
0.6866576672
