0.9526454210
0.9638653398
0.9713007212
0.9736932516
0.9747973084
0.9748988748
0.9761161208
0.9766397476
0.9779441953
0.9777299762
0.9789128900
0.9786935449
0.9778341651
0.9757077098
0.9764592648
0.9824646115
0.9796665311
0.9818125963
0.9812580943
0.9816151857
0.9813849330
0.9828009009
0.9838689566
0.9839267731
0.9849486947
0.9828217626
0.9821741581
0.9827170372
0.9840344787
0.9850133061
0.9813198447
0.9828889370
0.9817455411
0.9835004807
0.9846952558
0.9840084910
0.9829335809
0.9841014147
0.9836742282
0.9835775495
0.9851768613
0.9807183743
0.9865884781
0.9871657491
0.9838073254
0.9834753275
0.9832729101
0.9849436283
0.9842528105
0.9835040569
0.9847990870
0.9851911664
0.9830763936
0.9853823781
0.9853631258
0.9828199744
0.9862901568
0.9863249660
0.9840279222
0.9852868915
0.9843507409
0.9846397042
0.9840590358
0.9842329025
0.9841164351
0.9835100770
0.9849083424
0.9862398505
0.9833421111
0.9829574227
0.9874744415
0.9881691933
0.9871557951
0.9835066795
0.9850709438
0.9864223599
0.9853031635
0.9850025773
0.9849663973
0.9838036299
0.9849218726
0.9856490493
0.9861317277
0.9837493896
0.9878493547
0.9874044657
0.9836729169
0.9843304753
0.9855950475
0.9847638607
0.9853865504
0.9868669510
0.9852761030
0.9852503538
0.9838421345
0.9779872298
0.9702638984
1.0222463608
0.9494450688
0.9692004323
0.9652763605
0.9853222966
0.9700717330
0.9765235782
0.9872825146
0.9862487912
0.9848247766
0.9856595993
0.9849062562
0.9839169979
0.9853509068
0.9829984903
0.9837712646
0.9844229221
0.9857155085
0.9833567142
0.9862451553
0.9845530987
0.9855456352
0.9860318899
0.9864327908
0.9868658185
0.9865408540
0.9864905477
0.9849444628
0.9847202897
0.9844818115
0.9867796302
0.9860238433
0.9850576520
0.9851651788
0.9854475260
0.9859967828
0.9866386652
0.9868792892
0.9869838357
0.9873387814
0.9865580797
0.9872505069
0.9860932827
0.9846150875
0.9879540205
0.9866761565
0.9855380058
0.9851049781
0.9865996838
0.9862997532
0.9870848656
0.9855555296
0.9876523614
0.9869496226
0.9867334962
0.9862685204
0.9863752127
0.9866535068
0.9879103303
0.9866111875
0.9860019088
0.9879484177
0.9855948091
0.9856331348
0.9862313867
0.9866442680
0.9865419865
0.9872651696
0.9858656526
0.9867756367
0.9863350391
0.9860585928
0.9862302542
0.9862561822
0.9865760207
0.9859148264
0.9855930209
0.9866729975
0.9852992296
0.9862594008
0.9877109528
0.9866583943
0.9854529500
0.9860168695
0.9860686660
0.9871659279
0.9843294621
0.9828068614
0.9837450981
0.9853710532
0.9840569496
0.9844427109
0.9845166206
0.9840309024
0.9849317074
0.9842412472
0.9837719202
0.9856028557
0.9841603041
0.9814638495
