0.4092081785
0.4427021742
0.4601875544
0.4722452760
0.4841762781
0.4937884212
0.5015603900
0.5093588233
0.5158520341
0.5210649371
0.5258213878
0.5298076868
0.5348922610
0.5404690504
0.5452751517
0.5481805205
0.5511730313
0.5539045930
0.5569304824
0.5592247844
0.5615876913
0.5637326241
0.5660358071
0.5682667494
0.5705084801
0.5727491975
0.5746466517
0.5771305561
0.5793909431
0.5809209347
0.5828053355
0.5843759775
0.5858420730
0.5873426795
0.5888731480
0.5904495716
0.5919079781
0.5933958292
0.5946230292
0.5960543752
0.5974491239
0.5990232229
0.6002807021
0.6013200879
0.6025133133
0.6038112044
0.6048384905
0.6060532331
0.6071922183
0.6082091331
0.6091899276
0.6102505922
0.6113132834
0.6123059988
0.6133237481
0.6145777702
0.6154351830
0.6163008213
0.6173380613
0.6182885766
0.6190451384
0.6198714375
0.6206617951
0.6213701963
0.6222033501
0.6229735017
0.6237365007
0.6245775819
0.6254239082
0.6263532043
0.6269947886
0.6276438236
0.6284714341
0.6291553974
0.6298763156
0.6304880977
0.6310353279
0.6316050291
0.6321350336
0.6327683330
0.6333525181
0.6340147257
0.6347819567
0.6354533434
0.6360784173
0.6365674138
0.6373070478
0.6379410625
0.6385354400
0.6390858293
0.6396164894
0.6400704384
0.6405494213
0.6411909461
0.6416706443
0.6414809823
0.6416425109
0.6411101818
0.6555191875
0.6550549269
0.6549617648
0.6547262073
0.6546993256
0.6547659636
0.6548116207
0.6549091339
0.6550399661
0.6551495790
0.6552701592
0.6554304957
0.6555532217
0.6556767821
0.6558963060
0.6560806036
0.6561814547
0.6563607454
0.6565765738
0.6567242742
0.6568834782
0.6571006179
0.6573048234
0.6575326920
0.6577501893
0.6579413414
0.6581002474
0.6583161354
0.6584769487
0.6586295366
0.6587622166
0.6590148211
0.6592561007
0.6594257951
0.6596115232
0.6598276496
0.6600501537
0.6602951884
0.6604903340
0.6607256532
0.6609629989
0.6611455679
0.6613921523
0.6616046429
0.6618193388
0.6620953679
0.6623665690
0.6625462770
0.6627907753
0.6630269289
0.6632640958
0.6634677649
0.6637275219
0.6639544368
0.6641554832
0.6643782258
0.6646145582
0.6647599936
0.6648896933
0.6651303172
0.6652951241
0.6654697061
0.6656894088
0.6659236550
0.6661517024
0.6664184928
0.6666519046
0.6668202877
0.6670616865
0.6673071980
0.6676167250
0.6677879095
0.6678678989
0.6680383682
0.6682341695
0.6684695482
0.6686856151
0.6688983440
0.6690887213
0.6692723632
0.6694799066
0.6696923375
0.6698894501
0.6700521708
0.6702421904
0.6704124808
0.6706698537
0.6709471941
0.6712469459
0.6715390682
0.6718080640
0.6720854044
0.6723567247
0.6726272702
0.6729587317
0.6732365489
0.6734928489
0.6738622785
0.6746873260
