0.5520667434
0.6383174062
0.6557242274
0.6658841968
0.6738107800
0.6795888543
0.6840219498
0.6885333657
0.6923506260
0.6952411532
0.6979604363
0.7004745603
0.7027577758
0.7067794800
0.7128605247
0.7154759169
0.7139642239
0.7133882642
0.7134513855
0.7134698629
0.7134017348
0.7143550515
0.7154385448
0.7160395384
0.7170186639
0.7175846696
0.7180731893
0.7201629877
0.7236877680
0.7257041931
0.7243000269
0.7234965563
0.7229270935
0.7229077220
0.7226658463
0.7234023213
0.7236849666
0.7239621282
0.7243611217
0.7249529362
0.7251502872
0.7267312407
0.7290852070
0.7306898832
0.7293464541
0.7284316421
0.7279586196
0.7274484634
0.7275061607
0.7278128266
0.7281967402
0.7284175158
0.7287232280
0.7290167809
0.7290027142
0.7300838232
0.7323799729
0.7340312600
0.7324631810
0.7315224409
0.7310426831
0.7305670977
0.7305149436
0.7306569815
0.7310680151
0.7312579751
0.7315043807
0.7317832112
0.7316876054
0.7326481938
0.7348709106
0.7362436056
0.7346589565
0.7337639928
0.7331473231
0.7327621579
0.7327154875
0.7331336737
0.7334575057
0.7337841988
0.7338494062
0.7342528105
0.7340422869
0.7347918153
0.7367719412
0.7379777431
0.7363139987
0.7353282571
0.7348003387
0.7345767021
0.7345954180
0.7349001169
0.7351843715
0.7354001999
0.7357250452
0.7358711958
0.7356240153
0.7364032269
0.7375817895
0.7351287007
0.7367453575
0.7355296016
0.7349489331
0.7345674038
0.7345818281
0.7345097065
0.7349256873
0.7351835370
0.7354419231
0.7357722521
0.7359952927
0.7356230617
0.7365797758
0.7382519245
0.7393661141
0.7378696203
0.7369873524
0.7364145517
0.7361878157
0.7361615896
0.7364465594
0.7366181016
0.7368130684
0.7371377945
0.7373087406
0.7368518710
0.7377679944
0.7393508554
0.7405034304
0.7389490008
0.7379829884
0.7374098301
0.7372977138
0.7371401787
0.7373470664
0.7375614643
0.7380191088
0.7382296920
0.7382736206
0.7379592061
0.7387701869
0.7402828336
0.7413987517
0.7399180532
0.7388596535
0.7382696271
0.7380073071
0.7379946709
0.7382286191
0.7385104895
0.7388340831
0.7390307188
0.7391561270
0.7389156818
0.7397208214
0.7410873771
0.7420579791
0.7406441569
0.7397813797
0.7393049598
0.7389237881
0.7387572527
0.7389046550
0.7391096354
0.7394004464
0.7396669388
0.7398438454
0.7398234606
0.7406199574
0.7423069477
0.7431812882
0.7416011691
0.7408128381
0.7403352261
0.7400149107
0.7397634983
0.7401024103
0.7405677438
0.7408361435
0.7411545515
0.7412428260
0.7409827709
0.7417673469
0.7437870502
0.7447869778
0.7434290648
0.7423948646
0.7419109344
0.7419370413
0.7420073748
0.7425172329
0.7429548502
0.7433269024
0.7438449860
0.7440283298
0.7439658642
0.7449667454
