0.8892731667
0.8996387720
0.9029703736
0.9054778814
0.9049439430
0.9050569534
0.9050067067
0.9051404595
0.9065173268
0.9063625932
0.9062117934
0.9060585499
0.9063237309
0.9099302888
0.9073294997
0.9076282978
0.9086418748
0.9079052806
0.9069209695
0.9064159989
0.9057912230
0.9054003954
0.9062522054
0.9062759280
0.9067356586
0.9068848491
0.9065120220
0.9101167917
0.9080809355
0.9081500173
0.9092242122
0.9085828066
0.9072666168
0.9064960480
0.9059467912
0.9057687521
0.9066565037
0.9068282843
0.9068137407
0.9071480036
0.9073160291
0.9107868075
0.9084580541
0.9085531831
0.9096238017
0.9089875221
0.9077432752
0.9071648717
0.9065780044
0.9063661098
0.9070136547
0.9072331190
0.9069168568
0.9072715044
0.9074386358
0.9110694528
0.9087978005
0.9086821675
0.9093673825
0.9094151855
0.9084497094
0.9073066711
0.9064433575
0.9063192010
0.9072080851
0.9073511362
0.9075629115
0.9075698853
0.9077678919
0.9110511541
0.9090753198
0.9090571404
0.9097608924
0.9093797803
0.9083034992
0.9074158669
0.9067389965
0.9068549871
0.9074748755
0.9072645307
0.9076650739
0.9079949856
0.9077150226
0.9113684893
0.9093159437
0.9092195630
0.9099612832
0.9096897840
0.9085264802
0.9078831673
0.9074515104
0.9069623351
0.9076412916
0.9078025818
0.9078990817
0.9076230526
0.9072186351
0.9106723666
0.9011380076
0.9030333757
0.9093845487
0.9098275900
0.9094964862
0.9083656669
0.9075765014
0.9069272876
0.9068511128
0.9073712826
0.9074304104
0.9077990055
0.9079551101
0.9079636931
0.9117274880
0.9093249440
0.9087432623
0.9097917080
0.9096592069
0.9087817669
0.9082564116
0.9069136381
0.9067769051
0.9071411490
0.9073043466
0.9077374339
0.9077538252
0.9077144861
0.9112979770
0.9094996452
0.9091383815
0.9099584818
0.9098027945
0.9089986086
0.9084018469
0.9073715210
0.9068964124
0.9076771736
0.9079468250
0.9080265760
0.9078999162
0.9080812931
0.9112681746
0.9091870189
0.9090847969
0.9101312160
0.9099254012
0.9089419842
0.9080997109
0.9071779251
0.9069594741
0.9079473615
0.9079081416
0.9078919291
0.9081057310
0.9082701206
0.9115425944
0.9092956781
0.9093347192
0.9103263617
0.9097247124
0.9087218642
0.9077331424
0.9072407484
0.9072054625
0.9081189632
0.9082371593
0.9081805348
0.9082282782
0.9081961513
0.9114121199
0.9093897939
0.9095802903
0.9105657935
0.9100758433
0.9089800715
0.9081387520
0.9074739814
0.9069365859
0.9071810842
0.9074063897
0.9079355001
0.9081349969
0.9075709581
0.9115824103
0.9103129506
0.9106540680
0.9119098783
0.9114198685
0.9103403091
0.9091719985
0.9087373018
0.9083234668
0.9091561437
0.9090054035
0.9091259837
0.9088104963
0.9091454148
0.9136234522
