0.7255926132
0.7800508738
0.7956286669
0.8040717840
0.8052167296
0.8070501685
0.8111573458
0.8124657273
0.8128444552
0.8148149848
0.8159805536
0.8146365285
0.8155391216
0.8183062673
0.8177621365
0.8197559714
0.8204600811
0.8211179972
0.8199943304
0.8197742105
0.8208057284
0.8207269907
0.8204930425
0.8210901022
0.8210199475
0.8197554946
0.8201826811
0.8224862218
0.8224939704
0.8238622546
0.8243528008
0.8246133924
0.8233983517
0.8230742812
0.8241751790
0.8239380121
0.8234788775
0.8236592412
0.8236126304
0.8224916458
0.8231200576
0.8250838518
0.8246293664
0.8256774545
0.8260198832
0.8260366917
0.8250198960
0.8247813582
0.8258013129
0.8253891468
0.8251862526
0.8253815174
0.8250882626
0.8238663077
0.8243908882
0.8260877728
0.8257166147
0.8266969919
0.8268647194
0.8268211484
0.8259223700
0.8257728219
0.8266888261
0.8264225125
0.8263407350
0.8264715672
0.8261983991
0.8249089122
0.8255714774
0.8273417950
0.8267843127
0.8278943896
0.8280281425
0.8279075623
0.8269603252
0.8267454505
0.8276289701
0.8273958564
0.8271597028
0.8271910548
0.8268338442
0.8257352710
0.8263285756
0.8280287385
0.8276571035
0.8288193345
0.8290158510
0.8288908601
0.8279041052
0.8277641535
0.8284983635
0.8282359838
0.8280314803
0.8280215263
0.8275734186
0.8263939619
0.8270590901
0.8285437822
0.8280184269
0.8253164291
0.8273451924
0.8280460238
0.8281035423
0.8271948099
0.8270270228
0.8279478550
0.8277998567
0.8275639415
0.8276288509
0.8273572922
0.8261983395
0.8265282512
0.8283178806
0.8283598423
0.8291792870
0.8294639587
0.8295245767
0.8285880685
0.8282772899
0.8289810419
0.8287201524
0.8284969330
0.8285062313
0.8282444477
0.8272067904
0.8276421428
0.8293910623
0.8291592598
0.8298007250
0.8299988508
0.8301045895
0.8290902376
0.8288475275
0.8295945525
0.8292322755
0.8288409114
0.8289805651
0.8287785649
0.8278388381
0.8283439875
0.8300362229
0.8296421766
0.8301795125
0.8305163383
0.8303880095
0.8294464350
0.8292316198
0.8299061656
0.8296145201
0.8292170763
0.8293123841
0.8290752172
0.8280959129
0.8286905289
0.8303127885
0.8298897147
0.8307310939
0.8307704329
0.8306052089
0.8296948671
0.8294240236
0.8301361203
0.8298044801
0.8293687701
0.8294897676
0.8293948174
0.8283457756
0.8290364146
0.8307301402
0.8303883672
0.8312329650
0.8312005997
0.8310621977
0.8300712705
0.8298414946
0.8305996060
0.8304444551
0.8301760554
0.8304244280
0.8302074075
0.8289262652
0.8293447495
0.8309681416
0.8309332728
0.8319677114
0.8322074413
0.8320960402
0.8308792710
0.8305181265
0.8312395215
0.8307912350
0.8302940130
0.8301924467
0.8300316930
0.8288635015
0.8291162848
0.8306974173
