0.7004572749
0.7554481030
0.7710824013
0.7804191709
0.7865225673
0.7913456559
0.7948874235
0.7982094288
0.8006607294
0.8026530743
0.8044983149
0.8064157963
0.8085104227
0.8116927147
0.8145084381
0.8152720332
0.8155754805
0.8160048723
0.8161860108
0.8163594604
0.8165827990
0.8170467615
0.8175075054
0.8177897930
0.8183131814
0.8188012242
0.8193470240
0.8205416203
0.8214377165
0.8218392134
0.8222157359
0.8224880099
0.8225905299
0.8226513863
0.8227602243
0.8231478333
0.8232642412
0.8233555555
0.8236213923
0.8241259456
0.8244732618
0.8253151178
0.8257904053
0.8260239363
0.8262765408
0.8263937831
0.8262503743
0.8262682557
0.8262465596
0.8264347315
0.8266414404
0.8267241120
0.8269013762
0.8270707130
0.8273890615
0.8279565573
0.8283313513
0.8285833001
0.8286331296
0.8287872672
0.8286487460
0.8286492825
0.8287703395
0.8290206790
0.8291804790
0.8291909099
0.8293231726
0.8294973373
0.8296654224
0.8301765323
0.8305049539
0.8306078911
0.8305327892
0.8306635618
0.8305342793
0.8305055499
0.8305852413
0.8308511376
0.8309405446
0.8310727477
0.8312355280
0.8312969208
0.8313554525
0.8317291737
0.8319259882
0.8320792317
0.8319799900
0.8320776224
0.8319879770
0.8320526481
0.8321446776
0.8323994875
0.8324567676
0.8324949741
0.8325112462
0.8326838017
0.8327053189
0.8331193328
0.8328493237
0.8313312531
0.8321790099
0.8323321342
0.8324438930
0.8324309587
0.8325054646
0.8325814605
0.8328610063
0.8329290152
0.8330513239
0.8331876993
0.8332268000
0.8333253860
0.8337645531
0.8339009285
0.8341084719
0.8340437412
0.8341394663
0.8340795040
0.8339716196
0.8340320587
0.8341531157
0.8341630697
0.8342019916
0.8342523575
0.8343182206
0.8344162107
0.8347719908
0.8349143863
0.8348909020
0.8348273635
0.8347409964
0.8347929120
0.8347961307
0.8348215222
0.8350342512
0.8350418210
0.8350481391
0.8351710439
0.8351102471
0.8350334167
0.8354268670
0.8354828358
0.8355793953
0.8355599642
0.8354511857
0.8354058266
0.8354613781
0.8355323076
0.8357347846
0.8358528614
0.8359252810
0.8359397650
0.8359432817
0.8359442353
0.8362684846
0.8363890052
0.8364102244
0.8364146948
0.8363872766
0.8363910317
0.8364219666
0.8364034891
0.8365464807
0.8366109729
0.8366323709
0.8367010951
0.8367007971
0.8367804885
0.8372336626
0.8373829126
0.8375300765
0.8372734189
0.8372612596
0.8373035789
0.8373833895
0.8372758627
0.8374012113
0.8375002146
0.8375266194
0.8375536799
0.8374670148
0.8375003338
0.8379375339
0.8384476304
0.8389422894
0.8391245604
0.8392825723
0.8393710852
0.8396397233
0.8397312164
0.8400319815
0.8402655125
0.8404491544
0.8407431245
0.8410940170
0.8413960338
0.8422144055
