0.7523198128
0.7630810142
0.8037941456
0.8139768839
0.8207393289
0.8272339106
0.8335504532
0.8410589099
0.8438928723
0.8448584676
0.8451165557
0.8442003131
0.8438252807
0.8532096148
0.8643827438
0.8529483080
0.8481068015
0.8448374271
0.8432874084
0.8435181975
0.8446244001
0.8490062356
0.8503239155
0.8500069380
0.8492907286
0.8483015299
0.8476164341
0.8576899171
0.8666807413
0.8552095294
0.8506622910
0.8476676345
0.8461584449
0.8465267420
0.8477985263
0.8517092466
0.8528271317
0.8524034619
0.8518444300
0.8508426547
0.8500469923
0.8593744040
0.8682624698
0.8570556641
0.8525692821
0.8496188521
0.8481536508
0.8485093117
0.8497178555
0.8535559177
0.8546149135
0.8541570306
0.8535298705
0.8528578877
0.8520550132
0.8613609672
0.8699592352
0.8587996960
0.8544836640
0.8514440060
0.8499433398
0.8502703309
0.8513398170
0.8549548984
0.8560275435
0.8554950953
0.8547934890
0.8541755676
0.8533068299
0.8625576496
0.8712900877
0.8600434065
0.8558055162
0.8528237343
0.8513749838
0.8517910838
0.8529374599
0.8563883305
0.8575536609
0.8569106460
0.8560570478
0.8553668857
0.8545098901
0.8629125357
0.8715862036
0.8607480526
0.8569658399
0.8541072607
0.8526350260
0.8529825211
0.8538070321
0.8572556376
0.8582675457
0.8575782180
0.8566984534
0.8560357094
0.8553865552
0.8634065390
0.8727592230
0.8728618622
0.8593182564
0.8554385900
0.8526406884
0.8514158726
0.8519077897
0.8529310822
0.8565462232
0.8574987650
0.8567894101
0.8559668660
0.8552117348
0.8544418216
0.8641115427
0.8741381764
0.8620246649
0.8574500680
0.8544099927
0.8528862000
0.8530532718
0.8538883328
0.8573541045
0.8581856489
0.8574908376
0.8566315770
0.8559310436
0.8551539779
0.8642309308
0.8739472628
0.8621339202
0.8575989604
0.8546773791
0.8531074524
0.8533175588
0.8541325331
0.8577306867
0.8584625125
0.8576202989
0.8567457795
0.8559540510
0.8551470041
0.8638514280
0.8738304377
0.8620561361
0.8574147224
0.8544715643
0.8529309034
0.8530585766
0.8538393378
0.8573961854
0.8582046628
0.8574043512
0.8566023111
0.8557996750
0.8549690247
0.8633982539
0.8736240268
0.8618113995
0.8572243452
0.8543222547
0.8528134823
0.8528330326
0.8534585834
0.8570914865
0.8578859568
0.8571288586
0.8563871384
0.8554856181
0.8546916842
0.8631672859
0.8730496764
0.8613998294
0.8568770885
0.8539441824
0.8524375558
0.8526963592
0.8534590006
0.8572068214
0.8580358028
0.8572747111
0.8564536572
0.8555685282
0.8546379805
0.8638069630
0.8745115995
0.8621717095
0.8571019173
0.8539186120
0.8521232009
0.8519271016
0.8522004485
0.8553258181
0.8561622500
0.8554401398
0.8549161553
0.8537845016
0.8527384996
0.8583919406
