0.8243616223
0.8610143661
0.8675122857
0.8705875278
0.8728055358
0.8742945194
0.8754913211
0.8764595985
0.8772029281
0.8777030706
0.8780753613
0.8782747984
0.8781375885
0.8783504963
0.8792065978
0.8822158575
0.8828200698
0.8825898170
0.8822251558
0.8823959827
0.8827877641
0.8829673529
0.8829797506
0.8829276562
0.8827685118
0.8825063109
0.8820474148
0.8818883896
0.8820222020
0.8847716451
0.8846278191
0.8846148252
0.8845590353
0.8845625520
0.8843011260
0.8840336800
0.8841533065
0.8840728402
0.8839883804
0.8838556409
0.8834665418
0.8832821846
0.8831926584
0.8858888745
0.8857539892
0.8858963847
0.8857117295
0.8855713010
0.8853318095
0.8851665258
0.8851152062
0.8852060437
0.8852449656
0.8844885826
0.8839148283
0.8837928176
0.8833266497
0.8861044049
0.8863456845
0.8861782551
0.8857814670
0.8859726191
0.8857601881
0.8857932091
0.8860418200
0.8859445453
0.8857247829
0.8851581812
0.8843215108
0.8842933774
0.8842126131
0.8869471550
0.8863536716
0.8859625459
0.8859997392
0.8861156106
0.8861374855
0.8860061765
0.8861475587
0.8858618736
0.8855422139
0.8849942684
0.8843442202
0.8844318986
0.8840845823
0.8863179088
0.8862073421
0.8859425187
0.8856898546
0.8854573965
0.8854715228
0.8853494525
0.8852372169
0.8855078816
0.8851191998
0.8847501278
0.8844266534
0.8832065463
0.8782584667
0.8775749207
0.8840115070
0.8849966526
0.8850059509
0.8851597309
0.8853851557
0.8852508068
0.8851761818
0.8853041530
0.8848839402
0.8846739531
0.8840913773
0.8835577369
0.8835574389
0.8833486438
0.8858377337
0.8857327104
0.8858608603
0.8855890036
0.8858498931
0.8855488300
0.8852757215
0.8854657412
0.8853156567
0.8850824237
0.8848235011
0.8842706084
0.8840125203
0.8837256432
0.8858440518
0.8860278130
0.8859677315
0.8860780001
0.8864044547
0.8862054348
0.8860741258
0.8860732913
0.8859387040
0.8855379820
0.8850176930
0.8845497966
0.8844208121
0.8842094541
0.8862874508
0.8863772154
0.8864338994
0.8863070011
0.8863139749
0.8864116073
0.8864151239
0.8862254620
0.8860712647
0.8855701685
0.8851169348
0.8846403360
0.8843953013
0.8840405941
0.8862573504
0.8864226341
0.8866083622
0.8865578771
0.8863474131
0.8863571882
0.8864241242
0.8863504529
0.8860655427
0.8857998848
0.8853403926
0.8851419687
0.8851105571
0.8844294548
0.8864544630
0.8866161704
0.8865874410
0.8865338564
0.8866456151
0.8867728710
0.8868072033
0.8867844343
0.8864592910
0.8859995008
0.8858022690
0.8855136633
0.8852760792
0.8854723573
0.8872837424
0.8873165846
0.8869683743
0.8873478770
0.8875804543
0.8875029683
0.8874653578
0.8873198032
0.8873871565
0.8875819445
0.8875607252
0.8871114850
0.8866989017
