0.5073068142
0.6416282654
0.6611896157
0.6720980406
0.6801194549
0.6859545112
0.6905485392
0.6947544217
0.6980837584
0.7013523579
0.7036204934
0.7057298422
0.7078112364
0.7096945643
0.7097654343
0.7148660421
0.7163794041
0.7175360322
0.7188653350
0.7195027471
0.7201126218
0.7210448980
0.7219203711
0.7226412296
0.7235332727
0.7241523266
0.7245086432
0.7253295183
0.7240761518
0.7276457548
0.7285703421
0.7294152975
0.7300386429
0.7304666042
0.7307306528
0.7311397195
0.7315054536
0.7320099473
0.7322115302
0.7326087952
0.7328847647
0.7331858277
0.7320905328
0.7347143888
0.7353273630
0.7359265089
0.7362890244
0.7365987897
0.7367911935
0.7369686365
0.7373157144
0.7376297116
0.7378535271
0.7379598022
0.7381947637
0.7381992936
0.7370783091
0.7398520708
0.7402694821
0.7406114936
0.7410703301
0.7412692904
0.7414237261
0.7414743304
0.7416512370
0.7418178320
0.7420102358
0.7421649694
0.7421686053
0.7422358394
0.7414056659
0.7437047958
0.7438929677
0.7441827655
0.7445240021
0.7445823550
0.7445314527
0.7446674705
0.7447780371
0.7449578047
0.7450788617
0.7451608181
0.7452429533
0.7451884151
0.7443139553
0.7465838194
0.7467854619
0.7469857335
0.7472996712
0.7474168539
0.7473921180
0.7475652695
0.7476270199
0.7477351427
0.7477056980
0.7478221655
0.7478273511
0.7478178740
0.7466046214
0.7442340851
0.7477071285
0.7481642365
0.7483900785
0.7486070395
0.7486326098
0.7486921549
0.7487897873
0.7488708496
0.7489666939
0.7490078211
0.7489121556
0.7489205003
0.7487637401
0.7480774522
0.7501581311
0.7504997849
0.7506514788
0.7508866787
0.7508777380
0.7508440018
0.7508227229
0.7507029176
0.7508062720
0.7507847548
0.7507622838
0.7507581115
0.7505218387
0.7498547435
0.7517131567
0.7519935966
0.7519546747
0.7522292733
0.7522284389
0.7521556020
0.7522034049
0.7522526979
0.7523041368
0.7522588968
0.7522253394
0.7521989346
0.7522096634
0.7514083385
0.7532572746
0.7535949349
0.7536326647
0.7536537647
0.7536703944
0.7535094619
0.7534832954
0.7534855604
0.7535477281
0.7535453439
0.7535225749
0.7535310984
0.7535250783
0.7526978254
0.7544421554
0.7545851469
0.7546941638
0.7548300028
0.7547051311
0.7545587420
0.7544713616
0.7544521093
0.7544716597
0.7543497086
0.7543247342
0.7543299794
0.7543868423
0.7535998821
0.7554590106
0.7555214763
0.7555240989
0.7557157874
0.7557280064
0.7556292415
0.7554253936
0.7554229498
0.7555077672
0.7555716038
0.7554485202
0.7553786635
0.7554342747
0.7547810078
0.7571791410
0.7575807571
0.7573235631
0.7575812340
0.7575464845
0.7575740814
0.7575433850
0.7575385571
0.7577530146
0.7576594949
0.7576482296
0.7576555014
0.7577171922
