0.6533967853
0.7307582498
0.7493013740
0.7610329986
0.7683786154
0.7727499008
0.7767580748
0.7803153396
0.7838037610
0.7868711352
0.7889853716
0.7908641696
0.7925959229
0.7942407727
0.7974529862
0.7999268770
0.8021391630
0.8036334515
0.8047177792
0.8051806092
0.8056254387
0.8062664270
0.8069676757
0.8077292442
0.8081138730
0.8088046908
0.8092046976
0.8093237281
0.8104435802
0.8119857907
0.8135443926
0.8147800565
0.8154200315
0.8156330585
0.8159579039
0.8164882660
0.8168345094
0.8171095252
0.8171416521
0.8173499703
0.8176264763
0.8174981475
0.8181672096
0.8192580342
0.8205208778
0.8213198185
0.8217495680
0.8217908144
0.8219606876
0.8220839500
0.8224374652
0.8227767348
0.8228277564
0.8228508830
0.8227984905
0.8224914670
0.8229072094
0.8239593506
0.8250006437
0.8256257772
0.8260328770
0.8258441687
0.8259444237
0.8261212111
0.8262946606
0.8265979290
0.8265337348
0.8266094327
0.8265547156
0.8263211846
0.8266789913
0.8272392154
0.8280830979
0.8288632631
0.8293383718
0.8291326165
0.8290400505
0.8290241957
0.8291023970
0.8292569518
0.8291744590
0.8291614056
0.8292488456
0.8289074302
0.8293127418
0.8301397562
0.8310402036
0.8316736221
0.8319377303
0.8317293525
0.8315435052
0.8315164447
0.8315299153
0.8314479589
0.8314447999
0.8313881755
0.8313993216
0.8309781551
0.8307331800
0.8291897178
0.8300092220
0.8307343125
0.8312906027
0.8318489194
0.8317593932
0.8318120837
0.8317635059
0.8318608403
0.8319131732
0.8318564296
0.8318086863
0.8317962289
0.8315124512
0.8319335580
0.8325709701
0.8331956863
0.8335465789
0.8338267803
0.8335658908
0.8334610462
0.8334290981
0.8332865238
0.8332253695
0.8331644535
0.8331136107
0.8330563307
0.8326989412
0.8329194784
0.8334313631
0.8341278434
0.8344383240
0.8346999288
0.8344820142
0.8342356086
0.8340925574
0.8340589404
0.8340349197
0.8340781927
0.8340380788
0.8340066671
0.8336728811
0.8338882327
0.8343189359
0.8349725008
0.8353297114
0.8354368210
0.8352497816
0.8350227475
0.8348729610
0.8347736001
0.8347058892
0.8346353769
0.8345557451
0.8346199989
0.8342114687
0.8344920278
0.8348513842
0.8355273008
0.8359439373
0.8360926509
0.8358475566
0.8356512189
0.8355219960
0.8354174495
0.8354006410
0.8353387713
0.8353165388
0.8354447484
0.8351475000
0.8354378343
0.8358049393
0.8365149498
0.8368375897
0.8370791674
0.8367537260
0.8364968300
0.8363975883
0.8363739848
0.8365132809
0.8364446759
0.8365105391
0.8366346359
0.8365015388
0.8370632529
0.8379547000
0.8390296102
0.8395577073
0.8400170803
0.8400663137
0.8399837613
0.8398967385
0.8399346471
0.8401201367
0.8401103616
0.8403308392
0.8406229615
0.8406329751
