0.8402014971
0.8600606322
0.8663312197
0.8696172237
0.8711660504
0.8733702302
0.8743283749
0.8743391037
0.8745578527
0.8751080036
0.8762673140
0.8773478270
0.8786591887
0.8793985248
0.8824599981
0.8807604909
0.8818599582
0.8821998835
0.8821456432
0.8826855421
0.8826056123
0.8822076917
0.8815446496
0.8816661835
0.8826797009
0.8830578327
0.8839453459
0.8832570314
0.8855023980
0.8838723302
0.8846965432
0.8850185275
0.8845933080
0.8850823641
0.8852357864
0.8852396011
0.8844516873
0.8840422034
0.8842436671
0.8848909736
0.8852245808
0.8847982287
0.8865323663
0.8852987289
0.8863211274
0.8865884542
0.8862674236
0.8863670826
0.8865287900
0.8860356212
0.8856236339
0.8850037456
0.8853470683
0.8855893016
0.8859938383
0.8857945204
0.8882011771
0.8859375119
0.8864607811
0.8865224719
0.8871127367
0.8867058158
0.8866882324
0.8869684935
0.8865755796
0.8864284754
0.8870770931
0.8867815733
0.8870344162
0.8865439296
0.8884261250
0.8863087296
0.8872999549
0.8868741393
0.8868989944
0.8870720267
0.8871300817
0.8869674206
0.8866758943
0.8864501715
0.8865007162
0.8866940141
0.8868106604
0.8864491582
0.8891871572
0.8866158724
0.8876020312
0.8871790171
0.8872510791
0.8877625465
0.8874772787
0.8873791099
0.8870735765
0.8870090842
0.8873372078
0.8869575858
0.8872076869
0.8826524615
0.8704236746
0.8825129271
0.8863575459
0.8874107003
0.8871867061
0.8872054219
0.8875881433
0.8876810670
0.8879430890
0.8873212934
0.8867598772
0.8871109486
0.8872578144
0.8876364231
0.8872531652
0.8895568848
0.8871292472
0.8881445527
0.8885020018
0.8882948160
0.8887936473
0.8883279562
0.8879640102
0.8876896501
0.8871604800
0.8875790238
0.8881346583
0.8879586458
0.8869171143
0.8890450001
0.8875533342
0.8884583712
0.8885495663
0.8888540864
0.8890837431
0.8889426589
0.8888558745
0.8885385394
0.8880404830
0.8876978755
0.8882644176
0.8883291483
0.8870225549
0.8884123564
0.8871601820
0.8887839913
0.8888398409
0.8887758851
0.8895058036
0.8894472718
0.8895604014
0.8888714314
0.8883078694
0.8882545829
0.8884553909
0.8882893324
0.8869585395
0.8887972832
0.8873219490
0.8884636760
0.8884710073
0.8883351684
0.8889151216
0.8893056512
0.8892257810
0.8887332678
0.8883101344
0.8879948854
0.8882292509
0.8881805539
0.8867892027
0.8889110088
0.8870136142
0.8885808587
0.8889981508
0.8890760541
0.8893452883
0.8889872432
0.8886373639
0.8877484202
0.8877476454
0.8880265355
0.8878685832
0.8878116012
0.8868277073
0.8895584345
0.8874191642
0.8886114359
0.8886214495
0.8887620568
0.8890156746
0.8890928030
0.8886786103
0.8883945942
0.8874399662
0.8871797323
0.8868256807
0.8870106936
0.8869113922
