0.9235497117
0.9286802411
0.9305382371
0.9316372275
0.9321977496
0.9326514006
0.9330258369
0.9334337711
0.9337571263
0.9339507222
0.9341389537
0.9346540570
0.9351288080
0.9356912374
0.9347280860
0.9343650937
0.9341139793
0.9340954423
0.9343291521
0.9340986609
0.9341555238
0.9344339967
0.9343129396
0.9345527887
0.9348210692
0.9349101186
0.9351195097
0.9356299639
0.9348931909
0.9345665574
0.9342433810
0.9341403246
0.9343137145
0.9344143867
0.9345350862
0.9344035387
0.9344754219
0.9344955087
0.9346144199
0.9346132874
0.9346093535
0.9352471828
0.9347201586
0.9342169762
0.9341018796
0.9342600703
0.9343684912
0.9342519641
0.9344930053
0.9346022606
0.9346563220
0.9345562458
0.9343969226
0.9341542721
0.9343642592
0.9348567724
0.9343256354
0.9342446327
0.9342170358
0.9342609644
0.9340850711
0.9342674017
0.9341636300
0.9344447851
0.9346773028
0.9344702363
0.9345157146
0.9342445731
0.9346957803
0.9350785613
0.9348185658
0.9345315099
0.9341483712
0.9340392351
0.9341371655
0.9340129495
0.9340644479
0.9342327118
0.9342224598
0.9340612292
0.9343031049
0.9341562390
0.9343001246
0.9349302649
0.9349622726
0.9343384504
0.9342124462
0.9341772795
0.9343498945
0.9342510104
0.9341723323
0.9342764020
0.9344804883
0.9345786572
0.9341780543
0.9342005849
0.9348467588
0.9356302619
0.9250475168
0.9328700900
0.9333272576
0.9335432649
0.9340720177
0.9343900681
0.9342679381
0.9346044064
0.9348744750
0.9350829720
0.9346204996
0.9344213605
0.9346193075
0.9350155592
0.9355441928
0.9349127412
0.9348134398
0.9345940948
0.9346579313
0.9346747398
0.9347581863
0.9347235560
0.9349909425
0.9349410534
0.9347996712
0.9346653819
0.9347258806
0.9349246025
0.9357026219
0.9352981448
0.9351900816
0.9352529049
0.9349910021
0.9351719618
0.9348011613
0.9346514940
0.9348720908
0.9350827336
0.9348977804
0.9348547459
0.9348874092
0.9354810715
0.9358097911
0.9359201193
0.9356087446
0.9355807900
0.9356711507
0.9354761839
0.9354078174
0.9351671934
0.9353510737
0.9355766177
0.9355907440
0.9356336594
0.9358437061
0.9361273050
0.9365180731
0.9366118312
0.9363393188
0.9363744855
0.9365287423
0.9365375042
0.9364376068
0.9360700846
0.9363856316
0.9365555644
0.9363837838
0.9367325306
0.9370804429
0.9371995926
0.9375321865
0.9376633763
0.9375985861
0.9375364780
0.9374586344
0.9377943277
0.9376437068
0.9377024770
0.9376523495
0.9377692342
0.9378300309
0.9381656051
0.9380977750
0.9384015203
0.9390898347
0.9398396611
0.9400914311
0.9403517246
0.9403760433
0.9401038289
0.9401521087
0.9405249357
0.9409163594
0.9411749840
0.9412772059
0.9418770075
0.9421957135
0.9426951408
0.9425485134
