0.4553376436
0.5010148883
0.5159417987
0.5269061923
0.5350705981
0.5415240526
0.5468891263
0.5517144203
0.5559340119
0.5598132610
0.5634994507
0.5666164160
0.5695498586
0.5725440979
0.5758747458
0.5788167119
0.5808916688
0.5827707052
0.5842357874
0.5856435895
0.5867934823
0.5882976055
0.5896075964
0.5909224153
0.5920751095
0.5934616327
0.5949692130
0.5961869359
0.5976952910
0.5991908312
0.6004548669
0.6013759375
0.6019033790
0.6028205156
0.6035669446
0.6044526696
0.6053630710
0.6060235500
0.6066503525
0.6074917912
0.6083203554
0.6091519594
0.6101664901
0.6109524369
0.6115670800
0.6120862365
0.6126827598
0.6132678390
0.6136683226
0.6141472459
0.6147716641
0.6153611541
0.6159142852
0.6164233088
0.6169684529
0.6175685525
0.6183140874
0.6187830567
0.6192457080
0.6197130084
0.6200783849
0.6205220222
0.6208479404
0.6211890578
0.6216368675
0.6221318245
0.6225205660
0.6230644584
0.6235515475
0.6240794063
0.6246927977
0.6251701117
0.6255410910
0.6258640885
0.6260558367
0.6262758374
0.6265819669
0.6269376278
0.6272361875
0.6275885701
0.6279241443
0.6283089519
0.6286072731
0.6289956570
0.6294302344
0.6298072338
0.6301530600
0.6303389072
0.6305488944
0.6307461262
0.6310186386
0.6313098669
0.6316522360
0.6319314241
0.6322116852
0.6326273084
0.6329811811
0.6333012581
0.6339483857
0.6336093545
0.6342196465
0.6344785690
0.6346255541
0.6347187161
0.6348716021
0.6350492835
0.6352148056
0.6354130507
0.6356369257
0.6359530091
0.6362716556
0.6365475059
0.6368451118
0.6372004747
0.6376013756
0.6378585696
0.6379526258
0.6380367279
0.6381871104
0.6383098960
0.6384841204
0.6386415362
0.6388669014
0.6390624642
0.6392936707
0.6396543980
0.6400064230
0.6403121352
0.6403760910
0.6404937506
0.6405053139
0.6406872869
0.6408506036
0.6410393715
0.6412512660
0.6414428949
0.6416627169
0.6418847442
0.6420897841
0.6423708200
0.6426289678
0.6428954005
0.6430381536
0.6431103349
0.6431841850
0.6432837844
0.6432783604
0.6434207559
0.6436536908
0.6438924074
0.6439863443
0.6441929936
0.6443601251
0.6445583105
0.6447547078
0.6450464129
0.6451267600
0.6451865435
0.6452214718
0.6452586651
0.6454042196
0.6455378532
0.6457285285
0.6458001733
0.6459873915
0.6461371183
0.6463440657
0.6464721560
0.6467848420
0.6470307112
0.6470414400
0.6471196413
0.6472740769
0.6473406553
0.6475308537
0.6476581097
0.6478328109
0.6479783058
0.6481527090
0.6482836008
0.6484438777
0.6486047506
0.6487891078
0.6490199566
0.6491896510
0.6491827369
0.6491394639
0.6492160559
0.6493414640
0.6494236588
0.6495688558
0.6496801972
0.6497877240
0.6500231028
0.6501210928
0.6502865553
0.6504498720
