0.5110308528
0.5524100661
0.6121495366
0.6372751594
0.6528223753
0.6637915969
0.6721511483
0.6795285344
0.6854842305
0.6902972460
0.6949865818
0.6990998983
0.7025019526
0.7057001591
0.7090569735
0.7121155262
0.7135977149
0.7156853676
0.7175989151
0.7193095088
0.7209367752
0.7226758599
0.7242180109
0.7254428267
0.7264376283
0.7273373008
0.7283637524
0.7293540239
0.7303929329
0.7309184670
0.7313053608
0.7322594523
0.7331823707
0.7339986563
0.7348742485
0.7357490659
0.7364636660
0.7370836735
0.7374481559
0.7378567457
0.7384335995
0.7391445041
0.7397089005
0.7398136258
0.7398180366
0.7402629256
0.7407204509
0.7411837578
0.7417917848
0.7424243689
0.7429463863
0.7432812452
0.7435764670
0.7437691092
0.7440097928
0.7443965673
0.7449211478
0.7448864579
0.7446576357
0.7449768186
0.7450780869
0.7453611493
0.7457364202
0.7462128997
0.7465988398
0.7468823791
0.7470346093
0.7473091483
0.7476143837
0.7480034232
0.7484958172
0.7483804822
0.7479815483
0.7480375171
0.7480695248
0.7482284904
0.7484748363
0.7488535047
0.7490597367
0.7492847443
0.7495563626
0.7496982217
0.7498141527
0.7500748038
0.7503641844
0.7503098249
0.7499536276
0.7500315905
0.7500524521
0.7500115633
0.7502136827
0.7505216002
0.7507202029
0.7509005666
0.7509583831
0.7509810925
0.7511042356
0.7509263158
0.7505692840
0.7495437264
0.7485926151
0.7488964200
0.7492179275
0.7495151162
0.7497096062
0.7499845624
0.7502368093
0.7505186200
0.7506632209
0.7507695556
0.7508746386
0.7510268092
0.7513342500
0.7515167594
0.7513733506
0.7510184050
0.7511605024
0.7511644959
0.7512063980
0.7513313293
0.7515377402
0.7516685724
0.7517514229
0.7517828345
0.7517943978
0.7519370914
0.7521007657
0.7522041798
0.7518991232
0.7515901327
0.7518458962
0.7518435121
0.7519038916
0.7521870136
0.7523753047
0.7525277138
0.7526001930
0.7526285648
0.7525638938
0.7525944114
0.7528030872
0.7528731823
0.7525140047
0.7521566153
0.7523499131
0.7524832487
0.7525411844
0.7527112365
0.7529440522
0.7530078888
0.7531258464
0.7531211376
0.7530862093
0.7531037927
0.7532636523
0.7532874346
0.7529240847
0.7526059747
0.7528231144
0.7529761195
0.7530235648
0.7531179786
0.7532976866
0.7533621788
0.7533527017
0.7533506155
0.7533020377
0.7533589005
0.7534751296
0.7534197569
0.7530732751
0.7528421283
0.7531127930
0.7532781959
0.7533674240
0.7534961104
0.7535551786
0.7535846829
0.7535797358
0.7535990477
0.7536219358
0.7536896467
0.7537996173
0.7538045645
0.7536173463
0.7538860440
0.7543314099
0.7546586394
0.7549532652
0.7550404668
0.7552367449
0.7553596497
0.7554408908
0.7555629015
0.7556450367
0.7557415962
0.7558813691
