0.4039165080
0.5193523765
0.5530909896
0.5720497966
0.5846763253
0.5943150520
0.6028382182
0.6090943217
0.6146036983
0.6193256974
0.6234251261
0.6269536018
0.6304417849
0.6343111396
0.6375201344
0.6395759583
0.6419616938
0.6437681317
0.6454529762
0.6471959949
0.6489017010
0.6501919627
0.6514190435
0.6523159146
0.6536467671
0.6547582746
0.6556608677
0.6566234231
0.6571757197
0.6580134630
0.6591498852
0.6600092053
0.6610066891
0.6620152593
0.6628657579
0.6636157036
0.6642820239
0.6648348570
0.6652949452
0.6657872200
0.6663460732
0.6668890715
0.6668480039
0.6673242450
0.6682149172
0.6690697074
0.6696332097
0.6703562737
0.6711099744
0.6718564630
0.6722581387
0.6725646257
0.6728459597
0.6730536819
0.6734004617
0.6737398505
0.6736552119
0.6738104820
0.6744372845
0.6748803258
0.6753942370
0.6758750677
0.6762240529
0.6766729355
0.6769838333
0.6772050261
0.6776273847
0.6780329943
0.6783459187
0.6786334515
0.6784348488
0.6783936620
0.6787963510
0.6792999506
0.6796781421
0.6798249483
0.6801444888
0.6802769899
0.6805517077
0.6808457971
0.6810855269
0.6811918616
0.6813341379
0.6816096306
0.6814811826
0.6813067794
0.6816110015
0.6819313765
0.6822029948
0.6825186014
0.6828650832
0.6831116080
0.6835606098
0.6838401556
0.6840592027
0.6841596961
0.6841741204
0.6839118600
0.6815079451
0.6811031699
0.6813040376
0.6816743612
0.6820114255
0.6823776960
0.6826789379
0.6830176115
0.6833399534
0.6837241054
0.6840065718
0.6841036677
0.6841834784
0.6843370795
0.6845390797
0.6843149066
0.6839910150
0.6841897964
0.6845357418
0.6848688126
0.6851197481
0.6853461266
0.6856191754
0.6857814193
0.6858872771
0.6859841347
0.6859816313
0.6860250831
0.6860129833
0.6855167150
0.6852509975
0.6854628325
0.6856525540
0.6859035492
0.6862465143
0.6864055395
0.6867290735
0.6870167851
0.6872721314
0.6873496175
0.6873769760
0.6872529984
0.6871275902
0.6864865422
0.6860246062
0.6861693859
0.6864094734
0.6864855289
0.6867718697
0.6870502830
0.6873099208
0.6876180768
0.6876768470
0.6877949834
0.6877538562
0.6877257228
0.6876363754
0.6871032119
0.6866683960
0.6867901087
0.6869779229
0.6870240569
0.6871468425
0.6873724461
0.6875151992
0.6876596212
0.6877358556
0.6878331304
0.6878453493
0.6877871156
0.6876751781
0.6871082783
0.6866425276
0.6868640184
0.6870019436
0.6872342229
0.6873978972
0.6875259280
0.6876872182
0.6877079606
0.6878811121
0.6878985167
0.6878957748
0.6878268123
0.6878058314
0.6875274181
0.6876274943
0.6879374981
0.6882497668
0.6885438561
0.6888135076
0.6891310811
0.6893078685
0.6895638704
0.6896608472
0.6896792650
0.6897288561
0.6898919940
0.6900421977
