0.2457916737
0.3437390625
0.3772013187
0.3963962197
0.4109598398
0.4222167134
0.4320303500
0.4410392642
0.4489377141
0.4556550384
0.4613299370
0.4662222862
0.4712483585
0.4760932028
0.4810929000
0.4844640791
0.4878419936
0.4908482432
0.4936793447
0.4961911738
0.4986341596
0.5011224151
0.5035396218
0.5057345629
0.5078935027
0.5098642707
0.5115727186
0.5137270093
0.5153392553
0.5164709091
0.5181332827
0.5197366476
0.5213748813
0.5229272246
0.5243445635
0.5259184837
0.5274322629
0.5287591219
0.5298557878
0.5309026241
0.5320258141
0.5332989097
0.5342385769
0.5347977877
0.5358554721
0.5369288921
0.5378772020
0.5388798714
0.5397816896
0.5408179164
0.5419184566
0.5428228974
0.5436696410
0.5443922877
0.5452079177
0.5461838245
0.5467246175
0.5470026731
0.5476795435
0.5482810140
0.5488733649
0.5496937633
0.5504832864
0.5513591170
0.5522201657
0.5529145598
0.5535155535
0.5540525913
0.5545556545
0.5552778840
0.5558172464
0.5560202003
0.5563981533
0.5567713976
0.5572751164
0.5578638315
0.5584361553
0.5590450764
0.5598886609
0.5604556799
0.5608701110
0.5613351464
0.5617364645
0.5623044372
0.5627390146
0.5630123019
0.5634399056
0.5638179779
0.5641686320
0.5645448565
0.5649233460
0.5654137135
0.5660251379
0.5664316416
0.5667109489
0.5670158267
0.5672796369
0.5676594973
0.5674695373
0.5669347644
0.5666777492
0.5669360161
0.5671210289
0.5674079061
0.5677719712
0.5681682229
0.5687747598
0.5692229271
0.5696182847
0.5699840188
0.5701593161
0.5703595281
0.5708233118
0.5711234212
0.5712398887
0.5715388656
0.5717232227
0.5718955994
0.5721918344
0.5724849701
0.5727983713
0.5730332732
0.5733481050
0.5734573007
0.5736429095
0.5738393068
0.5741707087
0.5742576718
0.5742118359
0.5744645000
0.5746811628
0.5748522282
0.5750558972
0.5752395391
0.5755065680
0.5757832527
0.5760241151
0.5761861801
0.5762987137
0.5763914585
0.5765783191
0.5766627789
0.5765535235
0.5766793489
0.5767506361
0.5768173337
0.5769819021
0.5771146417
0.5772823691
0.5775629282
0.5778235197
0.5779530406
0.5780421495
0.5782514811
0.5784714818
0.5784673095
0.5782293677
0.5783058405
0.5783835649
0.5784047842
0.5784037709
0.5785444975
0.5787100196
0.5788626075
0.5789811611
0.5791094303
0.5792035460
0.5793168545
0.5795703530
0.5796467662
0.5794786811
0.5795486569
0.5795574188
0.5796424150
0.5798152089
0.5799160004
0.5800758004
0.5802428126
0.5803676248
0.5804821253
0.5805706978
0.5806842446
0.5808883905
0.5810178518
0.5811213851
0.5813663006
0.5815265775
0.5816710591
0.5818596482
0.5820792913
0.5822135210
0.5824360847
0.5827522278
0.5829828978
0.5832135677
0.5835194588
0.5838506222
