0.7604768872
0.7954530716
0.8080391884
0.8140345216
0.8176898360
0.8205358386
0.8228799701
0.8250911832
0.8261263371
0.8268272877
0.8285958767
0.8301329017
0.8308480382
0.8314098716
0.8323452473
0.8362134695
0.8377395272
0.8386857510
0.8390926123
0.8401350379
0.8395734429
0.8397654891
0.8396934867
0.8397624493
0.8410736322
0.8414757252
0.8428791165
0.8421866298
0.8416543603
0.8436266780
0.8437721729
0.8449562788
0.8446685076
0.8446845412
0.8451776505
0.8448677063
0.8441986442
0.8444107175
0.8447152376
0.8459145427
0.8463976383
0.8461018801
0.8452231884
0.8466733098
0.8473926783
0.8473249674
0.8477835059
0.8481748700
0.8473099470
0.8474017382
0.8472195864
0.8470180035
0.8469667435
0.8477723002
0.8487042785
0.8486538529
0.8470501304
0.8486984372
0.8496906161
0.8503097892
0.8499192595
0.8502817750
0.8496717811
0.8493089080
0.8488513827
0.8484885693
0.8490865231
0.8498147130
0.8505972624
0.8509264588
0.8493326902
0.8515970111
0.8517160416
0.8515031934
0.8517866135
0.8514270782
0.8509943485
0.8512654901
0.8511455059
0.8504775167
0.8501932025
0.8508481979
0.8518133163
0.8518219590
0.8502066731
0.8517527580
0.8525331616
0.8535749316
0.8533107638
0.8528584838
0.8529934883
0.8530967236
0.8529247642
0.8519394398
0.8522309065
0.8524971008
0.8526845574
0.8424218297
0.8266119957
0.8447870612
0.8525921106
0.8536487222
0.8540264964
0.8530803323
0.8537344933
0.8537334800
0.8535707593
0.8535274267
0.8532321453
0.8529608250
0.8535211086
0.8533402681
0.8531313539
0.8524150252
0.8536083698
0.8546187282
0.8555861115
0.8551416397
0.8554394841
0.8550686240
0.8547645807
0.8549799323
0.8545781970
0.8544664979
0.8543708324
0.8547507524
0.8542300463
0.8537185192
0.8555251360
0.8560589552
0.8560786843
0.8563939333
0.8565188050
0.8557736874
0.8562952280
0.8556210399
0.8554070592
0.8551546931
0.8556195498
0.8557705283
0.8543495536
0.8536684513
0.8563994169
0.8562278748
0.8566463590
0.8568716645
0.8576167226
0.8570550680
0.8572329879
0.8567548394
0.8560993075
0.8559561968
0.8561754227
0.8562135100
0.8550134897
0.8545016050
0.8563306928
0.8568981290
0.8572948575
0.8573205471
0.8577105999
0.8573827744
0.8569192886
0.8565450311
0.8568097949
0.8559525609
0.8558749557
0.8561578989
0.8549239635
0.8546679616
0.8562224507
0.8566771150
0.8571457863
0.8576825857
0.8576236963
0.8572920561
0.8570023179
0.8563601971
0.8568930626
0.8565154672
0.8560896516
0.8564612865
0.8553892970
0.8546320200
0.8550998569
0.8559783101
0.8569195271
0.8574516177
0.8577895761
0.8580077887
0.8578330278
0.8577837944
0.8574814796
0.8571593761
0.8570008874
0.8576506972
0.8565900326
