0.4971516132
0.5717521310
0.6015180945
0.6190009713
0.6312545538
0.6413278580
0.6499924064
0.6567407250
0.6623813510
0.6670150757
0.6712914109
0.6748759747
0.6778989434
0.6811105013
0.6842077971
0.6863136888
0.6886770129
0.6907183528
0.6926853657
0.6946757436
0.6967375875
0.6985604763
0.7002086639
0.7016069293
0.7029352784
0.7042721510
0.7052560449
0.7064970136
0.7073806524
0.7082322836
0.7094625831
0.7105126381
0.7115914822
0.7124921679
0.7134242654
0.7144001722
0.7153317332
0.7161616087
0.7168682814
0.7175436020
0.7182096839
0.7188773751
0.7193371654
0.7196609974
0.7203366756
0.7209101915
0.7214146256
0.7220261097
0.7225503325
0.7232089639
0.7238212228
0.7244259119
0.7248884439
0.7252718210
0.7256787419
0.7261582017
0.7264391780
0.7264097929
0.7267498374
0.7270754576
0.7274041176
0.7276675701
0.7279965878
0.7283747196
0.7288508415
0.7291798592
0.7294821739
0.7297627330
0.7300130129
0.7304123640
0.7305880785
0.7303730845
0.7305986285
0.7308309078
0.7310141921
0.7311681509
0.7313865423
0.7316345572
0.7320956588
0.7324120998
0.7326321602
0.7327398062
0.7328504920
0.7331499457
0.7332896590
0.7330362201
0.7331514359
0.7332455516
0.7333024740
0.7333495021
0.7334489822
0.7336260080
0.7338423729
0.7340328693
0.7340994477
0.7341048717
0.7341740727
0.7340376377
0.7314578295
0.7297227979
0.7294508219
0.7297220826
0.7299381495
0.7301175594
0.7302677035
0.7305852175
0.7308419943
0.7310559154
0.7312030196
0.7312956452
0.7313924432
0.7315317392
0.7317398190
0.7317788601
0.7315275073
0.7316027284
0.7316763401
0.7317476273
0.7317799926
0.7318480015
0.7319709063
0.7320979238
0.7320899963
0.7321383953
0.7321707606
0.7322051525
0.7322473526
0.7321180105
0.7317860723
0.7318473458
0.7319181561
0.7318793535
0.7319258451
0.7319921255
0.7320321798
0.7321426868
0.7321732640
0.7322384715
0.7321646810
0.7320945859
0.7322055101
0.7321028113
0.7316845655
0.7316841483
0.7317170501
0.7316443920
0.7315567136
0.7316276431
0.7316299081
0.7317021489
0.7316337824
0.7315917611
0.7315123677
0.7313997746
0.7314321399
0.7312425971
0.7308404446
0.7307824492
0.7307878733
0.7306652069
0.7306357622
0.7306291461
0.7305731773
0.7305466533
0.7305240631
0.7305040956
0.7303991318
0.7302984595
0.7303259373
0.7301029563
0.7297053337
0.7297194600
0.7296957374
0.7296541333
0.7296149135
0.7295883894
0.7295553684
0.7294741869
0.7294248343
0.7293570638
0.7292445898
0.7291873693
0.7291927934
0.7290869355
0.7289377451
0.7289733291
0.7289978862
0.7290171981
0.7289761305
0.7290171981
0.7290134430
0.7291005850
0.7290667892
0.7289758921
0.7289088368
0.7288579345
0.7289267778
