0.3298839331
0.3646692634
0.3861267567
0.4020929635
0.4142684340
0.4258086979
0.4364354312
0.4454636872
0.4536210299
0.4602331221
0.4651904702
0.4695641398
0.4733873904
0.4766738117
0.4794977903
0.4823876023
0.4853348732
0.4879100025
0.4905634820
0.4932958782
0.4963549078
0.4994412661
0.5021351576
0.5045824051
0.5066151619
0.5081160665
0.5097048879
0.5104959607
0.5114794970
0.5130960941
0.5146116018
0.5163371563
0.5180707574
0.5196635127
0.5214952230
0.5234357119
0.5251203179
0.5265634656
0.5277138948
0.5287995338
0.5295665264
0.5299535990
0.5304023623
0.5311807990
0.5321332812
0.5332354307
0.5346007943
0.5357500911
0.5370457768
0.5384858251
0.5398612022
0.5409052372
0.5416793823
0.5423967242
0.5429575443
0.5431303978
0.5432031751
0.5437442064
0.5444320440
0.5452820063
0.5465950966
0.5476996303
0.5488466620
0.5500196815
0.5511150956
0.5519548059
0.5525761247
0.5529732704
0.5533371568
0.5534970760
0.5535662174
0.5537640452
0.5542198420
0.5550094247
0.5559070706
0.5565789342
0.5573102236
0.5583984852
0.5592827201
0.5598866343
0.5604696870
0.5608974695
0.5611166954
0.5611329079
0.5610296726
0.5613882542
0.5617980361
0.5623424053
0.5629405975
0.5634996295
0.5641897321
0.5648727417
0.5654919744
0.5658696294
0.5662713647
0.5665992498
0.5668014288
0.5656257272
0.5627536774
0.5600408316
0.5601882339
0.5607336760
0.5613629222
0.5620366335
0.5627406836
0.5636156201
0.5644689202
0.5651242137
0.5657364130
0.5661832690
0.5664988160
0.5665929914
0.5666084886
0.5666365623
0.5670984387
0.5675479770
0.5679181218
0.5684299469
0.5690449476
0.5697275996
0.5701936483
0.5706966519
0.5711372495
0.5714933276
0.5717941523
0.5718711019
0.5717302561
0.5714858174
0.5717648268
0.5719813108
0.5722783208
0.5726691484
0.5730238557
0.5734708905
0.5739225149
0.5742540359
0.5745743513
0.5748057961
0.5749365091
0.5749929547
0.5748445392
0.5746250749
0.5747634172
0.5749709606
0.5750901699
0.5753515363
0.5757778883
0.5761380792
0.5765181184
0.5767994523
0.5770323277
0.5772022009
0.5773447752
0.5773774385
0.5772243738
0.5768392086
0.5768249631
0.5769962072
0.5771613717
0.5772887468
0.5775680542
0.5778837204
0.5781860352
0.5783763528
0.5784859657
0.5786976814
0.5788521171
0.5789740682
0.5788150430
0.5783297420
0.5783386230
0.5783147216
0.5784958601
0.5787500143
0.5789644718
0.5791668296
0.5794113874
0.5795423985
0.5797443986
0.5798127055
0.5798630118
0.5798924565
0.5797406435
0.5794523358
0.5795076489
0.5795620680
0.5796472430
0.5798560977
0.5800299644
0.5801735520
0.5803491473
0.5805917382
0.5806975365
0.5808281898
0.5809603930
0.5809892416
0.5805846453
