0.2294939011
0.3060376346
0.3436259031
0.3645749390
0.3799004555
0.3931786418
0.4049426317
0.4159887433
0.4258485138
0.4346439838
0.4422703981
0.4491468966
0.4556301832
0.4619231224
0.4666110575
0.4699433446
0.4736955762
0.4770937264
0.4803843796
0.4837473929
0.4869047403
0.4903524518
0.4936676919
0.4967918694
0.5000021458
0.5028172731
0.5052683353
0.5077902079
0.5090565681
0.5101779103
0.5122427344
0.5142623782
0.5163826942
0.5184505582
0.5204560161
0.5226581693
0.5248345137
0.5269474983
0.5288321972
0.5306002498
0.5322495699
0.5339151621
0.5346292257
0.5353825092
0.5369591713
0.5384621024
0.5398623347
0.5414499640
0.5430499315
0.5446417928
0.5462206602
0.5478904843
0.5493896008
0.5506418943
0.5519238114
0.5531754494
0.5534515381
0.5538152456
0.5549270511
0.5559369326
0.5569709539
0.5582840443
0.5594945550
0.5610650778
0.5625563860
0.5638446808
0.5651080608
0.5660554171
0.5669506788
0.5678833127
0.5681449771
0.5684792995
0.5692548752
0.5701084137
0.5710809827
0.5720922947
0.5730890632
0.5742489100
0.5756875277
0.5768070221
0.5777379870
0.5785983205
0.5793203115
0.5799884200
0.5802066922
0.5805138946
0.5813012719
0.5820233226
0.5827342272
0.5835521817
0.5844581127
0.5854930878
0.5865890384
0.5873726010
0.5880455971
0.5886888504
0.5892667174
0.5893808603
0.5883058310
0.5872395039
0.5865833163
0.5867081285
0.5873819590
0.5882253647
0.5890340805
0.5899052620
0.5908393860
0.5917677283
0.5926867723
0.5934203267
0.5939548612
0.5945703983
0.5950483680
0.5951352119
0.5952814221
0.5958023071
0.5962901711
0.5967444181
0.5973321795
0.5979912281
0.5986715555
0.5992391109
0.5998312235
0.6003136039
0.6007045507
0.6011048555
0.6013995409
0.6013351679
0.6013802886
0.6017873883
0.6021535397
0.6025696397
0.6030187607
0.6034027934
0.6038248539
0.6043351293
0.6048014164
0.6052160859
0.6056089997
0.6059513092
0.6061201692
0.6060903668
0.6060870886
0.6063708663
0.6066882014
0.6070325971
0.6073684692
0.6076976657
0.6080394387
0.6084631681
0.6088201404
0.6091365814
0.6094446778
0.6097603440
0.6100481749
0.6099869609
0.6098850369
0.6101089120
0.6103856564
0.6105971932
0.6108326912
0.6111446619
0.6114621162
0.6117888689
0.6120792031
0.6123293042
0.6126533151
0.6129858494
0.6133278012
0.6133067012
0.6132939458
0.6134865880
0.6136285663
0.6138395667
0.6140706539
0.6142725945
0.6145371795
0.6148222685
0.6151242852
0.6154702902
0.6157668233
0.6161183119
0.6164715290
0.6165325046
0.6168019176
0.6172848344
0.6176689863
0.6180166006
0.6183667183
0.6186811328
0.6189790964
0.6194131970
0.6199442148
0.6203585267
0.6208396554
0.6214900017
0.6221533418
