0.3196610808
0.3662942350
0.4132848978
0.4419414997
0.4592439532
0.4717479050
0.4821409583
0.4922186732
0.5014130473
0.5103254914
0.5181103945
0.5244801044
0.5301017165
0.5357369781
0.5412170887
0.5460689068
0.5486302972
0.5512841344
0.5535929203
0.5559383631
0.5582216978
0.5607027411
0.5634948611
0.5662467480
0.5686886907
0.5710731745
0.5733152628
0.5752724409
0.5777184963
0.5790625811
0.5801209211
0.5817927122
0.5834432244
0.5851181149
0.5867140889
0.5883267522
0.5901699662
0.5919454098
0.5935955048
0.5951250196
0.5967378020
0.5981727242
0.5995525122
0.6004058719
0.6010746956
0.6022148728
0.6033343077
0.6044538021
0.6057844758
0.6071329713
0.6084375978
0.6099104881
0.6114360094
0.6127617955
0.6138601899
0.6147726178
0.6156862974
0.6160368919
0.6163969040
0.6172167063
0.6180433631
0.6189314127
0.6201744080
0.6213764548
0.6226731539
0.6239005923
0.6250799894
0.6262183785
0.6270069480
0.6277031302
0.6284510493
0.6288356185
0.6291531324
0.6297483444
0.6303369999
0.6312140822
0.6321002245
0.6328908205
0.6337899566
0.6348386407
0.6356932521
0.6364530325
0.6371454597
0.6377488971
0.6383479834
0.6386470795
0.6390480399
0.6397034526
0.6403666139
0.6410623789
0.6415929794
0.6421652436
0.6429110169
0.6436749101
0.6442720890
0.6448606253
0.6453924179
0.6456946731
0.6461575031
0.6462123990
0.6458927989
0.6443230510
0.6444940567
0.6448028684
0.6452372074
0.6455516815
0.6459039450
0.6463771462
0.6468335390
0.6473061442
0.6476744413
0.6479756236
0.6483343244
0.6486141682
0.6487238407
0.6489955187
0.6493628621
0.6497387886
0.6500972509
0.6505080462
0.6509530544
0.6514244676
0.6517940760
0.6522285938
0.6525177956
0.6527226567
0.6529243588
0.6530606747
0.6531029940
0.6531870365
0.6535028815
0.6537811160
0.6541357636
0.6544581056
0.6547901034
0.6550890803
0.6553793550
0.6556999683
0.6559357643
0.6561127901
0.6562594771
0.6564061642
0.6564314961
0.6564876437
0.6567288637
0.6570360065
0.6573162079
0.6576501131
0.6579514146
0.6581617594
0.6584539413
0.6587079167
0.6589469910
0.6591232419
0.6592745781
0.6594035029
0.6593875885
0.6594085097
0.6596090198
0.6598314047
0.6600254178
0.6602322459
0.6604899168
0.6607303619
0.6609838009
0.6611998081
0.6613834500
0.6615805030
0.6617463231
0.6618779302
0.6618592143
0.6618395448
0.6620138288
0.6621654630
0.6623789072
0.6626434922
0.6628407836
0.6630396247
0.6632893085
0.6635133624
0.6637160778
0.6638536453
0.6639997363
0.6641479135
0.6641572714
0.6642841697
0.6645576358
0.6647945046
0.6650681496
0.6653825045
0.6656118035
0.6658366919
0.6660981178
0.6664377451
0.6667065620
0.6670290232
0.6673981547
