0.1667962670
0.2265201360
0.2570504844
0.2766543925
0.2908798754
0.3029989600
0.3140900731
0.3244209886
0.3341805041
0.3429362476
0.3504226804
0.3569689393
0.3623656034
0.3674723208
0.3715482056
0.3747504950
0.3785650432
0.3823941648
0.3861288130
0.3898846805
0.3937589228
0.3976348639
0.4016203880
0.4050483108
0.4084673226
0.4115372896
0.4138796329
0.4164337814
0.4179569781
0.4194303155
0.4217472076
0.4240310490
0.4264441133
0.4289681017
0.4315837622
0.4343649745
0.4370754659
0.4395320415
0.4417605400
0.4438597858
0.4456770420
0.4472903907
0.4482344091
0.4492408633
0.4506937265
0.4523282945
0.4539766014
0.4560064673
0.4579604268
0.4600625634
0.4621271193
0.4642110169
0.4659728706
0.4674900770
0.4687829614
0.4699735045
0.4705938697
0.4712398946
0.4722734094
0.4734151959
0.4747256935
0.4764019847
0.4780352414
0.4798462391
0.4816852510
0.4833964109
0.4849181473
0.4860427082
0.4869830906
0.4878679812
0.4883581996
0.4888950288
0.4895933867
0.4905110300
0.4916096926
0.4929666519
0.4942325652
0.4956529438
0.4973212779
0.4986365438
0.4997918904
0.5008865595
0.5017830133
0.5025064349
0.5028495193
0.5032883883
0.5040808320
0.5048534274
0.5057933331
0.5066885948
0.5077347159
0.5089637041
0.5101588964
0.5111376047
0.5119091868
0.5126357079
0.5134212971
0.5146228671
0.5141974092
0.5143218040
0.5134716034
0.5133587122
0.5138846040
0.5146772265
0.5153781772
0.5161668658
0.5170378089
0.5179070234
0.5186678767
0.5192818046
0.5198353529
0.5203433633
0.5207788348
0.5209458470
0.5211337805
0.5215623379
0.5220385194
0.5224953890
0.5230752230
0.5237451792
0.5245299935
0.5251318812
0.5257049203
0.5261862874
0.5266123414
0.5270093679
0.5273349881
0.5273838639
0.5274614096
0.5278187990
0.5281801224
0.5286331773
0.5291056633
0.5295390487
0.5300069451
0.5305181742
0.5309876800
0.5314084888
0.5318050981
0.5320835710
0.5323150158
0.5323407054
0.5323804617
0.5326368809
0.5330153704
0.5333578587
0.5337382555
0.5341649055
0.5345239043
0.5349296927
0.5353041887
0.5356779695
0.5359904766
0.5362325907
0.5364986658
0.5365368724
0.5365499258
0.5367558002
0.5370292664
0.5372427106
0.5375453234
0.5378571153
0.5381708741
0.5385379195
0.5388712883
0.5391452312
0.5394077301
0.5396419764
0.5398594141
0.5398488641
0.5398198366
0.5399419069
0.5400847793
0.5402808785
0.5405666828
0.5408021212
0.5410667658
0.5413743854
0.5416455865
0.5419500470
0.5421664715
0.5423914790
0.5426174998
0.5426311493
0.5426776409
0.5428484082
0.5430203080
0.5432013273
0.5434496403
0.5436730981
0.5439184308
0.5441963673
0.5445097089
0.5447297692
0.5449696183
0.5452773571
0.5455780625
