0.1721157432
0.2465095520
0.2782489955
0.2977989614
0.3121894896
0.3242253661
0.3348250091
0.3446443081
0.3537074327
0.3620816469
0.3694176078
0.3761262000
0.3820463717
0.3877310157
0.3924058080
0.3960978687
0.4004532695
0.4045554399
0.4083934128
0.4122891128
0.4161927700
0.4199270308
0.4238963723
0.4273434281
0.4308676720
0.4340100288
0.4365476668
0.4393503964
0.4411986470
0.4430657327
0.4456096590
0.4479318559
0.4504637718
0.4530274868
0.4555619657
0.4581968188
0.4606788456
0.4630372226
0.4653036296
0.4673945010
0.4693556130
0.4710668027
0.4721774459
0.4734848142
0.4751193225
0.4768218100
0.4784944355
0.4805219471
0.4824241400
0.4844174087
0.4862908423
0.4881920218
0.4898477495
0.4913472831
0.4927683473
0.4941001236
0.4949847758
0.4959062934
0.4971407056
0.4982583225
0.4996258318
0.5012201071
0.5028032660
0.5044527650
0.5061382651
0.5077041388
0.5091643333
0.5102697611
0.5112795234
0.5122363567
0.5128188133
0.5135385394
0.5143719316
0.5152786374
0.5163609982
0.5176626444
0.5189865232
0.5203429461
0.5219498873
0.5232549310
0.5243833661
0.5254594088
0.5263645053
0.5270271301
0.5273487568
0.5278564095
0.5287590027
0.5295542479
0.5304648876
0.5313710570
0.5324177146
0.5335559845
0.5347977877
0.5358130932
0.5365753174
0.5373768806
0.5383015275
0.5396847725
0.5383712649
0.5399542451
0.5389482975
0.5386425257
0.5393108726
0.5401191711
0.5408569574
0.5416786075
0.5426045060
0.5434967279
0.5443164110
0.5450105667
0.5456504822
0.5461994410
0.5466561317
0.5468657017
0.5471107364
0.5476185679
0.5481576324
0.5486906767
0.5493693948
0.5500099659
0.5506969094
0.5512955785
0.5518953800
0.5524061322
0.5528781414
0.5532943606
0.5536787510
0.5537416935
0.5538517237
0.5542430878
0.5546520948
0.5551598072
0.5556886196
0.5561694503
0.5566822290
0.5572032928
0.5576667786
0.5581030846
0.5585481524
0.5588635802
0.5590972304
0.5591532588
0.5592163205
0.5595114827
0.5598647594
0.5602130890
0.5606362820
0.5611342788
0.5615206361
0.5619384050
0.5623456240
0.5627485514
0.5630564690
0.5633122921
0.5635629892
0.5636203289
0.5636202097
0.5638797283
0.5641723275
0.5643688440
0.5646563768
0.5649425387
0.5652852058
0.5656455159
0.5659577250
0.5662520528
0.5665623546
0.5668374896
0.5670709014
0.5670372844
0.5670278072
0.5671777129
0.5673245788
0.5675380826
0.5678024292
0.5680186152
0.5682856441
0.5685811043
0.5688488483
0.5691804290
0.5693950653
0.5696439147
0.5698882341
0.5699018836
0.5699126720
0.5700399280
0.5701946616
0.5703545213
0.5705813169
0.5707880259
0.5710285902
0.5712765455
0.5715394020
0.5717436671
0.5719892383
0.5723142028
0.5725234151
