0.9257375598
0.9344314933
0.9367777705
0.9357040524
0.9356723428
0.9356160164
0.9356350303
0.9357352853
0.9356529117
0.9353165627
0.9356492758
0.9351551533
0.9355690479
0.9342031479
0.9344804883
0.9381631017
0.9379482269
0.9352847934
0.9346872568
0.9347655773
0.9347609282
0.9351059794
0.9346273541
0.9345539808
0.9346774817
0.9345718622
0.9353791475
0.9352313876
0.9346979856
0.9377920628
0.9379533529
0.9358553886
0.9353193641
0.9351823330
0.9350610375
0.9350171685
0.9347022772
0.9342352748
0.9345850945
0.9344404340
0.9344867468
0.9356753826
0.9354439378
0.9380120039
0.9380452037
0.9358273149
0.9349720478
0.9349945784
0.9349815845
0.9353860617
0.9349099398
0.9347746968
0.9349604249
0.9345406890
0.9348197579
0.9357089996
0.9352646470
0.9382579327
0.9384222031
0.9360504746
0.9355499148
0.9357158542
0.9355219007
0.9360954762
0.9354723096
0.9351328015
0.9358717203
0.9350441098
0.9353981018
0.9354429841
0.9357386827
0.9386178851
0.9385650158
0.9364618659
0.9359778762
0.9355636835
0.9356552362
0.9361052513
0.9354859591
0.9354252815
0.9359973669
0.9354329109
0.9354720712
0.9360657334
0.9356320500
0.9386635423
0.9388328195
0.9364626408
0.9354807138
0.9357106686
0.9355899096
0.9355427623
0.9359334111
0.9359841347
0.9358798862
0.9355023503
0.9358898401
0.9342371225
0.9228509665
0.9361655116
0.9394354224
0.9392632842
0.9364494085
0.9358443618
0.9356864691
0.9357606173
0.9363365173
0.9358263612
0.9354013205
0.9361292124
0.9355952740
0.9358633161
0.9364367723
0.9358915091
0.9387033582
0.9392299056
0.9369274378
0.9360681176
0.9362186193
0.9359769821
0.9362431169
0.9352967739
0.9355849624
0.9358863831
0.9358504415
0.9357571006
0.9364892244
0.9358126521
0.9388360381
0.9396317005
0.9365468621
0.9363017082
0.9362139106
0.9358999729
0.9359250069
0.9355685711
0.9358088970
0.9358940721
0.9353086352
0.9358993173
0.9362297654
0.9361619353
0.9391708970
0.9398084879
0.9370303154
0.9359625578
0.9357597232
0.9354518056
0.9360463023
0.9357780814
0.9358034134
0.9358730316
0.9354875088
0.9357488751
0.9368090630
0.9365058541
0.9393206239
0.9399497509
0.9372583628
0.9363072515
0.9360083938
0.9360956550
0.9366298318
0.9359768629
0.9359014630
0.9358804822
0.9358081222
0.9362326860
0.9366036654
0.9361788630
0.9395509362
0.9398790002
0.9370898604
0.9360992908
0.9357932210
0.9361314774
0.9359145761
0.9357029200
0.9356958270
0.9360635877
0.9360111952
0.9366015196
0.9369227290
0.9368984699
0.9411805868
0.9419250488
0.9392234087
0.9384202361
0.9382869005
0.9381056428
0.9383094907
0.9380193949
0.9379847050
0.9385032654
0.9381418824
0.9392641187
0.9370320439
