0.6714040041
0.7190533876
0.7327531576
0.7419210672
0.7473449707
0.7520904541
0.7557672262
0.7590170503
0.7613793015
0.7635003328
0.7651730180
0.7670472264
0.7690998316
0.7716732025
0.7742440701
0.7763835192
0.7756618857
0.7765858173
0.7768156528
0.7772224545
0.7773606181
0.7775536180
0.7779009342
0.7779521942
0.7781734467
0.7785688043
0.7791118026
0.7803499103
0.7814982533
0.7832258344
0.7823009491
0.7824866772
0.7825354338
0.7826065421
0.7828251123
0.7830451727
0.7829939127
0.7828140259
0.7828989625
0.7831583619
0.7835336924
0.7844631076
0.7850657701
0.7863163352
0.7854213119
0.7853210568
0.7853542566
0.7852485180
0.7853257656
0.7853013873
0.7851608992
0.7849148512
0.7847462893
0.7850859165
0.7853200436
0.7860023379
0.7865502834
0.7878243923
0.7865750194
0.7866482139
0.7866816521
0.7865929008
0.7865239978
0.7865289450
0.7863253951
0.7861584425
0.7860441208
0.7861225605
0.7863984108
0.7870644331
0.7877833247
0.7890680432
0.7879117131
0.7879675627
0.7878937721
0.7877184153
0.7876680493
0.7878078222
0.7876979709
0.7874332070
0.7873244882
0.7874662280
0.7874129415
0.7879630327
0.7886341214
0.7901168466
0.7887265682
0.7887080908
0.7887203693
0.7888171077
0.7888587713
0.7889374495
0.7888506651
0.7886389494
0.7886609435
0.7887862325
0.7886935472
0.7890753746
0.7894438505
0.7888036966
0.7896161675
0.7888915539
0.7888625264
0.7888376117
0.7890747190
0.7889882326
0.7891384363
0.7889508009
0.7888185382
0.7887689471
0.7887489796
0.7887705564
0.7894507647
0.7899404168
0.7912887335
0.7900435328
0.7899457216
0.7900738716
0.7901514173
0.7899482846
0.7900305390
0.7900007963
0.7899559736
0.7898054123
0.7898502946
0.7897569537
0.7905113101
0.7911197543
0.7922012210
0.7908032537
0.7908143997
0.7908211946
0.7909879684
0.7908331156
0.7910688519
0.7910556197
0.7908999920
0.7907866836
0.7907343507
0.7908169627
0.7913553119
0.7919318676
0.7930190563
0.7917792201
0.7917090654
0.7916365862
0.7916336656
0.7914956808
0.7916408181
0.7916926742
0.7914987206
0.7914221287
0.7913246751
0.7913536429
0.7917931676
0.7923920751
0.7934816480
0.7923575044
0.7922185063
0.7921420932
0.7921795249
0.7921577692
0.7922055721
0.7922658324
0.7923212051
0.7922621369
0.7922086120
0.7923032641
0.7928003073
0.7933951020
0.7946318984
0.7936035991
0.7936194539
0.7936248779
0.7937092781
0.7937386632
0.7938836217
0.7938358188
0.7937458754
0.7936689258
0.7936103344
0.7936545610
0.7940424681
0.7944338918
0.7959285378
0.7954552770
0.7954540849
0.7955648899
0.7960754633
0.7963025570
0.7966040373
0.7967660427
0.7968990207
0.7971248031
0.7971636653
0.7973689437
0.7979966402
