0.3933082819
0.4457135201
0.4720470011
0.4926507771
0.5099712610
0.5231976509
0.5345680118
0.5444511771
0.5540385246
0.5619067550
0.5689175725
0.5746226311
0.5796003938
0.5848913789
0.5892974734
0.5932454467
0.5978782773
0.6016440392
0.6051419377
0.6088139415
0.6122909784
0.6157220602
0.6194025278
0.6225144267
0.6254617572
0.6280938983
0.6303972602
0.6326531768
0.6351286769
0.6372221112
0.6386845112
0.6401520371
0.6421455145
0.6443933249
0.6462752819
0.6479769945
0.6499031782
0.6515416503
0.6532993913
0.6548399925
0.6561199427
0.6573967338
0.6593259573
0.6608447433
0.6618518233
0.6627854705
0.6640142798
0.6653358936
0.6667486429
0.6681845188
0.6693851352
0.6705181599
0.6717970371
0.6731147170
0.6741546392
0.6749587059
0.6761819124
0.6770597100
0.6777379513
0.6784985065
0.6793401241
0.6803640723
0.6812917590
0.6822604537
0.6833091378
0.6842727661
0.6852056384
0.6861742139
0.6867559552
0.6874428391
0.6885844469
0.6894758344
0.6899554729
0.6903474331
0.6909239292
0.6916320920
0.6921498775
0.6928774714
0.6936936378
0.6942402124
0.6948930025
0.6954748631
0.6960718632
0.6964737177
0.6974369884
0.6980482340
0.6982169747
0.6985114217
0.6989714503
0.6994687915
0.6999356747
0.7004786730
0.7010038495
0.7014335990
0.7017763257
0.7018904686
0.7027913332
0.7062942386
0.6967305541
0.7000565529
0.7073720694
0.6982468963
0.6975769401
0.6970650554
0.6970387697
0.6972721219
0.6976290345
0.6979392767
0.6983509660
0.6986807585
0.6990678310
0.6992416382
0.6996272206
0.7001962662
0.7006051540
0.7007129788
0.7009752989
0.7012237310
0.7014641166
0.7017557621
0.7022037506
0.7027001381
0.7031725049
0.7035051584
0.7038710713
0.7040109634
0.7043193579
0.7051205039
0.7055592537
0.7056214213
0.7057532668
0.7060446739
0.7063837051
0.7066342235
0.7069678307
0.7073587179
0.7078140378
0.7083354592
0.7087881565
0.7089957595
0.7091266513
0.7098805308
0.7104169130
0.7104986906
0.7105562091
0.7108277678
0.7110696435
0.7113931179
0.7116798162
0.7120024562
0.7123280168
0.7127884626
0.7131104469
0.7132939100
0.7136082649
0.7142388225
0.7146117091
0.7146034241
0.7147569656
0.7151623368
0.7154628038
0.7156968117
0.7159445882
0.7162225842
0.7166071534
0.7169326544
0.7173006535
0.7175104618
0.7178720236
0.7184957266
0.7188269496
0.7189280391
0.7190948129
0.7193689346
0.7197264433
0.7201120853
0.7204930186
0.7208482027
0.7213441133
0.7216316462
0.7219020128
0.7221730947
0.7226595283
0.7231647372
0.7230108380
0.7229265571
0.7230687737
0.7234475613
0.7236589789
0.7239809632
0.7241287231
0.7243221998
0.7246534228
0.7249201536
0.7252244353
0.7255996466
0.7257483006
