0.6146570444
0.6680132747
0.6941444278
0.7096464634
0.7226076126
0.7329670787
0.7419437170
0.7498623133
0.7568946481
0.7628942132
0.7682731748
0.7725098729
0.7762470245
0.7798523307
0.7830229998
0.7857108116
0.7888370156
0.7911269665
0.7934794426
0.7962598205
0.7984575033
0.8010667562
0.8036594391
0.8053786755
0.8070988655
0.8088669181
0.8096893430
0.8112195730
0.8122762442
0.8133695722
0.8138520718
0.8145106435
0.8161263466
0.8176168799
0.8191498518
0.8204511404
0.8217870593
0.8228457570
0.8238267899
0.8245911598
0.8252825737
0.8260716796
0.8268517852
0.8272939324
0.8277805448
0.8282424808
0.8289999962
0.8297929764
0.8310282230
0.8319553137
0.8328689337
0.8336822391
0.8345573545
0.8351786733
0.8358683586
0.8361487985
0.8366231322
0.8369377851
0.8369920254
0.8374751806
0.8380500674
0.8386741877
0.8394129276
0.8401383162
0.8409386873
0.8414588571
0.8420940638
0.8428063989
0.8428671360
0.8432825804
0.8434597254
0.8435457945
0.8439841866
0.8442102075
0.8444139957
0.8449180126
0.8453271985
0.8459737897
0.8465197682
0.8469245434
0.8475755453
0.8476853371
0.8480118513
0.8481262326
0.8485316634
0.8485971689
0.8484542370
0.8485187292
0.8490456939
0.8493459225
0.8499076366
0.8505495191
0.8511858582
0.8516328931
0.8514973521
0.8513175845
0.8667248487
0.9470453262
0.8805275559
0.8775691390
0.8619758487
0.8630104661
0.8484597206
0.8465218544
0.8432611227
0.8421291113
0.8420674801
0.8423111439
0.8426828980
0.8429161906
0.8431733847
0.8430230021
0.8434339166
0.8434147835
0.8434028029
0.8433554769
0.8435827494
0.8439102173
0.8439542651
0.8443595767
0.8446868062
0.8452290893
0.8454873562
0.8456485868
0.8460440636
0.8458162546
0.8456393480
0.8461630344
0.8458187580
0.8458156586
0.8457750678
0.8461686969
0.8464899063
0.8466220498
0.8470341563
0.8473976851
0.8475990295
0.8480518460
0.8480290174
0.8480676413
0.8477914333
0.8481268287
0.8478469849
0.8479611278
0.8480066657
0.8481064439
0.8482399583
0.8485734463
0.8487342596
0.8490768671
0.8492813110
0.8496183157
0.8495830297
0.8495208025
0.8496483564
0.8501146436
0.8496666551
0.8495112062
0.8495972753
0.8497312665
0.8499054909
0.8499702215
0.8501295447
0.8502762318
0.8505162597
0.8507481813
0.8508901000
0.8507793546
0.8510403633
0.8512575626
0.8507686257
0.8510322571
0.8509985805
0.8509868979
0.8512191176
0.8511935472
0.8513317108
0.8515503407
0.8517317772
0.8515175581
0.8516768813
0.8515331149
0.8524102569
0.8525704145
0.8520054221
0.8517463207
0.8520179987
0.8520409465
0.8523327112
0.8525629640
0.8525063992
0.8528506756
0.8528110385
0.8525559306
0.8528353572
0.8531119227
0.8538334966
