0.8293320537
0.8565955162
0.8636344671
0.8643994927
0.8658044338
0.8680115342
0.8688421845
0.8694159389
0.8710870147
0.8714847565
0.8714963794
0.8716347814
0.8730726242
0.8749500513
0.8784928322
0.8758973479
0.8771011829
0.8739811182
0.8746016622
0.8748863339
0.8743902445
0.8753021955
0.8762614727
0.8761599064
0.8759620190
0.8755421638
0.8764192462
0.8779947162
0.8811601400
0.8783529997
0.8794593811
0.8764552474
0.8771234751
0.8771959543
0.8764114380
0.8771068454
0.8779148459
0.8778989911
0.8779734969
0.8779649138
0.8780380487
0.8798886538
0.8820125461
0.8800588250
0.8808551431
0.8773932457
0.8778727651
0.8782674670
0.8778986335
0.8787141442
0.8797487617
0.8796570301
0.8791224957
0.8783472776
0.8787675500
0.8806979656
0.8828994036
0.8806593418
0.8816891313
0.8785880208
0.8789752722
0.8789992332
0.8785829544
0.8794974089
0.8800026178
0.8802288771
0.8803186417
0.8796340823
0.8798951507
0.8812738657
0.8834732175
0.8813468814
0.8821895719
0.8787634373
0.8791046739
0.8792480826
0.8792300820
0.8796614408
0.8805644512
0.8808107972
0.8804822564
0.8800087571
0.8801336884
0.8813372850
0.8834560513
0.8808849454
0.8819186687
0.8791621327
0.8791431189
0.8799210787
0.8796600699
0.8801438212
0.8811784983
0.8814419508
0.8808202147
0.8799840212
0.8799369931
0.8801935911
0.8744961619
0.8708623052
0.8798288703
0.8817383051
0.8784021139
0.8788892031
0.8796734214
0.8793720007
0.8799625635
0.8810285926
0.8808736205
0.8806128502
0.8800238967
0.8797072768
0.8813668489
0.8838860393
0.8808708191
0.8825375438
0.8792424798
0.8797578216
0.8800604939
0.8798985481
0.8803015947
0.8813669682
0.8813741803
0.8811677098
0.8800110817
0.8798809052
0.8815245032
0.8841579556
0.8811473250
0.8820849657
0.8791240454
0.8800480962
0.8802828789
0.8801586032
0.8803241849
0.8814575076
0.8816886544
0.8812342286
0.8803414702
0.8803116083
0.8815824389
0.8835538030
0.8807284236
0.8820652366
0.8794530630
0.8798012137
0.8805221319
0.8798577785
0.8804998398
0.8815824389
0.8815471530
0.8811097145
0.8804870248
0.8803181648
0.8814641833
0.8839294910
0.8805554509
0.8817496896
0.8793045878
0.8797867298
0.8799536228
0.8798725009
0.8803942800
0.8813425303
0.8815806508
0.8809722662
0.8804364204
0.8799111247
0.8815051913
0.8840124011
0.8804456592
0.8817569017
0.8792849183
0.8795460463
0.8798580766
0.8795017600
0.8800191283
0.8805838823
0.8810188174
0.8809346557
0.8802741766
0.8796945214
0.8815503120
0.8845009208
0.8818894625
0.8829413652
0.8804396987
0.8807260990
0.8809434175
0.8806858659
0.8809535503
0.8817647099
0.8816161156
0.8813711405
0.8809689879
0.8807138205
0.8828089237
