0.8321875930
0.8546481729
0.8816280365
0.8903444409
0.8952120543
0.8971170783
0.9187324047
0.9190124273
0.9103124738
0.9048340321
0.9243755341
0.9122757316
0.9149276018
0.9119719863
0.9203945398
0.9161288738
0.9094625711
0.9073332548
0.9077687860
0.9060839415
0.9243788719
0.9261196852
0.9162154794
0.9092492461
0.9312562346
0.9164719582
0.9200489521
0.9151023626
0.9209700227
0.9162995219
0.9090095162
0.9070869684
0.9075931907
0.9060474634
0.9241020679
0.9258979559
0.9160203338
0.9090294242
0.9304348826
0.9156163335
0.9196425080
0.9149639010
0.9214658737
0.9165912867
0.9091855288
0.9072895050
0.9078513384
0.9063690901
0.9242919683
0.9263193011
0.9164285064
0.9094437361
0.9310276508
0.9158728123
0.9199020267
0.9150829911
0.9216166735
0.9167429209
0.9090631008
0.9072191119
0.9078512788
0.9065523148
0.9246352911
0.9268801212
0.9169675708
0.9100462794
0.9318886399
0.9165548086
0.9206126928
0.9156020284
0.9220700860
0.9172310233
0.9095950127
0.9076536894
0.9083213806
0.9070537090
0.9253459573
0.9275833964
0.9175469279
0.9104659557
0.9322018027
0.9168286324
0.9212027192
0.9160223007
0.9220526814
0.9174848199
0.9099743962
0.9082469344
0.9088836312
0.9074472189
0.9257047176
0.9282525182
0.9182114005
0.9110118151
0.9329878688
0.9176472425
0.9220582247
0.9159811735
0.9204539657
0.9213793874
0.9174193740
0.9096953869
0.9078047276
0.9089197516
0.9076122046
0.9263258576
0.9290078282
0.9186882973
0.9114148021
0.9335038662
0.9178066850
0.9224215746
0.9166405201
0.9223400354
0.9174355268
0.9100892544
0.9082332253
0.9089280963
0.9076464176
0.9257152081
0.9282034039
0.9181151986
0.9109774828
0.9326778650
0.9171984196
0.9220483303
0.9163572788
0.9222491384
0.9171900153
0.9097863436
0.9080174565
0.9084948897
0.9072992206
0.9254209399
0.9280794859
0.9180267453
0.9108299017
0.9319361448
0.9166498184
0.9218471646
0.9160511494
0.9218112826
0.9167619348
0.9095567465
0.9077939391
0.9083917141
0.9071873426
0.9254194498
0.9281499982
0.9180943966
0.9108039737
0.9321370721
0.9166674614
0.9212055206
0.9155172110
0.9211707711
0.9160931110
0.9090095758
0.9074503779
0.9078271389
0.9066481590
0.9253444672
0.9279842973
0.9179096222
0.9106016755
0.9315757155
0.9162653685
0.9208711982
0.9152125716
0.9209548831
0.9161366224
0.9091261625
0.9073529840
0.9078075290
0.9066218734
0.9245785475
0.9272722602
0.9174220562
0.9103292227
0.9319710135
0.9164643288
0.9212897420
0.9154746532
0.9209821224
0.9166509509
0.9098780155
0.9077830911
0.9077199697
0.9062444568
0.9226796031
0.9247820377
0.9153703451
0.9087443948
0.9269446731
0.9131835699
0.9162227511
0.9121388793
