0.8691946864
0.8797099590
0.8860427737
0.8896862268
0.8909404874
0.8921548724
0.8914458156
0.8915542960
0.8938931823
0.8936018348
0.8936128616
0.8939713240
0.8954992294
0.9005492926
0.9001545906
0.8980725408
0.8978021145
0.8972986937
0.8971203566
0.8976481557
0.8961930871
0.8958914280
0.8975496292
0.8968933821
0.8969890475
0.8967496157
0.8979895711
0.9031610489
0.9024702907
0.8994005322
0.8993847966
0.8992614746
0.8988063335
0.8989504576
0.8971743584
0.8966250420
0.8983162045
0.8978261352
0.8977838755
0.8980615735
0.8993258476
0.9044377804
0.9034536481
0.9005185366
0.9003879428
0.9001649618
0.8996909857
0.8996005654
0.8976992965
0.8969778419
0.8985620141
0.8983339667
0.8981176019
0.8982309103
0.8998845816
0.9050825238
0.9040713906
0.9013265967
0.9008915424
0.9004398584
0.9001907706
0.8997786045
0.8977596164
0.8972439170
0.8989486694
0.8987418413
0.8986474872
0.8990226388
0.9004011750
0.9055114388
0.9049412608
0.9019443393
0.9011872411
0.9006220698
0.9004185796
0.8998520374
0.8981197476
0.8973791003
0.8989594579
0.8987788558
0.8986434340
0.8990374207
0.9005244374
0.9057306051
0.9048003554
0.9016056061
0.9012697339
0.9005135894
0.9000687599
0.8993375301
0.8972645402
0.8962301016
0.8979931474
0.8979920745
0.8980194330
0.8983606100
0.8998184204
0.9038957357
0.8936340213
0.8977128267
0.9006227255
0.9003814459
0.8996435404
0.8995255828
0.8983943462
0.8963027000
0.8953207731
0.8973159790
0.8972808719
0.8973045349
0.8972918987
0.8993616700
0.9046797156
0.9042373896
0.9011468887
0.9006295204
0.8997794986
0.8993528485
0.8981832862
0.8959750533
0.8952341080
0.8972172141
0.8972615600
0.8971361518
0.8974335790
0.8993476033
0.9043864012
0.9037818313
0.9004785419
0.9002150893
0.8994098306
0.8992101550
0.8979058862
0.8957672119
0.8948982358
0.8971765637
0.8974742889
0.8971924782
0.8971651196
0.8990597725
0.9040514827
0.9031368494
0.9000703096
0.8998731971
0.8991197944
0.8989781737
0.8979412913
0.8958010077
0.8945788145
0.8972443342
0.8973929286
0.8968283534
0.8968545794
0.8986504078
0.9035695195
0.9026313424
0.8991002440
0.8993067145
0.8985322118
0.8979455829
0.8971734643
0.8954128623
0.8948094845
0.8972367644
0.8971227407
0.8965011239
0.8963612318
0.8982016444
0.9029904604
0.9021593928
0.8988596797
0.8988526464
0.8980662227
0.8975926638
0.8968104720
0.8950954676
0.8944925070
0.8967720866
0.8967167139
0.8962897062
0.8961491585
0.8974848986
0.9026898742
0.9027933478
0.8996413946
0.8991186023
0.8984566331
0.8982002735
0.8976041079
0.8955627680
0.8944126368
0.8966810107
0.8971379995
0.8966920376
0.8963158727
0.8975493908
0.9022948742
