0.6887516975
0.7514875531
0.7635783553
0.7699551582
0.7745502591
0.7779648304
0.7806458473
0.7828794718
0.7853941917
0.7875888348
0.7892094851
0.7904766202
0.7910562754
0.7925863266
0.7953746319
0.7980170846
0.7979056239
0.7983211875
0.7983641028
0.7985568047
0.7985307574
0.7993848324
0.7998535633
0.8004308343
0.8009482026
0.8011794090
0.8012652397
0.8015996814
0.8026939631
0.8045056462
0.8044657111
0.8052103519
0.8050866723
0.8052271008
0.8050812483
0.8053127527
0.8056833148
0.8059533834
0.8060891628
0.8065408468
0.8064794540
0.8066603541
0.8073300123
0.8089070320
0.8088540435
0.8090494275
0.8091531396
0.8088451028
0.8092451692
0.8090000749
0.8093330264
0.8100005388
0.8100636005
0.8102111220
0.8099334836
0.8099764585
0.8101856709
0.8122676015
0.8118342757
0.8118698001
0.8121017218
0.8119654655
0.8118675351
0.8119620085
0.8121466637
0.8126847744
0.8126288056
0.8128277063
0.8124654889
0.8126484752
0.8127373457
0.8141696453
0.8137426972
0.8138975501
0.8142861128
0.8140517473
0.8138248324
0.8135656714
0.8134388328
0.8139732480
0.8140124083
0.8138811588
0.8135788441
0.8134594560
0.8139206171
0.8153227568
0.8150451779
0.8148479462
0.8148928881
0.8149014711
0.8145157099
0.8143406510
0.8143314123
0.8145525455
0.8147506714
0.8146080375
0.8144863844
0.8143500686
0.8144323230
0.8098528385
0.8139261603
0.8145292401
0.8145928383
0.8149092197
0.8148791790
0.8151597977
0.8144523501
0.8144516349
0.8146870136
0.8145452738
0.8146618605
0.8144078851
0.8145892024
0.8150554895
0.8164185882
0.8164008260
0.8161097765
0.8159584403
0.8158090711
0.8156539798
0.8155360818
0.8152090311
0.8152441978
0.8153765798
0.8154693246
0.8152590394
0.8153243661
0.8157731295
0.8170503974
0.8169843554
0.8166109324
0.8167929649
0.8162873387
0.8162043691
0.8161313534
0.8158558607
0.8159195185
0.8160785437
0.8161759377
0.8161987066
0.8161396980
0.8163513541
0.8177452683
0.8176569343
0.8171620369
0.8171282411
0.8169459105
0.8166377544
0.8161987066
0.8161030412
0.8162578344
0.8162993193
0.8164177537
0.8162977695
0.8160865307
0.8166774511
0.8181348443
0.8177659512
0.8177707195
0.8177897334
0.8172971606
0.8170626163
0.8166785240
0.8165622950
0.8165380359
0.8165925741
0.8168328404
0.8166599274
0.8166952133
0.8175721169
0.8183726072
0.8183922768
0.8178871870
0.8178434372
0.8175279498
0.8175208569
0.8172706366
0.8171880245
0.8175334334
0.8174999356
0.8174950480
0.8175367713
0.8175047636
0.8181487918
0.8190603256
0.8190900683
0.8187243938
0.8190147877
0.8187744617
0.8188020587
0.8186170459
0.8187261224
0.8190545440
0.8191741109
0.8192020059
0.8190390468
0.8191509247
