0.8919353485
0.8995254636
0.9024001956
0.9042034149
0.9052500129
0.9061537385
0.9062901139
0.9066491127
0.9067388773
0.9066967368
0.9061366320
0.9063289762
0.9066176414
0.9102915525
0.9164510369
0.9104087353
0.9097461104
0.9098911881
0.9099215865
0.9099321365
0.9097137451
0.9095664620
0.9096853733
0.9090206027
0.9086194634
0.9085536599
0.9083576798
0.9123503566
0.9175806046
0.9111998081
0.9105208516
0.9107091427
0.9107215405
0.9107107520
0.9103909135
0.9104313254
0.9103327394
0.9098378420
0.9094797969
0.9091511369
0.9091013670
0.9132100940
0.9179064035
0.9117887616
0.9111093283
0.9112408161
0.9111223817
0.9111879468
0.9110578895
0.9108359218
0.9106826186
0.9104095697
0.9099455476
0.9095141292
0.9098457098
0.9138258696
0.9183781743
0.9122954011
0.9115601182
0.9117291570
0.9119151831
0.9118723273
0.9114925265
0.9115130305
0.9115224481
0.9111273885
0.9106769562
0.9102925658
0.9102162123
0.9141453505
0.9188103080
0.9124518037
0.9119641781
0.9122081995
0.9122342467
0.9121189117
0.9119107127
0.9117817879
0.9121184349
0.9115170836
0.9108437896
0.9105441570
0.9102679491
0.9139564633
0.9189426303
0.9125978947
0.9120203257
0.9120930433
0.9121421576
0.9124405980
0.9123750329
0.9121105075
0.9121838808
0.9118200541
0.9112568498
0.9106698632
0.9104843736
0.9128361940
0.9061167836
0.9124322534
0.9109689593
0.9112888575
0.9117910266
0.9119125009
0.9121378660
0.9122166038
0.9120373726
0.9122502804
0.9118363857
0.9111223221
0.9108272195
0.9108865261
0.9145880342
0.9195015430
0.9132335186
0.9123011231
0.9125148058
0.9125247598
0.9129393101
0.9125266671
0.9123679399
0.9123463035
0.9118007421
0.9111996293
0.9111930728
0.9107405543
0.9143274426
0.9190860987
0.9128937125
0.9119259119
0.9122811556
0.9128119349
0.9129570723
0.9126513004
0.9125372171
0.9124219418
0.9122398496
0.9113217592
0.9107510448
0.9106932878
0.9142219424
0.9190461636
0.9127549529
0.9115091562
0.9118613601
0.9125152826
0.9127120972
0.9124504924
0.9120309949
0.9117825627
0.9115295410
0.9108633399
0.9105875492
0.9106396437
0.9139199257
0.9188704491
0.9124346375
0.9115151763
0.9117066860
0.9117496610
0.9120718241
0.9119007587
0.9117925167
0.9117348790
0.9112586975
0.9107846022
0.9106567502
0.9106255174
0.9135660529
0.9184672236
0.9122943282
0.9113608003
0.9115036726
0.9116489291
0.9118120074
0.9116729498
0.9113366008
0.9111496806
0.9108425379
0.9104833007
0.9102003574
0.9102217555
0.9133998752
0.9198117852
0.9136887193
0.9123907089
0.9124898314
0.9129371047
0.9131296873
0.9128949642
0.9127177000
0.9125046134
0.9121118784
0.9113419652
0.9110673070
0.9110631943
0.9139362574
