0.7313653231
0.7698602080
0.8168362379
0.8290900588
0.8360613585
0.8405508995
0.8441944718
0.8468437195
0.8487742543
0.8503628373
0.8514294028
0.8531727195
0.8551255465
0.8566884995
0.8596285582
0.8681807518
0.8679834008
0.8671481013
0.8666328192
0.8660898209
0.8659965992
0.8659865856
0.8660200238
0.8657371998
0.8654549122
0.8657249808
0.8666800261
0.8672590256
0.8693978190
0.8758441806
0.8749789596
0.8737503886
0.8724663854
0.8713849783
0.8709754944
0.8709841371
0.8705692887
0.8704416752
0.8698788285
0.8700897098
0.8707676530
0.8712161779
0.8737010956
0.8797766566
0.8784505129
0.8767487407
0.8755372167
0.8741969466
0.8735942245
0.8734085560
0.8731685877
0.8728606105
0.8723036051
0.8724172711
0.8729711771
0.8734752536
0.8757694364
0.8821027279
0.8803265691
0.8785563707
0.8770416975
0.8755880594
0.8748378754
0.8744211793
0.8740348220
0.8737500310
0.8734157085
0.8736196756
0.8741604686
0.8746849895
0.8771537542
0.8836853504
0.8814792633
0.8796008229
0.8779922724
0.8765421510
0.8756872416
0.8752288818
0.8749746680
0.8748529553
0.8743801713
0.8744908571
0.8749457002
0.8753598928
0.8775543571
0.8839210868
0.8820236325
0.8801491857
0.8785951734
0.8770366311
0.8760672808
0.8755225539
0.8752365708
0.8749663234
0.8744807839
0.8748348355
0.8754807115
0.8747902513
0.8744683862
0.8803598285
0.8791496754
0.8789176345
0.8777233958
0.8767467141
0.8756158948
0.8750500083
0.8748350143
0.8746013641
0.8743867874
0.8739712238
0.8742486238
0.8748952746
0.8754641414
0.8775641918
0.8837680221
0.8816214204
0.8797247410
0.8782001734
0.8766883016
0.8757510185
0.8752063513
0.8748914599
0.8746291399
0.8740899563
0.8743159175
0.8746910095
0.8750295043
0.8771396875
0.8833160400
0.8810506463
0.8792043328
0.8776550293
0.8762205243
0.8753612041
0.8748984933
0.8746510744
0.8744064569
0.8739229441
0.8739827275
0.8743912578
0.8746107817
0.8765153289
0.8823534250
0.8801839352
0.8784887791
0.8771105409
0.8757533431
0.8749594688
0.8744795918
0.8742634654
0.8739731908
0.8733966351
0.8734461069
0.8738180399
0.8740536571
0.8758454919
0.8814624548
0.8792695403
0.8777954578
0.8764820695
0.8750985265
0.8743169904
0.8740040064
0.8737707138
0.8735092878
0.8729457855
0.8730174303
0.8733021021
0.8737358451
0.8752322793
0.8807068467
0.8786091208
0.8769964576
0.8759828806
0.8748219013
0.8740268350
0.8735604882
0.8732292652
0.8728207946
0.8722962737
0.8723073602
0.8727141619
0.8730466366
0.8747054935
0.8808552027
0.8791293502
0.8778348565
0.8767303228
0.8757921457
0.8752754331
0.8749388456
0.8746010661
0.8743732572
0.8738666177
0.8737462759
0.8739171028
0.8740590811
