0.5174804330
0.5601914525
0.6208402514
0.6489718556
0.6630147696
0.6736514568
0.6815450788
0.6882737875
0.6931604743
0.6979073286
0.7020974159
0.7058632970
0.7095540166
0.7132174969
0.7165727019
0.7204576731
0.7229229212
0.7252769470
0.7265501618
0.7277876139
0.7288629413
0.7299342752
0.7308414578
0.7317643166
0.7328076363
0.7339478731
0.7353674173
0.7368559241
0.7383914590
0.7396528125
0.7407178283
0.7420203090
0.7424783707
0.7430499792
0.7436161637
0.7441293597
0.7446625233
0.7451192737
0.7455101013
0.7458581328
0.7466847301
0.7478905916
0.7488358617
0.7495483756
0.7502623796
0.7511129379
0.7514152527
0.7516126633
0.7518742681
0.7521444559
0.7523694038
0.7526981831
0.7529761195
0.7532976866
0.7540481687
0.7550160289
0.7557995915
0.7562468648
0.7567761540
0.7575333118
0.7576636672
0.7575892210
0.7576045394
0.7577843666
0.7578935623
0.7580375075
0.7580816746
0.7583509684
0.7589257956
0.7597551346
0.7604513168
0.7609032393
0.7612679601
0.7617428899
0.7617528439
0.7617741227
0.7617639899
0.7617611289
0.7615902424
0.7617408633
0.7616618276
0.7616196871
0.7620745301
0.7629486322
0.7635654211
0.7640469670
0.7645532489
0.7652184367
0.7651849985
0.7650558352
0.7648956180
0.7647563219
0.7645874619
0.7645652890
0.7644671798
0.7643122673
0.7647575140
0.7653948069
0.7655885816
0.7654523849
0.7644534707
0.7642915845
0.7647439241
0.7648365498
0.7648318410
0.7647278905
0.7646436691
0.7644693851
0.7644816637
0.7645211816
0.7645475268
0.7649287581
0.7657418847
0.7662669420
0.7665876150
0.7668915391
0.7673112154
0.7671741843
0.7669974566
0.7668135166
0.7666379213
0.7664490342
0.7662827373
0.7661960125
0.7660676837
0.7663820386
0.7670776844
0.7675467730
0.7676334381
0.7677742839
0.7681882381
0.7680693865
0.7679594159
0.7678540945
0.7676192522
0.7673694491
0.7671442628
0.7669607997
0.7668490410
0.7670794725
0.7676463723
0.7680749893
0.7682753801
0.7683136463
0.7685775161
0.7683900595
0.7681918740
0.7679882646
0.7677772045
0.7674442530
0.7671762705
0.7670112848
0.7668760419
0.7670200467
0.7675986886
0.7679773569
0.7681544423
0.7680699825
0.7684229016
0.7683113217
0.7680920959
0.7678757906
0.7676585913
0.7674281001
0.7672636509
0.7671250701
0.7669336796
0.7671154737
0.7676536441
0.7680108547
0.7681763768
0.7681314349
0.7684942484
0.7683683038
0.7682286501
0.7680135965
0.7677055001
0.7673795223
0.7672724128
0.7672055364
0.7671765089
0.7673225403
0.7678214908
0.7682130933
0.7685928345
0.7686911821
0.7691020370
0.7690669894
0.7689547539
0.7687409520
0.7684626579
0.7681164145
0.7679157257
0.7678016424
0.7676729560
0.7677738070
0.7680185437
