0.4466304183
0.5232769251
0.5500755310
0.5637515187
0.5737227201
0.5815477967
0.5879836082
0.5934153199
0.5981955528
0.6023644805
0.6060027480
0.6094169617
0.6125919819
0.6157125235
0.6185163260
0.6198441386
0.6211801767
0.6225740314
0.6239972711
0.6252894998
0.6264359951
0.6275490522
0.6288157701
0.6301838756
0.6315926313
0.6328990459
0.6342079639
0.6352941394
0.6366677284
0.6371801496
0.6378816366
0.6385648251
0.6392985582
0.6399453878
0.6407121420
0.6414409280
0.6421473026
0.6428499818
0.6435566545
0.6443839073
0.6452950239
0.6462147236
0.6473079324
0.6474388242
0.6477209330
0.6480387449
0.6484435201
0.6490234137
0.6494351029
0.6498865485
0.6504124999
0.6509372592
0.6515923738
0.6522452235
0.6529430151
0.6536182761
0.6544042230
0.6544315219
0.6545189023
0.6547579169
0.6550275087
0.6554355025
0.6557783484
0.6561507583
0.6565814018
0.6570359468
0.6575504541
0.6581255794
0.6588347554
0.6593782306
0.6602416635
0.6601422429
0.6601788998
0.6602064371
0.6604725122
0.6607408524
0.6610770226
0.6613362432
0.6617665291
0.6621448994
0.6625664234
0.6631132364
0.6635518074
0.6640958786
0.6648453474
0.6647698879
0.6648142338
0.6648836732
0.6652362943
0.6655958295
0.6659687757
0.6662880182
0.6666228771
0.6670504808
0.6674436331
0.6679555774
0.6684439778
0.6689039469
0.6694164872
0.6692151427
0.6690510511
0.6691615582
0.6693609953
0.6697130203
0.6700741649
0.6704350114
0.6707445383
0.6709921956
0.6713101864
0.6717239618
0.6721131802
0.6725766063
0.6730126739
0.6737484336
0.6737135053
0.6737932563
0.6738381386
0.6740629673
0.6743835211
0.6746693850
0.6748688221
0.6750851870
0.6754077077
0.6757048368
0.6761035323
0.6764772534
0.6769472361
0.6776431799
0.6774954200
0.6774594784
0.6774690747
0.6777712107
0.6780911684
0.6783038378
0.6785084605
0.6787163615
0.6790027618
0.6793249249
0.6796444654
0.6800156832
0.6803987622
0.6810260415
0.6809037328
0.6809577942
0.6811385751
0.6814008355
0.6816604733
0.6818676591
0.6821177602
0.6823777556
0.6826862097
0.6829879284
0.6832939386
0.6836667657
0.6840518117
0.6846086979
0.6845392585
0.6845924258
0.6846899986
0.6848810315
0.6851751804
0.6853893399
0.6856305599
0.6858977675
0.6860835552
0.6863118410
0.6866444945
0.6869726181
0.6873222589
0.6878665090
0.6877129674
0.6876581907
0.6878135800
0.6880975366
0.6883704066
0.6886209846
0.6888272166
0.6890751123
0.6893505454
0.6896419525
0.6899735332
0.6902735829
0.6905433536
0.6908164620
0.6904924512
0.6906452775
0.6911134124
0.6914207935
0.6917404532
0.6920178533
0.6922733188
0.6925774217
0.6928644776
0.6931687593
0.6934781075
0.6937295794
0.6939186454
