0.3567372262
0.4445941150
0.4765559137
0.4946258664
0.5087929964
0.5203654170
0.5305044651
0.5384100080
0.5457879901
0.5524768829
0.5583462119
0.5638616681
0.5699763298
0.5757470727
0.5804628134
0.5836216807
0.5866728425
0.5893604755
0.5919109583
0.5941210985
0.5962133408
0.5979709625
0.5998551846
0.6016411781
0.6034809947
0.6053860188
0.6072484255
0.6090683937
0.6105102301
0.6120484471
0.6138672233
0.6153514385
0.6166470647
0.6179854274
0.6192273498
0.6203559637
0.6215443611
0.6227497458
0.6240249872
0.6250978708
0.6263417602
0.6276016235
0.6285853386
0.6294630766
0.6304627061
0.6314051747
0.6322640181
0.6331459284
0.6340190172
0.6348903775
0.6357426047
0.6366159320
0.6375404596
0.6384563446
0.6394854188
0.6403250098
0.6409586072
0.6416617036
0.6423482299
0.6429775953
0.6435802579
0.6442437172
0.6448533535
0.6454440951
0.6460634470
0.6466412544
0.6472382545
0.6478531361
0.6484859586
0.6491345167
0.6497216821
0.6502899528
0.6508586407
0.6513697505
0.6518496871
0.6523488164
0.6528496146
0.6534090042
0.6539448500
0.6544867754
0.6549736261
0.6554676294
0.6559759974
0.6565238833
0.6569920778
0.6574206352
0.6578698158
0.6582987309
0.6586863995
0.6591422558
0.6596067548
0.6600772142
0.6604911685
0.6608854532
0.6612409949
0.6616062522
0.6619723439
0.6623481512
0.6625838280
0.6623561978
0.6627036929
0.6631152630
0.6635124683
0.6638895869
0.6642854214
0.6647036076
0.6650862694
0.6654958725
0.6658776999
0.6661812067
0.6665144563
0.6668781638
0.6672777534
0.6675906181
0.6678843498
0.6682490110
0.6686322093
0.6689627767
0.6693016887
0.6696431637
0.6699857116
0.6702714562
0.6705968380
0.6708822250
0.6711910367
0.6715156436
0.6718487144
0.6721364260
0.6724470854
0.6727948189
0.6730914116
0.6733924747
0.6737074256
0.6740141511
0.6742893457
0.6745934486
0.6748701334
0.6751134396
0.6753921509
0.6757257581
0.6760421395
0.6762796640
0.6765400767
0.6768727303
0.6772180796
0.6775254011
0.6778217554
0.6781194806
0.6784027815
0.6786713600
0.6789405346
0.6792029142
0.6794884801
0.6797958612
0.6800702810
0.6803103089
0.6806179285
0.6809369922
0.6812250018
0.6814879179
0.6817559600
0.6820408702
0.6823338270
0.6825766563
0.6828156114
0.6830622554
0.6833583713
0.6836982965
0.6840332747
0.6843034625
0.6846116781
0.6849247217
0.6852457523
0.6855533719
0.6858686209
0.6861614585
0.6864715219
0.6868028045
0.6870769262
0.6873797178
0.6877059937
0.6880163550
0.6883449554
0.6885862350
0.6890144348
0.6894640326
0.6898658872
0.6902675033
0.6906754971
0.6910660863
0.6914655566
0.6918590069
0.6922605634
0.6926464438
0.6930907369
0.6936620474
0.6941876411
