0.5145753026
0.6138486862
0.6474705338
0.6663162708
0.6793476939
0.6895483136
0.6990075111
0.7056062818
0.7108830810
0.7156329155
0.7189238667
0.7212178707
0.7233556509
0.7257545590
0.7293342948
0.7301160097
0.7317570448
0.7332974672
0.7348659039
0.7364347577
0.7380791306
0.7394679189
0.7408600450
0.7422339916
0.7432941794
0.7442378998
0.7448397279
0.7457786202
0.7471454740
0.7471652031
0.7480397820
0.7487753630
0.7495255470
0.7504038215
0.7514746189
0.7523376942
0.7533848882
0.7541557550
0.7545443773
0.7550053000
0.7553537488
0.7559632659
0.7569820285
0.7566578984
0.7569529414
0.7573119998
0.7577801347
0.7585271001
0.7593538761
0.7603768110
0.7611782551
0.7618564963
0.7621835470
0.7624096870
0.7624610066
0.7628424168
0.7637006044
0.7633223534
0.7635535598
0.7637515664
0.7639536858
0.7645136118
0.7652391195
0.7660906911
0.7667689323
0.7671878338
0.7673420906
0.7674675584
0.7673687935
0.7675486207
0.7684125900
0.7680969834
0.7681893110
0.7681301236
0.7681908607
0.7684809566
0.7690819502
0.7698213458
0.7703133225
0.7709095478
0.7710731626
0.7710962296
0.7709128261
0.7710760236
0.7718038559
0.7713708282
0.7713930607
0.7713408470
0.7714465261
0.7716429830
0.7721511722
0.7727688551
0.7732716799
0.7736526728
0.7736651301
0.7735939622
0.7733635902
0.7732610106
0.7731606364
0.7718532085
0.7719340324
0.7721586823
0.7723028660
0.7724676132
0.7726777196
0.7732138038
0.7737410069
0.7741993070
0.7744670510
0.7745680809
0.7745514512
0.7743452191
0.7745197415
0.7751661539
0.7746488452
0.7744119763
0.7742967606
0.7742828727
0.7743138075
0.7746798396
0.7751448750
0.7755411863
0.7758229375
0.7758676410
0.7758976817
0.7756949663
0.7757952809
0.7764123082
0.7759903669
0.7759002447
0.7758047581
0.7756617069
0.7758389711
0.7763761282
0.7767225504
0.7769179344
0.7770316601
0.7770366073
0.7770246267
0.7768558860
0.7769349813
0.7775391340
0.7771059871
0.7769834995
0.7770096660
0.7769359946
0.7770521641
0.7773038745
0.7775803804
0.7777311802
0.7777927518
0.7778578401
0.7778738141
0.7776541710
0.7776756287
0.7782327533
0.7778937817
0.7778126001
0.7776873112
0.7776704431
0.7777454853
0.7778366804
0.7780018449
0.7780804634
0.7781129479
0.7781472802
0.7781449556
0.7779554129
0.7780402899
0.7785694599
0.7782040238
0.7781089544
0.7780082226
0.7779381871
0.7780708671
0.7782001495
0.7784342170
0.7786167264
0.7787709832
0.7788336277
0.7788836360
0.7788839936
0.7789683938
0.7795295119
0.7791917324
0.7791322470
0.7790919542
0.7789793015
0.7789763808
0.7791747451
0.7793827057
0.7794583440
0.7794458866
0.7794424891
0.7793907523
0.7793760896
0.7795713544
