0.8457101583
0.8658949137
0.8697330356
0.8728858829
0.8754404187
0.8762546778
0.8768668175
0.8776652813
0.8789501190
0.8797626495
0.8806369901
0.8813667893
0.8817146420
0.8816171288
0.8811265826
0.8839247227
0.8842892647
0.8856374621
0.8860439062
0.8862830997
0.8868682384
0.8867316842
0.8874694705
0.8875260353
0.8877931833
0.8875848055
0.8882640004
0.8882904649
0.8889837265
0.8900743127
0.8892403245
0.8904548883
0.8896731138
0.8900538087
0.8898250461
0.8898390532
0.8901880980
0.8898028731
0.8903896213
0.8908367157
0.8913370967
0.8917744160
0.8922420740
0.8918169141
0.8920195103
0.8923820257
0.8921577930
0.8925225139
0.8922179341
0.8920274973
0.8918353319
0.8917886019
0.8925428987
0.8928025961
0.8932883143
0.8933355212
0.8939483166
0.8946292996
0.8941252232
0.8947850466
0.8940473795
0.8933062553
0.8932616115
0.8923666477
0.8925926089
0.8927341104
0.8939393759
0.8943877816
0.8949065804
0.8947480917
0.8957049251
0.8955112100
0.8950011730
0.8957099319
0.8952020407
0.8942049742
0.8936636448
0.8940223455
0.8941721320
0.8944184184
0.8952159286
0.8955006003
0.8957450986
0.8957305551
0.8970329165
0.8961778283
0.8959181905
0.8964827657
0.8959433436
0.8950695992
0.8948396444
0.8953119516
0.8960012794
0.8956611753
0.8963623643
0.8964255452
0.8968054056
0.8976481557
0.8687745333
0.8864696622
0.8955457211
0.8964145184
0.8968053460
0.8963905573
0.8956798315
0.8952542543
0.8957090378
0.8963961005
0.8966823816
0.8969746232
0.8973699808
0.8986342549
0.8980500102
0.8977662921
0.8982567787
0.8973047733
0.8976487517
0.8966755271
0.8968093395
0.8963431120
0.8966852427
0.8970572948
0.8979223371
0.8980790377
0.8982681632
0.8993629813
0.8983911276
0.8981293440
0.8992078900
0.8983213902
0.8985501528
0.8978189230
0.8976020217
0.8975554705
0.8979650736
0.8982568383
0.8983408809
0.8986678123
0.8996924758
0.9004128575
0.8989276290
0.8987499475
0.8995763659
0.8993671536
0.8993821144
0.8989924788
0.8982772231
0.8984471560
0.8986697197
0.8994491100
0.8992614746
0.8994489908
0.8997648358
0.9004743099
0.8993096948
0.8997043371
0.8996280432
0.8994963169
0.8995353580
0.8993436098
0.8997483850
0.8991554976
0.8994910121
0.8999826312
0.8995952010
0.8995532990
0.9000541568
0.9007027149
0.8995185494
0.9002208114
0.8995378017
0.8995802402
0.9002778530
0.8994383812
0.8992740512
0.8994079232
0.8997879028
0.9005118012
0.8999319673
0.8999037147
0.9006195068
0.9003467560
0.9000982642
0.8996784091
0.8982141614
0.8988123536
0.8987097740
0.8987987041
0.8987566233
0.8988707662
0.8985037804
0.8988077641
0.8988074660
0.8996228576
0.8997992277
0.8999593854
0.9012762308
