0.3792543709
0.4575315416
0.4936858714
0.5156148076
0.5312579274
0.5435397029
0.5541454554
0.5629122257
0.5711821318
0.5784056187
0.5841678977
0.5891541839
0.5943718553
0.5996686220
0.6039508581
0.6066570282
0.6097925305
0.6129964590
0.6159600616
0.6186453700
0.6211835146
0.6236418486
0.6260986924
0.6285538673
0.6308181882
0.6326081753
0.6343260407
0.6360922456
0.6365361214
0.6375349164
0.6395600438
0.6415153742
0.6432526708
0.6450465918
0.6468015909
0.6486006975
0.6504571438
0.6519867778
0.6533139944
0.6542679667
0.6551955342
0.6563830972
0.6565486789
0.6570630670
0.6583275795
0.6597090364
0.6609473228
0.6622198820
0.6636120677
0.6651154160
0.6664979458
0.6676902771
0.6686748266
0.6693610549
0.6699276567
0.6704932451
0.6706104875
0.6710096002
0.6721384525
0.6731561422
0.6741176844
0.6751051545
0.6762211323
0.6773394346
0.6784703732
0.6793682575
0.6801043749
0.6806693077
0.6811040044
0.6815003753
0.6814596057
0.6817765832
0.6826236248
0.6833528280
0.6840614676
0.6847537756
0.6855367422
0.6862791181
0.6870415807
0.6878104210
0.6883797050
0.6888679862
0.6892212033
0.6895699501
0.6895216107
0.6896511912
0.6904061437
0.6910887957
0.6917517781
0.6921126246
0.6926714778
0.6933276653
0.6940099001
0.6946750879
0.6950590014
0.6952655315
0.6955400705
0.6955425143
0.6950846910
0.6934375167
0.6940334439
0.6947809458
0.6952933669
0.6960332990
0.6966879368
0.6973080039
0.6979910135
0.6985803246
0.6990259886
0.6994678974
0.6996732950
0.6998277903
0.7002015710
0.6999722719
0.6999742985
0.7004138827
0.7008439898
0.7012537122
0.7016045451
0.7020835280
0.7025421858
0.7030663490
0.7034623623
0.7038553357
0.7041579485
0.7043076158
0.7046313882
0.7042928934
0.7044733167
0.7049441934
0.7052475214
0.7055759430
0.7059419751
0.7063736320
0.7067527175
0.7072153091
0.7075391412
0.7077479959
0.7078904510
0.7079299688
0.7081776261
0.7078900337
0.7079980969
0.7083778381
0.7085996270
0.7088472843
0.7091605663
0.7095273137
0.7097820640
0.7101503611
0.7104644775
0.7106726766
0.7108135223
0.7109238505
0.7110575438
0.7107022405
0.7107645869
0.7112342119
0.7115100622
0.7116658092
0.7118773460
0.7121452689
0.7122863531
0.7125753164
0.7127220631
0.7128508687
0.7130145431
0.7130878568
0.7131934166
0.7129797935
0.7128229737
0.7132350206
0.7134509087
0.7136924863
0.7138720155
0.7139425278
0.7142288089
0.7144721746
0.7147032022
0.7149441838
0.7150824070
0.7152009010
0.7153497934
0.7150489688
0.7152330279
0.7156871557
0.7160323858
0.7162976861
0.7165849805
0.7168174386
0.7171082497
0.7174702287
0.7178131938
0.7182134390
0.7184568644
0.7188200951
0.7193948030
