0.9007305503
0.9131671190
0.9143581390
0.9151161909
0.9159319401
0.9157204628
0.9154896140
0.9155452251
0.9151665568
0.9156168699
0.9171774983
0.9180710316
0.9192101359
0.9210336208
0.9230549932
0.9237604737
0.9227660298
0.9217254519
0.9206702709
0.9196280241
0.9188242555
0.9184347391
0.9180322886
0.9185937047
0.9197404385
0.9205322266
0.9216847420
0.9223300219
0.9241790771
0.9255093932
0.9244928360
0.9234146476
0.9214589596
0.9200344682
0.9196487069
0.9193034172
0.9192640185
0.9198009372
0.9204138517
0.9209259152
0.9224542975
0.9233455062
0.9241872430
0.9269417524
0.9254661202
0.9234911799
0.9218419194
0.9209867120
0.9204722047
0.9196828008
0.9191185832
0.9192034602
0.9200567007
0.9203151464
0.9217053056
0.9230789542
0.9249210358
0.9268386960
0.9251854420
0.9233889580
0.9216538668
0.9208139777
0.9199976325
0.9189153314
0.9188149571
0.9193418622
0.9203446507
0.9208896160
0.9225294590
0.9239879251
0.9252248406
0.9265401363
0.9251517653
0.9237655401
0.9220094085
0.9208096862
0.9193606973
0.9183869362
0.9185513258
0.9191602468
0.9203727245
0.9209871292
0.9217039347
0.9227252007
0.9249880910
0.9271447659
0.9254156947
0.9239975810
0.9221823812
0.9202768803
0.9190578461
0.9186788797
0.9188471437
0.9190633893
0.9203044772
0.9203026891
0.9212160707
0.9231554866
0.9087724090
0.9204828143
0.9241808057
0.9235339165
0.9229066968
0.9213156700
0.9196739793
0.9186798930
0.9179981947
0.9177277088
0.9185330272
0.9199037552
0.9209517241
0.9230415821
0.9237493873
0.9252619147
0.9271209240
0.9255638719
0.9235447645
0.9217184186
0.9202558994
0.9189255834
0.9182722569
0.9185411334
0.9188738465
0.9198727012
0.9214941263
0.9238063097
0.9241395593
0.9254886508
0.9269421697
0.9258625507
0.9243240952
0.9224810004
0.9213144183
0.9202523232
0.9193800688
0.9198203683
0.9201455712
0.9206159115
0.9219067097
0.9241836667
0.9245015979
0.9262711406
0.9278327823
0.9266191125
0.9249336123
0.9235826731
0.9221123457
0.9210510850
0.9208052158
0.9213597775
0.9216799736
0.9216340184
0.9226671457
0.9241358042
0.9241816998
0.9257846475
0.9287908077
0.9271556735
0.9251061678
0.9239942431
0.9233216643
0.9224209189
0.9223160744
0.9223191142
0.9225664139
0.9226387143
0.9234473109
0.9249176979
0.9244055748
0.9263312221
0.9290594459
0.9269981384
0.9251674414
0.9243049026
0.9232549667
0.9221082926
0.9217166305
0.9216709137
0.9223769307
0.9227072597
0.9235699773
0.9248813391
0.9242388010
0.9288899302
0.9302855730
0.9286600947
0.9272316694
0.9261087775
0.9249541163
0.9235417247
0.9230327606
0.9231050014
0.9235219359
0.9243104458
0.9251473546
0.9261955023
0.9274161458
