0.2192770541
0.2901630402
0.3291449845
0.3516773880
0.3697671890
0.3844484091
0.3984456062
0.4097226858
0.4199434519
0.4287156761
0.4355539382
0.4418244362
0.4490101635
0.4550436139
0.4591079950
0.4624646604
0.4670097232
0.4710488021
0.4751333296
0.4788604379
0.4826402664
0.4861474633
0.4894814789
0.4925739765
0.4955617487
0.4986653328
0.5014504194
0.5037408471
0.5046867132
0.5060575008
0.5089300275
0.5114827752
0.5138000846
0.5162716508
0.5186039805
0.5208214521
0.5228686929
0.5247331858
0.5266436338
0.5284240842
0.5302553177
0.5316991210
0.5321365595
0.5329908133
0.5347582698
0.5364532471
0.5382272005
0.5400620699
0.5418498516
0.5436843634
0.5456269979
0.5473800898
0.5489328504
0.5502940416
0.5516104102
0.5524573326
0.5526033640
0.5532075763
0.5546413660
0.5559298396
0.5573299527
0.5589579940
0.5605190992
0.5622294545
0.5638121963
0.5650633574
0.5662656426
0.5673679709
0.5684219599
0.5691398382
0.5692036152
0.5695699453
0.5707086921
0.5717111230
0.5728803873
0.5742676258
0.5755893588
0.5770314336
0.5784161091
0.5797504783
0.5807954073
0.5816477537
0.5823920965
0.5830347538
0.5829669237
0.5832561851
0.5841759443
0.5851026773
0.5860211253
0.5869864821
0.5881446600
0.5894652605
0.5907033682
0.5918545127
0.5926328897
0.5933989882
0.5939078331
0.5941752791
0.5939999223
0.5927574635
0.5927356482
0.5932993293
0.5939304829
0.5947718024
0.5956032872
0.5965145826
0.5974679589
0.5983771682
0.5992240310
0.5999233723
0.6004680395
0.6009841561
0.6014347076
0.6012697220
0.6012706757
0.6018339396
0.6024112105
0.6030580997
0.6037532687
0.6045277119
0.6053467989
0.6062315106
0.6068754792
0.6075482368
0.6080479026
0.6085208058
0.6089074016
0.6087130308
0.6087996364
0.6093366742
0.6098839641
0.6104021072
0.6109992266
0.6117080450
0.6122830510
0.6128483415
0.6133339405
0.6138136387
0.6142119169
0.6146547794
0.6150559783
0.6148909926
0.6148611903
0.6152722239
0.6157351732
0.6161279678
0.6165530682
0.6170965433
0.6175879240
0.6180368066
0.6185116768
0.6189723611
0.6193507314
0.6197425723
0.6199195385
0.6195307970
0.6195299625
0.6199501157
0.6203687787
0.6207506657
0.6211276054
0.6214606762
0.6218282580
0.6221893430
0.6225283146
0.6228908300
0.6232765913
0.6236270666
0.6239300370
0.6237751245
0.6237760186
0.6241115928
0.6244887710
0.6248236895
0.6251577735
0.6254983544
0.6258196235
0.6261526942
0.6265264750
0.6269927025
0.6273746490
0.6278437972
0.6281968951
0.6280718446
0.6284012198
0.6289744973
0.6294972301
0.6299936771
0.6305283308
0.6310457587
0.6315730214
0.6320895553
0.6326218843
0.6331597567
0.6337373257
0.6344750524
0.6350526214
