0.7795860171
0.8181517124
0.8288066387
0.8333464861
0.8377300501
0.8404473662
0.8424304128
0.8449414372
0.8464245200
0.8482775092
0.8496032953
0.8498052955
0.8507115841
0.8492565155
0.8480964303
0.8532047272
0.8554568887
0.8572331667
0.8588590622
0.8595290184
0.8605378866
0.8606156707
0.8605580330
0.8613265157
0.8621013165
0.8626929522
0.8621119857
0.8598001599
0.8590357900
0.8623120785
0.8636192083
0.8657924533
0.8664941788
0.8667508364
0.8670208454
0.8671569824
0.8675537705
0.8678461909
0.8688852191
0.8691695333
0.8685414791
0.8662066460
0.8651496172
0.8675038218
0.8693621755
0.8701666594
0.8712659478
0.8716437817
0.8721691370
0.8725112677
0.8723599315
0.8721957803
0.8731954098
0.8731911182
0.8727369308
0.8699845672
0.8691478372
0.8724986911
0.8730648160
0.8741315603
0.8748717308
0.8748164177
0.8751018643
0.8752834201
0.8753885627
0.8754585981
0.8756881356
0.8760520220
0.8761239648
0.8734557033
0.8724435568
0.8749819398
0.8755271435
0.8768446445
0.8773713708
0.8774065971
0.8782656193
0.8786998391
0.8783736825
0.8784805536
0.8788390160
0.8785974383
0.8779525161
0.8756672740
0.8746135831
0.8769509792
0.8779587150
0.8788831830
0.8795736432
0.8796917200
0.8801088333
0.8805450201
0.8804997206
0.8801429272
0.8796499968
0.8805764914
0.8802107573
0.8774957657
0.8618026376
0.8690309525
0.8770452738
0.8785033226
0.8802062273
0.8805783391
0.8814814687
0.8809469938
0.8812811375
0.8814402819
0.8811419606
0.8814738989
0.8812869787
0.8809969425
0.8784683943
0.8775174022
0.8800238967
0.8807780743
0.8816592097
0.8818331957
0.8826006055
0.8828645349
0.8830381632
0.8828809261
0.8833266497
0.8827958107
0.8824788928
0.8820273280
0.8799940944
0.8783736229
0.8810077906
0.8820514679
0.8827416301
0.8829247355
0.8832592964
0.8834933043
0.8836914897
0.8835823536
0.8836584687
0.8832551837
0.8832066655
0.8831496835
0.8806143999
0.8793269992
0.8817111254
0.8829070926
0.8833140135
0.8839341402
0.8839723468
0.8841266632
0.8841232061
0.8842749000
0.8837987781
0.8836993575
0.8831321597
0.8835676908
0.8811808228
0.8801653981
0.8818603158
0.8829335570
0.8830785155
0.8835592866
0.8840935826
0.8843281865
0.8841398954
0.8843299747
0.8840131164
0.8833192587
0.8835518360
0.8834686279
0.8809973598
0.8802590966
0.8814383745
0.8826752305
0.8835000992
0.8834245205
0.8839012980
0.8834376931
0.8838173747
0.8842573762
0.8836916089
0.8838623166
0.8836393356
0.8830128908
0.8813825250
0.8805341721
0.8815501332
0.8824861050
0.8828064203
0.8829762340
0.8833218217
0.8837660551
0.8835564852
0.8836235404
0.8833346963
0.8834553957
0.8833596706
0.8837114573
0.8830158710
