0.1898614466
0.2462956160
0.2811416090
0.3020994663
0.3188826442
0.3326569200
0.3457672894
0.3564462364
0.3660007715
0.3742561340
0.3809429109
0.3873280585
0.3940534294
0.4002498686
0.4049531221
0.4087683260
0.4131544530
0.4171277881
0.4211023748
0.4249060452
0.4286712706
0.4321086407
0.4354453981
0.4386461973
0.4414985776
0.4445939362
0.4472571015
0.4495786130
0.4511853456
0.4528387487
0.4554460645
0.4578119516
0.4601312876
0.4625245929
0.4648510814
0.4672062993
0.4695617557
0.4717013836
0.4736646116
0.4755247235
0.4774900675
0.4791624248
0.4801729321
0.4811654389
0.4827305675
0.4841645360
0.4857314527
0.4873774052
0.4889619648
0.4908249974
0.4926614761
0.4944535494
0.4960831702
0.4976167381
0.4991351366
0.5002772808
0.5008938909
0.5016741157
0.5029480457
0.5040431619
0.5051401854
0.5065318942
0.5079837441
0.5096201301
0.5112746954
0.5125408769
0.5136883259
0.5149869919
0.5161807537
0.5170961618
0.5176618695
0.5181665421
0.5190457106
0.5198849440
0.5208430290
0.5219902992
0.5231624246
0.5244013071
0.5257867575
0.5270081162
0.5280684829
0.5291413069
0.5300517082
0.5308374166
0.5312560797
0.5316657424
0.5324478149
0.5332821608
0.5341063142
0.5349135399
0.5360522270
0.5373142958
0.5385832787
0.5397410393
0.5404900312
0.5412847400
0.5419842005
0.5422544479
0.5415678024
0.5407681465
0.5407619476
0.5411658287
0.5415802598
0.5422904491
0.5431331396
0.5440385342
0.5450454354
0.5460843444
0.5469821692
0.5476999879
0.5481892228
0.5486893654
0.5491249561
0.5491778255
0.5492792726
0.5497070551
0.5502083302
0.5507990122
0.5514324903
0.5522663593
0.5530750155
0.5538790822
0.5546315908
0.5552561283
0.5557434559
0.5561961532
0.5566104054
0.5566914678
0.5568633080
0.5572804809
0.5577228069
0.5581952333
0.5587337613
0.5593932867
0.5599723458
0.5606749654
0.5612329841
0.5616979599
0.5621111989
0.5625696778
0.5630346537
0.5631049275
0.5632422566
0.5635977983
0.5640234351
0.5643835068
0.5648377538
0.5653952360
0.5658728480
0.5663579702
0.5668175817
0.5672012568
0.5676100254
0.5680886507
0.5683756471
0.5683498979
0.5684635639
0.5687994361
0.5692087412
0.5696059465
0.5699784160
0.5702971220
0.5707353950
0.5712272525
0.5716006756
0.5719825625
0.5723795891
0.5727531910
0.5730234981
0.5730538964
0.5731307268
0.5733588934
0.5736458898
0.5739644766
0.5742649436
0.5745863318
0.5749428272
0.5753473639
0.5757555962
0.5761849284
0.5765375495
0.5769144297
0.5772355795
0.5773773193
0.5776447654
0.5780475736
0.5784780979
0.5788750052
0.5793193579
0.5797538161
0.5802963376
0.5808134675
0.5813677907
0.5819995403
0.5827018619
0.5835474133
0.5842481256
