0.8986785412
0.9111211896
0.9142267108
0.9160120487
0.9178897142
0.9188262820
0.9198024869
0.9205664992
0.9204592109
0.9211962223
0.9215850234
0.9209889174
0.9206769466
0.9186882377
0.9171350002
0.9221621156
0.9233549833
0.9233340025
0.9245156050
0.9245529771
0.9237014055
0.9237120748
0.9237954021
0.9243971705
0.9247526526
0.9252227545
0.9247924089
0.9213223457
0.9196280837
0.9244928360
0.9254785180
0.9260028601
0.9254617691
0.9254083037
0.9252555370
0.9253627658
0.9262148142
0.9264653921
0.9270881414
0.9273532033
0.9265530705
0.9227427244
0.9200240970
0.9256420135
0.9273254871
0.9263888597
0.9270769954
0.9272637963
0.9266955853
0.9270020127
0.9273746014
0.9274584055
0.9278253317
0.9282177687
0.9277282953
0.9240708947
0.9230517149
0.9273652434
0.9279426336
0.9284183383
0.9284654260
0.9277994037
0.9276696444
0.9280251265
0.9285604358
0.9287716746
0.9286325574
0.9296116829
0.9290857911
0.9252231121
0.9229874611
0.9279599786
0.9285170436
0.9288936257
0.9290644526
0.9288356304
0.9292237163
0.9293646216
0.9294677377
0.9294155836
0.9298077226
0.9295969605
0.9286440611
0.9243698716
0.9233086705
0.9283850789
0.9289757013
0.9298208952
0.9298269153
0.9291415811
0.9290723801
0.9294258952
0.9295756817
0.9297259450
0.9302436709
0.9284096360
0.9272974730
0.9254073501
0.9037535787
0.9191071987
0.9253988266
0.9290196896
0.9293559790
0.9290562272
0.9294164777
0.9287592173
0.9283352494
0.9286168218
0.9291015863
0.9293112755
0.9297001362
0.9293918014
0.9251187444
0.9231888652
0.9280409813
0.9291402698
0.9293788671
0.9295067787
0.9293255210
0.9291329980
0.9290032983
0.9290161133
0.9301157594
0.9295472503
0.9295710921
0.9290320277
0.9248463511
0.9227268100
0.9276021123
0.9289520383
0.9287820458
0.9288685322
0.9293886423
0.9291952252
0.9288636446
0.9287865162
0.9293137193
0.9297943115
0.9297747016
0.9293729663
0.9253439307
0.9232485890
0.9275128245
0.9283592105
0.9284710884
0.9286875129
0.9292671680
0.9289360642
0.9285870790
0.9287681580
0.9289414883
0.9288982749
0.9288631678
0.9286616445
0.9247921109
0.9220436811
0.9272391200
0.9282144308
0.9277511835
0.9281845093
0.9282811880
0.9278562069
0.9279426932
0.9284917712
0.9285764098
0.9283574820
0.9281807542
0.9276509881
0.9235597253
0.9220438004
0.9268475175
0.9274120927
0.9272277355
0.9276673198
0.9271596074
0.9266443253
0.9270273447
0.9275627732
0.9273343086
0.9272779226
0.9268946052
0.9272285104
0.9242096543
0.9237555861
0.9262512326
0.9265806079
0.9261552691
0.9261442423
0.9263758659
0.9262356162
0.9262472391
0.9261052608
0.9261094928
0.9263490438
0.9264458418
0.9262212515
0.9239674211
