0.8880405426
0.9009274244
0.9053012133
0.9070833921
0.9085573554
0.9089443684
0.9092974067
0.9102809429
0.9102838635
0.9106526971
0.9104358554
0.9106276035
0.9108820558
0.9096132517
0.9091567993
0.9112758636
0.9118368030
0.9115895629
0.9127477407
0.9132538438
0.9134319425
0.9134562016
0.9132568240
0.9139859080
0.9137030840
0.9132309556
0.9127002358
0.9120489359
0.9114284515
0.9127045274
0.9137625694
0.9143956304
0.9145389199
0.9155412316
0.9156151414
0.9158258438
0.9159043431
0.9155221581
0.9156547189
0.9159086943
0.9146563411
0.9135099649
0.9131847024
0.9147511125
0.9156919718
0.9163766503
0.9169490337
0.9173647761
0.9175067544
0.9171564579
0.9175052643
0.9170023799
0.9163906574
0.9165954590
0.9157860279
0.9144209623
0.9131933451
0.9154027700
0.9167851806
0.9175166488
0.9179434180
0.9185613990
0.9189338088
0.9191337228
0.9187251925
0.9179931283
0.9175730348
0.9175951481
0.9163118005
0.9147899151
0.9135780931
0.9149065614
0.9159474373
0.9173344970
0.9182366729
0.9195821285
0.9198095202
0.9198265076
0.9197000861
0.9191306233
0.9189382195
0.9183251858
0.9168696404
0.9153105021
0.9142989516
0.9161973000
0.9165759683
0.9171352386
0.9175352454
0.9188498259
0.9199602604
0.9206396937
0.9203556180
0.9201750159
0.9196798205
0.9153528214
0.9130422473
0.9095224738
0.8910586834
0.9030191302
0.9088068604
0.9147408009
0.9170120358
0.9177135229
0.9192541838
0.9203071594
0.9212324619
0.9210142493
0.9207804203
0.9201807380
0.9198017716
0.9186874628
0.9162782431
0.9152556658
0.9170468450
0.9182368517
0.9187742472
0.9196019769
0.9208003283
0.9217190146
0.9218705297
0.9214836955
0.9216613770
0.9206889272
0.9199853539
0.9188075066
0.9164778590
0.9149675369
0.9176244736
0.9182846546
0.9190953970
0.9198548794
0.9209362864
0.9217191339
0.9218465686
0.9210719466
0.9215592742
0.9202674627
0.9195163846
0.9191307425
0.9168757200
0.9153286815
0.9168794155
0.9177638888
0.9194436669
0.9201728702
0.9206915498
0.9210364223
0.9216536880
0.9210233688
0.9206712842
0.9198293090
0.9190493822
0.9187569022
0.9173231721
0.9157662988
0.9169432521
0.9173794985
0.9181581140
0.9198866487
0.9202955961
0.9204246402
0.9205123782
0.9203389883
0.9203034639
0.9199160337
0.9188998938
0.9177091122
0.9166802168
0.9156455398
0.9164419174
0.9162750244
0.9171914458
0.9177432060
0.9178110957
0.9186151028
0.9191882014
0.9200167060
0.9194114804
0.9191012979
0.9186224341
0.9172837138
0.9155772924
0.9146214128
0.9154142141
0.9158645272
0.9164389968
0.9169074893
0.9169811010
0.9168487191
0.9171612263
0.9174137712
0.9177082181
0.9173295498
0.9165874124
0.9164035916
0.9154972434
