0.4796425700
0.5140584707
0.5392152667
0.5590397120
0.5760170221
0.5898987055
0.6035038829
0.6149209738
0.6242116690
0.6324813962
0.6396897435
0.6462381482
0.6519473195
0.6570250988
0.6613761187
0.6656789780
0.6700527072
0.6744239926
0.6786133647
0.6827430725
0.6872759461
0.6912841797
0.6950393915
0.6984971166
0.7016602159
0.7049145103
0.7074230909
0.7097424269
0.7117121220
0.7136510015
0.7162132859
0.7186207175
0.7211004496
0.7237873673
0.7261936069
0.7288538218
0.7314872146
0.7339201570
0.7361022830
0.7381871939
0.7400156856
0.7415226698
0.7427313924
0.7441267371
0.7456583977
0.7472625971
0.7489945889
0.7507722378
0.7526915669
0.7548311353
0.7568998337
0.7589994073
0.7606289983
0.7622082829
0.7636076212
0.7647465467
0.7656227350
0.7666085362
0.7678106427
0.7689991593
0.7703285217
0.7718212008
0.7733636498
0.7749939561
0.7768038511
0.7781907916
0.7794987559
0.7807281017
0.7817584276
0.7826620936
0.7834072113
0.7840657234
0.7849857807
0.7860071063
0.7870818973
0.7882210612
0.7894117832
0.7906875610
0.7919955850
0.7931534052
0.7942613363
0.7951638103
0.7959375978
0.7965506315
0.7970350385
0.7975158095
0.7982434630
0.7990778685
0.7999579906
0.8007325530
0.8017441034
0.8028526306
0.8039432168
0.8048077226
0.8054888844
0.8061959147
0.8065882921
0.8063928485
0.8058479428
0.8073695898
0.8069634438
0.8067235351
0.8068515062
0.8076559901
0.8084565997
0.8092204928
0.8101094365
0.8109940290
0.8117371202
0.8123485446
0.8128736019
0.8133127689
0.8137025833
0.8139445782
0.8142212033
0.8146150112
0.8150710464
0.8156143427
0.8161352873
0.8167519569
0.8174380660
0.8180707097
0.8186878562
0.8192260265
0.8196536303
0.8200381398
0.8203589320
0.8205603361
0.8208108544
0.8211965561
0.8215509057
0.8219507933
0.8223536611
0.8228635192
0.8233593702
0.8238428235
0.8242763877
0.8246840835
0.8250573277
0.8254051805
0.8257290125
0.8258984685
0.8261449933
0.8264386654
0.8267642260
0.8271186352
0.8274987936
0.8279101253
0.8282886147
0.8286762238
0.8290195465
0.8293582797
0.8296732306
0.8299722672
0.8302521110
0.8303663135
0.8305712342
0.8308119178
0.8311103582
0.8314172029
0.8317233324
0.8320125341
0.8323215246
0.8326343298
0.8329270482
0.8331987858
0.8334525824
0.8336917758
0.8339134455
0.8340331316
0.8341640830
0.8343443871
0.8345979452
0.8349055648
0.8351500034
0.8354045749
0.8356820941
0.8359630108
0.8362503648
0.8365532756
0.8368023038
0.8370276690
0.8372480869
0.8373833895
0.8376407027
0.8379281163
0.8382536173
0.8385999203
0.8389078379
0.8392268419
0.8395814300
0.8399572968
0.8403355479
0.8407329321
0.8411356807
0.8415994644
0.8420990705
