0.8080312610
0.8476477265
0.8673975468
0.8739527464
0.8768891692
0.8780795932
0.8795502782
0.8809651732
0.8820500374
0.8834849000
0.8842186332
0.8848534822
0.8855422139
0.8840334415
0.8807519078
0.8833518624
0.8853991032
0.8868649006
0.8882569671
0.8891876936
0.8897764683
0.8895895481
0.8896540403
0.8902353048
0.8908197284
0.8909013271
0.8903940320
0.8880345821
0.8860825300
0.8883253336
0.8900756240
0.8916198611
0.8926551342
0.8936554790
0.8938455582
0.8938359618
0.8940552473
0.8949383497
0.8956558704
0.8966594338
0.8960623145
0.8923439384
0.8897629976
0.8914631605
0.8936535120
0.8953464627
0.8962472677
0.8971520662
0.8976940513
0.8980443478
0.8987033963
0.8989772201
0.8993982673
0.8995829225
0.8989327550
0.8959811330
0.8938822746
0.8958393931
0.8978508711
0.8989356160
0.8998451829
0.9006714821
0.9013688564
0.9016062617
0.9022176862
0.9023454189
0.9019871354
0.9025346041
0.9019617438
0.8990660310
0.8966785073
0.8984133601
0.9001519084
0.9017629027
0.9031604528
0.9040797949
0.9049881101
0.9056025147
0.9054617882
0.9052422643
0.9051059484
0.9046132565
0.9037663937
0.9007642865
0.8991069198
0.9007419348
0.9020408392
0.9038004279
0.9050732851
0.9059428573
0.9065439701
0.9069668055
0.9067692161
0.9068781734
0.9068992734
0.8978515267
0.8801831603
0.8819603324
0.8710684776
0.9333143830
0.8975178003
0.8665140867
0.8793925047
0.8978412747
0.9021393657
0.9034925699
0.9044982195
0.9048689604
0.9048503637
0.9047286510
0.9049240351
0.9044836760
0.9020691514
0.9004594088
0.9020166397
0.9036639333
0.9047387242
0.9057448506
0.9068816900
0.9071972370
0.9074463844
0.9081404805
0.9081491828
0.9077762365
0.9074456692
0.9063324928
0.9041641355
0.9020768404
0.9035512209
0.9054219723
0.9063470960
0.9075332284
0.9083312750
0.9089658856
0.9093917012
0.9092403054
0.9093328118
0.9095100164
0.9093112350
0.9088571668
0.9063267708
0.9042452574
0.9049190879
0.9063736200
0.9075496793
0.9086409211
0.9094839692
0.9096759558
0.9101731181
0.9099343419
0.9095028043
0.9094132781
0.9093838334
0.9090337157
0.9064573050
0.9046434760
0.9059128761
0.9073757529
0.9078630209
0.9085208178
0.9088622332
0.9091722965
0.9096028805
0.9095044136
0.9094183445
0.9093699455
0.9093323946
0.9087232351
0.9070135951
0.9053424597
0.9063539505
0.9075999260
0.9087176323
0.9095905423
0.9097251296
0.9093968272
0.9092082381
0.9096289277
0.9096599817
0.9097450972
0.9095195532
0.9095383286
0.9087014794
0.9083610177
0.9088422656
0.9097592235
0.9101378918
0.9103021622
0.9106160998
0.9108080864
0.9108608961
0.9111223221
0.9111806750
0.9113681316
0.9112003446
0.9116432071
0.9114539027
