0.5671058893
0.6272181869
0.6494155526
0.6591809988
0.6664507985
0.6730810404
0.6787232757
0.6825270653
0.6865233779
0.6901268363
0.6936287880
0.6950703859
0.6983639002
0.7003315091
0.7051085830
0.7040266395
0.7053840756
0.7079083920
0.7091195583
0.7105538249
0.7114970088
0.7130499482
0.7137737274
0.7156146765
0.7168259025
0.7171007395
0.7183043957
0.7185282111
0.7223399878
0.7206566334
0.7222780585
0.7232744098
0.7242379785
0.7249041796
0.7255123258
0.7265467644
0.7270562649
0.7276525497
0.7277415395
0.7281327248
0.7291084528
0.7295184135
0.7318298221
0.7303463817
0.7312459350
0.7322669625
0.7326613069
0.7333753705
0.7333441973
0.7337283492
0.7345467210
0.7347667217
0.7352314591
0.7353470922
0.7356711030
0.7361969352
0.7378957868
0.7362856865
0.7371544242
0.7373882532
0.7374582887
0.7382642031
0.7384712100
0.7391548157
0.7393522263
0.7396528721
0.7402666807
0.7404477000
0.7403396368
0.7405022979
0.7423282862
0.7407479882
0.7413552999
0.7416560650
0.7419375181
0.7420012355
0.7422527671
0.7429055572
0.7433309555
0.7430934906
0.7436696291
0.7439214587
0.7438010573
0.7439007163
0.7454865575
0.7440041900
0.7442312241
0.7443225384
0.7445776463
0.7448865771
0.7456696033
0.7457908988
0.7459698319
0.7465633750
0.7462090254
0.7465045452
0.7467931509
0.7464591265
0.7461507916
0.7421883345
0.7444280386
0.7454096675
0.7457389235
0.7464032173
0.7467283607
0.7474623919
0.7475816607
0.7477875352
0.7484248281
0.7484057546
0.7482543588
0.7485048771
0.7482749820
0.7499559522
0.7485688925
0.7488067150
0.7490505576
0.7496434450
0.7497487664
0.7501810193
0.7503272891
0.7505873442
0.7512086034
0.7511891127
0.7512301803
0.7514111996
0.7514590025
0.7528015971
0.7511878014
0.7516654134
0.7519003153
0.7522791028
0.7526366115
0.7526996136
0.7529305220
0.7530613542
0.7534504533
0.7536587715
0.7534679174
0.7537965178
0.7534885406
0.7551494837
0.7536202073
0.7537000775
0.7540034652
0.7542677522
0.7545307875
0.7547563910
0.7547524571
0.7549419999
0.7554758191
0.7554926276
0.7555943727
0.7555656433
0.7555507421
0.7571341395
0.7557008266
0.7562065125
0.7561523914
0.7561637759
0.7565847635
0.7565351129
0.7567358017
0.7572376132
0.7571109533
0.7570881844
0.7575124502
0.7575705647
0.7574153543
0.7594494820
0.7571665645
0.7577532530
0.7579183578
0.7579910755
0.7580001354
0.7582353950
0.7583945394
0.7586717010
0.7592154741
0.7591969371
0.7595633268
0.7594538927
0.7594485879
0.7615628839
0.7596091628
0.7598394752
0.7598490715
0.7602494359
0.7604308724
0.7609513998
0.7610908747
0.7612388730
0.7617956996
0.7619429827
0.7622295618
0.7623245120
0.7628088593
