0.7148345709
0.7664367557
0.7955435514
0.8067308664
0.8110393882
0.8132812381
0.8155819774
0.8170632720
0.8186953664
0.8214475513
0.8229055405
0.8234618306
0.8236602545
0.8215420842
0.8165867925
0.8200592995
0.8234933615
0.8267409205
0.8295316100
0.8308125734
0.8308848739
0.8308828473
0.8311234117
0.8316671848
0.8325229287
0.8331720233
0.8329606652
0.8301059008
0.8272271752
0.8296638131
0.8323368430
0.8356911540
0.8378192186
0.8389740586
0.8389328122
0.8387054205
0.8390363455
0.8398928046
0.8410221338
0.8430263996
0.8428993225
0.8388663530
0.8358749747
0.8377373815
0.8401889205
0.8434649110
0.8450720906
0.8461127877
0.8466241360
0.8469460011
0.8478873968
0.8486428261
0.8493583798
0.8496857882
0.8492464423
0.8455567360
0.8435838223
0.8452393413
0.8476808667
0.8502616882
0.8520730734
0.8529596329
0.8537948132
0.8541747332
0.8541154265
0.8547098637
0.8556032181
0.8559842110
0.8553559184
0.8519008160
0.8497778177
0.8514372706
0.8534645438
0.8560266495
0.8578995466
0.8587832451
0.8598232865
0.8606190085
0.8604836464
0.8604546785
0.8607674837
0.8604520559
0.8595142961
0.8565449119
0.8548077345
0.8561355472
0.8577121496
0.8603576422
0.8624894023
0.8630156517
0.8637314439
0.8644286990
0.8645615578
0.8648681045
0.8652914762
0.8514909744
0.8334736824
0.8257463574
0.8152834177
0.8103509545
0.8183251023
0.8264389634
0.8273819089
0.8474552035
0.8562697768
0.8581579924
0.8593040109
0.8598544002
0.8601232767
0.8602272272
0.8611661196
0.8608692884
0.8582226038
0.8561568260
0.8574470878
0.8599210978
0.8621707559
0.8640414476
0.8653327823
0.8659568429
0.8661606312
0.8664851785
0.8671921492
0.8669828176
0.8670450449
0.8661907315
0.8625941873
0.8606263995
0.8625649810
0.8644245863
0.8668045998
0.8681305051
0.8691278696
0.8700145483
0.8703215122
0.8709561825
0.8714306951
0.8714892864
0.8716203570
0.8710350990
0.8676806688
0.8650001287
0.8655794263
0.8675519228
0.8697810173
0.8716081381
0.8723405600
0.8728237748
0.8729775548
0.8736006618
0.8736740947
0.8734725714
0.8735556006
0.8727662563
0.8697978258
0.8676301241
0.8689679503
0.8708983660
0.8719649911
0.8733935356
0.8736686707
0.8737499714
0.8741911054
0.8744642138
0.8748596311
0.8745993972
0.8749293685
0.8743901253
0.8716883659
0.8695777059
0.8704108000
0.8723926544
0.8743245602
0.8756609559
0.8759955764
0.8758082986
0.8756241798
0.8760102391
0.8760967255
0.8763731718
0.8763361573
0.8761805296
0.8751503825
0.8746497035
0.8755295873
0.8767426014
0.8776279688
0.8780355453
0.8782886863
0.8782500625
0.8783590794
0.8783334494
0.8787162304
0.8789798021
0.8791896105
0.8797395825
0.8792213798
