0.1490512341
0.1777352989
0.2088266760
0.2296222746
0.2476812005
0.2633032501
0.2780280709
0.2899841368
0.3010956943
0.3103719354
0.3181954324
0.3255499899
0.3327810168
0.3387650549
0.3433036506
0.3483358026
0.3537556827
0.3593296111
0.3654824793
0.3709989488
0.3764353693
0.3818646073
0.3869272768
0.3914199173
0.3956533074
0.3999493122
0.4036748111
0.4069375396
0.4099738896
0.4129049182
0.4163300395
0.4198635817
0.4236535430
0.4272583723
0.4308654368
0.4346481860
0.4382643700
0.4417496622
0.4449903965
0.4478706121
0.4506806731
0.4531657398
0.4552538097
0.4573194385
0.4599235058
0.4626799226
0.4656577110
0.4685663283
0.4717376232
0.4748857915
0.4780336022
0.4809693396
0.4835963547
0.4861444235
0.4884964526
0.4904281199
0.4918192029
0.4934141636
0.4955786765
0.4979222715
0.5004044771
0.5029504299
0.5055953860
0.5084390044
0.5113094449
0.5137791634
0.5159922242
0.5180949569
0.5200228691
0.5216611028
0.5229114294
0.5240628123
0.5257931948
0.5276381969
0.5296125412
0.5317363739
0.5339163542
0.5361834168
0.5385213494
0.5407945514
0.5426247120
0.5443069339
0.5458739996
0.5472429395
0.5483494997
0.5493893027
0.5509647727
0.5527362823
0.5544710159
0.5561215878
0.5580109954
0.5601119995
0.5621240735
0.5638676286
0.5652564764
0.5667492151
0.5669781566
0.5656203628
0.5625020266
0.5611519217
0.5592768192
0.5590265393
0.5581391454
0.5593181252
0.5609487891
0.5624344945
0.5642493367
0.5660502911
0.5676333904
0.5689485073
0.5700803995
0.5711727142
0.5721155405
0.5728690624
0.5735309124
0.5745911002
0.5757475495
0.5770114064
0.5783523321
0.5798127055
0.5813360214
0.5828155279
0.5842528939
0.5854295492
0.5864194036
0.5873376131
0.5880678892
0.5886287689
0.5892043710
0.5901682377
0.5911808610
0.5921348333
0.5932436585
0.5944839716
0.5956200957
0.5968416333
0.5978945494
0.5988489389
0.5997226238
0.6005014181
0.6011869311
0.6015614867
0.6020539999
0.6029067039
0.6038990617
0.6047768593
0.6056755185
0.6067534685
0.6077635884
0.6086474061
0.6094927788
0.6103970408
0.6111916900
0.6117996573
0.6122692227
0.6126139164
0.6129977703
0.6137028337
0.6144695878
0.6152550578
0.6160197258
0.6168770194
0.6177017093
0.6185004711
0.6192819476
0.6200115681
0.6205819249
0.6211473346
0.6216669679
0.6219876409
0.6223164797
0.6228194237
0.6233915091
0.6239953637
0.6246181726
0.6252639890
0.6259312034
0.6265939474
0.6272882819
0.6279407740
0.6285105944
0.6290454865
0.6294873357
0.6297130585
0.6299846768
0.6305186152
0.6310820580
0.6316365004
0.6322152615
0.6328397989
0.6334416270
0.6340680718
0.6347443461
0.6354143620
0.6360197067
0.6366518140
0.6371287107
