0.1491584629
0.1829391867
0.2031172067
0.2192263752
0.2315520197
0.2427902669
0.2521343827
0.2606558502
0.2681780756
0.2747202218
0.2813986540
0.2871316671
0.2922658622
0.2977941334
0.3032721281
0.3075002134
0.3115105927
0.3156571090
0.3195746541
0.3232250810
0.3267399371
0.3303739727
0.3338145316
0.3367681801
0.3398146033
0.3429701030
0.3455057144
0.3486348093
0.3516695797
0.3539142609
0.3563651145
0.3587906957
0.3613295853
0.3638450503
0.3664661348
0.3689191341
0.3712216020
0.3736430109
0.3757867515
0.3778169453
0.3796662092
0.3818031251
0.3838153183
0.3854836822
0.3873945475
0.3893676996
0.3911744356
0.3930829763
0.3949758410
0.3968138695
0.3986330628
0.4004132450
0.4021905959
0.4038953781
0.4054515064
0.4071137607
0.4084783494
0.4098039865
0.4112337530
0.4127512276
0.4142382443
0.4157494605
0.4173635244
0.4189497232
0.4204645753
0.4219205081
0.4233902395
0.4247889817
0.4259741604
0.4274447858
0.4285516441
0.4295749366
0.4308024049
0.4320801198
0.4333846569
0.4347260296
0.4360302389
0.4372367263
0.4385503232
0.4397827089
0.4409428239
0.4420605600
0.4429865479
0.4442564547
0.4453860819
0.4463232160
0.4473880529
0.4484738410
0.4495773017
0.4507014155
0.4518411160
0.4529443085
0.4540005028
0.4550256729
0.4561022818
0.4570894241
0.4570100904
0.4579461217
0.4733978808
0.4733828604
0.4742195606
0.4901960194
0.4992286265
0.5006909370
0.5009393096
0.5011757016
0.5014647245
0.5017635822
0.5020464063
0.5022876263
0.5025573969
0.5027781129
0.5030147433
0.5032345653
0.5033688545
0.5036178827
0.5038295984
0.5040980577
0.5043702722
0.5046861768
0.5050270557
0.5053509474
0.5056607127
0.5059834123
0.5062976480
0.5065336823
0.5067852139
0.5069746375
0.5071035028
0.5073408484
0.5076668859
0.5079917908
0.5083230138
0.5086609125
0.5090104342
0.5094077587
0.5097410679
0.5100483894
0.5103512406
0.5106286407
0.5109250546
0.5111284256
0.5113233924
0.5116013288
0.5119034052
0.5122202039
0.5125453472
0.5128954649
0.5132150650
0.5135496259
0.5138520598
0.5141615868
0.5144835711
0.5147185326
0.5151075125
0.5153551698
0.5155493617
0.5158028007
0.5161336064
0.5164657235
0.5167921782
0.5171315074
0.5174775124
0.5178338885
0.5182030201
0.5184980631
0.5188009739
0.5190811157
0.5194767714
0.5197315812
0.5199276805
0.5202032924
0.5205108523
0.5208399892
0.5212058425
0.5215654969
0.5219065547
0.5222423673
0.5225926638
0.5229618549
0.5232582092
0.5235372186
0.5239546299
0.5241176486
0.5243752599
0.5247268081
0.5250751376
0.5254376531
0.5258361101
0.5262085795
0.5265908837
0.5270125866
0.5274404287
0.5278678536
0.5282875896
0.5287439823
0.5292312503
