0.8435036540
0.8595739007
0.8678150773
0.8724246025
0.8736191392
0.8744175434
0.8763765097
0.8786215782
0.8783167005
0.8788818121
0.8799496889
0.8805915117
0.8811557293
0.8860130310
0.8936721087
0.8849285245
0.8847733140
0.8828804493
0.8815940619
0.8813457489
0.8822963238
0.8831540942
0.8827110529
0.8831866980
0.8840942979
0.8835665584
0.8839796782
0.8881940842
0.8958340287
0.8871173859
0.8868528605
0.8850286603
0.8839933872
0.8838167191
0.8851941824
0.8858886361
0.8848636150
0.8851166964
0.8858348131
0.8861718178
0.8860977292
0.8901354074
0.8970836997
0.8882533312
0.8879615664
0.8865198493
0.8851979971
0.8849789500
0.8860963583
0.8870528340
0.8860012889
0.8859977722
0.8865488768
0.8866868019
0.8870185018
0.8909251094
0.8982900977
0.8892076612
0.8887382150
0.8872806430
0.8860251307
0.8857004046
0.8873829842
0.8880330920
0.8872407079
0.8871043921
0.8877941370
0.8879243731
0.8878837824
0.8919445276
0.8991739154
0.8899523616
0.8896554708
0.8884949684
0.8870837688
0.8867347836
0.8880355358
0.8889254332
0.8880954385
0.8875243664
0.8879096508
0.8880517483
0.8880506754
0.8916335106
0.8986886740
0.8898007274
0.8899303079
0.8885486722
0.8872603774
0.8866497874
0.8879610896
0.8887945414
0.8883253932
0.8884361982
0.8884220719
0.8883517981
0.8885247111
0.8919292688
0.8869301081
0.8877702951
0.8872464299
0.8883039951
0.8875474334
0.8861950040
0.8864842057
0.8879780173
0.8882641792
0.8875771761
0.8872857094
0.8880974650
0.8879449964
0.8877873421
0.8914718032
0.8987047672
0.8897319436
0.8896789551
0.8880880475
0.8874669671
0.8873569965
0.8885992765
0.8893368244
0.8883705735
0.8880990744
0.8887632489
0.8886815310
0.8887415528
0.8923363090
0.8985693455
0.8896622658
0.8895363808
0.8881058693
0.8874561191
0.8873736262
0.8890881538
0.8897870183
0.8890213370
0.8885834217
0.8889464736
0.8893474340
0.8892529607
0.8926914930
0.8981506228
0.8895826936
0.8896439672
0.8878051639
0.8871441483
0.8874121904
0.8892260790
0.8901126981
0.8892725110
0.8889603615
0.8896325827
0.8896783590
0.8897178173
0.8925766945
0.8978344202
0.8893198371
0.8898707032
0.8882209063
0.8870748281
0.8868342042
0.8887323737
0.8897630572
0.8887723088
0.8885928988
0.8892404437
0.8895361423
0.8896721005
0.8924711943
0.8973215818
0.8891783357
0.8897281289
0.8884769082
0.8869086504
0.8868162632
0.8884996176
0.8896770477
0.8893026710
0.8890982866
0.8895861506
0.8895620108
0.8896493912
0.8923266530
0.8982253075
0.8915414810
0.8909011483
0.8896431327
0.8886806369
0.8887870312
0.8905555606
0.8918284178
0.8915746212
0.8915072680
0.8919567466
0.8922030926
0.8927195668
0.8957124352
