0.6360138059
0.7023175955
0.7287536263
0.7447059751
0.7538768053
0.7595086694
0.7644990683
0.7684651017
0.7716411948
0.7742719650
0.7764971256
0.7786585689
0.7809695005
0.7838707566
0.7879543304
0.7875058055
0.7890631557
0.7900630236
0.7904131413
0.7904490829
0.7910481691
0.7912498116
0.7916254997
0.7920209169
0.7927780151
0.7937532663
0.7943196893
0.7959755063
0.7982391119
0.7970412970
0.7980536819
0.7986028194
0.7986929417
0.7983108163
0.7985206246
0.7984864116
0.7984549999
0.7984899282
0.7986664176
0.7992177010
0.7997611165
0.8011073470
0.8027688861
0.8012594581
0.8019365072
0.8020622730
0.8020704389
0.8017755747
0.8019335270
0.8017251492
0.8016707301
0.8016026616
0.8019095063
0.8022844195
0.8025254011
0.8036388159
0.8052030802
0.8035206199
0.8039458990
0.8041189909
0.8041151762
0.8038308024
0.8039923310
0.8038352728
0.8036502600
0.8034825325
0.8037049174
0.8042070866
0.8045979142
0.8059252501
0.8073087335
0.8055400848
0.8056627512
0.8056924939
0.8056781292
0.8053860664
0.8055334091
0.8053736091
0.8052155375
0.8050899506
0.8053141832
0.8055959940
0.8059260249
0.8071819544
0.8084276915
0.8065014482
0.8064921498
0.8065462708
0.8065049648
0.8062535524
0.8066444993
0.8064389229
0.8062464595
0.8061039448
0.8062558770
0.8065606952
0.8068414927
0.8077954650
0.8075138927
0.8057631254
0.8051300049
0.8054770827
0.8059692979
0.8060145378
0.8057743311
0.8061872721
0.8061616421
0.8060676455
0.8058343530
0.8059258461
0.8062399030
0.8063969016
0.8075876832
0.8089278936
0.8070585728
0.8070081472
0.8071173429
0.8072171211
0.8069940805
0.8074014187
0.8073371649
0.8072466254
0.8071016669
0.8071566224
0.8074718118
0.8077557087
0.8091167808
0.8103293180
0.8083059788
0.8081895709
0.8082272410
0.8083441257
0.8080970049
0.8083993793
0.8083604574
0.8082607388
0.8080943227
0.8082158566
0.8084997535
0.8086819649
0.8100625277
0.8113102317
0.8091872334
0.8089833260
0.8090154529
0.8091850877
0.8090398312
0.8094319701
0.8093033433
0.8090072870
0.8087995648
0.8090353012
0.8094456196
0.8097606301
0.8108074665
0.8120927811
0.8100612760
0.8100288510
0.8101003766
0.8101977706
0.8099747896
0.8103784919
0.8102281094
0.8099995852
0.8097839952
0.8097972870
0.8101062775
0.8105120659
0.8116494417
0.8129379749
0.8110574484
0.8109880686
0.8109339476
0.8108554482
0.8106960654
0.8109542131
0.8108589649
0.8107487559
0.8107256889
0.8109446168
0.8114486337
0.8116135001
0.8126454353
0.8139951229
0.8123312593
0.8122330308
0.8122265935
0.8121908903
0.8120682240
0.8123682737
0.8125662804
0.8127004504
0.8128371835
0.8131554723
0.8136207461
0.8138798475
0.8152388930
