0.7989314198
0.8381325006
0.8474882245
0.8519447446
0.8558459878
0.8584808111
0.8600674272
0.8614059091
0.8626618981
0.8643378615
0.8644206524
0.8646827936
0.8649559617
0.8649930954
0.8688037395
0.8654433489
0.8660445809
0.8667324185
0.8683490157
0.8685396910
0.8692811131
0.8691669106
0.8691670299
0.8696707487
0.8697862029
0.8690623045
0.8691180944
0.8686897159
0.8723685145
0.8685589433
0.8690254092
0.8700242043
0.8709323406
0.8711085320
0.8715006709
0.8714551926
0.8716764450
0.8727379441
0.8725597858
0.8720120788
0.8720399141
0.8714882135
0.8744491935
0.8701544404
0.8710923791
0.8714085221
0.8721661568
0.8723276854
0.8725950718
0.8727734685
0.8732771873
0.8739587069
0.8735204935
0.8730253577
0.8729842901
0.8728824258
0.8760317564
0.8720881939
0.8725702167
0.8728289604
0.8735294342
0.8742586970
0.8742619157
0.8741933703
0.8743498921
0.8751490712
0.8744803667
0.8740437031
0.8742877841
0.8739772439
0.8766652942
0.8730315566
0.8735921979
0.8741347194
0.8746263981
0.8751847744
0.8749315143
0.8751270771
0.8753310442
0.8760572076
0.8752592206
0.8750065565
0.8747825027
0.8743698597
0.8771740794
0.8734807372
0.8741106987
0.8748431802
0.8750998974
0.8749305606
0.8751134872
0.8754320741
0.8756183386
0.8764389157
0.8755847812
0.8748503327
0.8745872974
0.8745422959
0.8690332174
0.8670166731
0.8710172176
0.8726526499
0.8739050627
0.8745682836
0.8748228550
0.8750683069
0.8751113415
0.8752703667
0.8760703206
0.8754376769
0.8748672009
0.8747704625
0.8740748763
0.8773941398
0.8738172650
0.8745984435
0.8750528693
0.8757393956
0.8759439588
0.8760322928
0.8761311173
0.8763045669
0.8773646355
0.8767847419
0.8760834932
0.8758833408
0.8754228354
0.8779646158
0.8741458654
0.8748740554
0.8752142191
0.8757672310
0.8760411143
0.8765239716
0.8764763474
0.8763221502
0.8765962124
0.8762372732
0.8759398460
0.8758717179
0.8754502535
0.8779646158
0.8738046288
0.8746929765
0.8748972416
0.8755198717
0.8762001991
0.8763871193
0.8765139580
0.8766241074
0.8772069812
0.8762723207
0.8760221601
0.8757555485
0.8753181696
0.8776570559
0.8735345006
0.8745015860
0.8746047616
0.8752955198
0.8754557371
0.8757445812
0.8759714961
0.8760571480
0.8768290877
0.8763021231
0.8755799532
0.8755988479
0.8748677969
0.8775577545
0.8736573458
0.8740475774
0.8746743798
0.8755232096
0.8753698468
0.8754022121
0.8753046989
0.8756278157
0.8763809204
0.8758525848
0.8752889633
0.8751214147
0.8746703267
0.8776988983
0.8746928573
0.8754538298
0.8759388328
0.8764648438
0.8765808940
0.8768412471
0.8770909309
0.8774013519
0.8782069087
0.8782175779
0.8778690696
0.8782125711
0.8778938651
