0.6296758652
0.7324039936
0.7515997887
0.7607284188
0.7671233416
0.7721445560
0.7753868699
0.7777113318
0.7798950076
0.7820807695
0.7836259007
0.7846636176
0.7860763669
0.7875769734
0.7883828282
0.7888602614
0.7894965410
0.7902573347
0.7908201814
0.7915698886
0.7918792963
0.7921791077
0.7925733328
0.7930269241
0.7936338186
0.7941532731
0.7943854928
0.7949264050
0.7947314978
0.7951667905
0.7959921360
0.7964454293
0.7966759205
0.7973511219
0.7974448204
0.7974641323
0.7976899147
0.7979519367
0.7981910110
0.7983936667
0.7985670567
0.7989369035
0.7983573675
0.7985748649
0.7991836071
0.7993326783
0.7995735407
0.8000507355
0.8001409173
0.8002064228
0.8004488945
0.8005754352
0.8008340597
0.8008855581
0.8008826375
0.8009164929
0.8004203439
0.8007736206
0.8012118936
0.8012976050
0.8012617230
0.8016121387
0.8015632033
0.8017050624
0.8017516732
0.8019217849
0.8022130132
0.8022760749
0.8023874760
0.8024875522
0.8017693162
0.8021987677
0.8025870919
0.8025532365
0.8026616573
0.8029680848
0.8029418588
0.8029181957
0.8029024601
0.8031048775
0.8034200072
0.8036137223
0.8034378290
0.8036578298
0.8029575348
0.8030539751
0.8031053543
0.8032128811
0.8034538031
0.8034985662
0.8034971356
0.8032008410
0.8032342196
0.8034662604
0.8035555482
0.8037807941
0.8037192225
0.8038710952
0.8029018044
0.7993986607
0.8014324903
0.8021360636
0.8022493124
0.8024688959
0.8028910756
0.8030650020
0.8029101491
0.8031030893
0.8032370806
0.8033982515
0.8035205007
0.8034956455
0.8037519455
0.8032314777
0.8034106493
0.8035626411
0.8035933971
0.8037998080
0.8038724661
0.8039161563
0.8039559126
0.8040468097
0.8042792678
0.8045424819
0.8047094345
0.8046576381
0.8048576713
0.8042742610
0.8047595620
0.8049522638
0.8047720790
0.8047265410
0.8049407005
0.8048195839
0.8047652245
0.8048180938
0.8051314950
0.8053621650
0.8053640127
0.8052384257
0.8054016829
0.8048733473
0.8051908612
0.8054252863
0.8052345514
0.8052753210
0.8055791855
0.8055456281
0.8053970933
0.8053758144
0.8054583073
0.8057229519
0.8058519959
0.8058800101
0.8060599566
0.8055714965
0.8058083653
0.8060241938
0.8060247898
0.8059751987
0.8062016964
0.8060018420
0.8058317304
0.8060073853
0.8061291575
0.8063346148
0.8065459728
0.8065384626
0.8067225814
0.8061053753
0.8063296676
0.8064781427
0.8062214255
0.8063004613
0.8065850735
0.8064244390
0.8063513637
0.8065641522
0.8068642020
0.8071510792
0.8073424101
0.8071811199
0.8074370027
0.8070898652
0.8078700900
0.8080857396
0.8080067635
0.8082498312
0.8086067438
0.8086938858
0.8087197542
0.8088618517
0.8091512322
0.8095955849
0.8098705411
0.8100087047
0.8104074001
