0.8914325833
0.8604606390
0.8724592924
0.8956045508
0.8938820958
0.9081345797
0.9111317992
0.9270352125
0.9248324037
0.9189935327
0.9253178239
0.9150391221
0.9143339396
0.9084950686
0.9481284022
0.9118380547
0.9063447714
0.9136279821
0.9093930721
0.9201228619
0.9208879471
0.9378147125
0.9343941212
0.9278287292
0.9334796667
0.9217504263
0.9201796651
0.9147956967
0.9504060149
0.9145853519
0.9078091979
0.9139772058
0.9096086025
0.9195595980
0.9200038314
0.9370850325
0.9337437153
0.9272972941
0.9327940941
0.9216375351
0.9200528264
0.9152096510
0.9512981772
0.9151242971
0.9081852436
0.9146828055
0.9104683399
0.9204199910
0.9208450913
0.9385013580
0.9349206090
0.9284510016
0.9340024590
0.9225308299
0.9211884737
0.9160997868
0.9518754482
0.9159712791
0.9090121984
0.9152714014
0.9113386273
0.9214976430
0.9218174219
0.9392771125
0.9354704618
0.9290114641
0.9342896938
0.9230998755
0.9218170047
0.9166844487
0.9522708058
0.9162907600
0.9092664123
0.9152846336
0.9114610553
0.9217022061
0.9218153954
0.9397420287
0.9358440042
0.9294133782
0.9346829653
0.9236923456
0.9225499034
0.9177015424
0.9530671239
0.9168710709
0.9099354744
0.9160479307
0.9125218987
0.9225923419
0.9226696491
0.9405714869
0.9367818236
0.9304970503
0.9361144304
0.9246762395
0.9236545563
0.9176192284
0.9397467375
0.9579001665
0.9185854793
0.9112033248
0.9167665839
0.9130135775
0.9226723313
0.9231671095
0.9410849810
0.9370767474
0.9307338595
0.9361350536
0.9249355793
0.9237521291
0.9187196493
0.9532764554
0.9172842503
0.9106122851
0.9162011147
0.9122806787
0.9220479727
0.9223964810
0.9402524829
0.9361912608
0.9299807549
0.9351374507
0.9239742756
0.9226430655
0.9177913666
0.9535416365
0.9172322750
0.9106501341
0.9167561531
0.9125739932
0.9220734835
0.9228321910
0.9405262470
0.9364148974
0.9301813841
0.9352991581
0.9238283038
0.9222813249
0.9176200628
0.9520695806
0.9163390994
0.9095362425
0.9158418179
0.9116029143
0.9207231402
0.9215434194
0.9398502707
0.9357230663
0.9292512536
0.9345448017
0.9231760502
0.9218050241
0.9170238972
0.9514625072
0.9159120917
0.9094465375
0.9156198502
0.9112149477
0.9202923775
0.9212229848
0.9387778044
0.9347534180
0.9284729362
0.9336079955
0.9220045805
0.9208038449
0.9163465500
0.9504114389
0.9150810242
0.9087001085
0.9146657586
0.9098722339
0.9188916683
0.9200221300
0.9387043118
0.9348493218
0.9283389449
0.9341143966
0.9221996069
0.9207140207
0.9164003134
0.9528124928
0.9157628417
0.9084010124
0.9144074917
0.9091548920
0.9176386595
0.9189189672
0.9348515272
0.9307019711
0.9243848920
0.9298085570
0.9179126024
0.9155793190
0.9118888974
