0.6174516082
0.6539912820
0.6742115021
0.6881470084
0.6979921460
0.7050266266
0.7104007602
0.7150967717
0.7189839482
0.7218676805
0.7243201137
0.7265586853
0.7285500765
0.7292137742
0.7340148687
0.7371096611
0.7396908998
0.7414336205
0.7428970337
0.7441775203
0.7451511025
0.7461028695
0.7467700243
0.7474376559
0.7480696440
0.7484635711
0.7490305901
0.7485972643
0.7511768341
0.7533631325
0.7551550865
0.7560243011
0.7567595840
0.7575014234
0.7581569552
0.7587167025
0.7589681745
0.7591035366
0.7590701580
0.7591197491
0.7594259381
0.7589322925
0.7610449791
0.7626775503
0.7639431953
0.7647495866
0.7652802467
0.7656858563
0.7660684586
0.7665164471
0.7666220069
0.7666017413
0.7664656043
0.7663973570
0.7663948536
0.7657285929
0.7674667835
0.7689054608
0.7699826956
0.7703968287
0.7707040906
0.7711145282
0.7713678479
0.7716910839
0.7716794014
0.7715095878
0.7712644935
0.7710338831
0.7709226012
0.7702738643
0.7719506621
0.7731173635
0.7740159035
0.7743714452
0.7746489644
0.7747979760
0.7750912905
0.7751394510
0.7749961019
0.7749220133
0.7745923996
0.7743882537
0.7742311954
0.7736526728
0.7752864361
0.7761861682
0.7769573927
0.7772521377
0.7773987055
0.7775652409
0.7778532505
0.7780666947
0.7780885100
0.7779034376
0.7776125073
0.7772814631
0.7770059109
0.7764652371
0.7739007473
0.7751862407
0.7769485116
0.7777234316
0.7781319022
0.7785342932
0.7787873149
0.7791026831
0.7792765498
0.7791566849
0.7790105343
0.7787560225
0.7785429955
0.7783183455
0.7777291536
0.7792181969
0.7801308036
0.7809073925
0.7811463475
0.7813404202
0.7815839052
0.7818073630
0.7819661498
0.7819190621
0.7816833258
0.7814723849
0.7811450362
0.7809621096
0.7803664207
0.7818336487
0.7826614976
0.7831580639
0.7834104300
0.7836785913
0.7839022875
0.7840545177
0.7841933370
0.7840708494
0.7839455009
0.7836450338
0.7832996249
0.7830846906
0.7825883031
0.7838547826
0.7846608162
0.7850520611
0.7852762341
0.7855030894
0.7857705355
0.7859477401
0.7860707641
0.7859449983
0.7857662439
0.7855150104
0.7852442861
0.7850071192
0.7842947245
0.7854388356
0.7862314582
0.7868316770
0.7871620059
0.7873725891
0.7875596285
0.7876420617
0.7877537012
0.7876997590
0.7875853777
0.7874038815
0.7870680690
0.7866747975
0.7860090137
0.7870621681
0.7877603173
0.7882596254
0.7884467840
0.7885611057
0.7886568904
0.7888883948
0.7891434431
0.7891516685
0.7891312242
0.7889171839
0.7885255814
0.7882084250
0.7875583768
0.7886198163
0.7892110348
0.7897082567
0.7898913622
0.7900055051
0.7900773883
0.7902792692
0.7903898358
0.7904615998
0.7906063199
0.7904779911
0.7902058959
0.7900071144
0.7895241976
