0.7564815283
0.8067818284
0.8240123391
0.8337559104
0.8398476243
0.8441786170
0.8471185565
0.8493767977
0.8513799906
0.8532965779
0.8548926115
0.8568193316
0.8587566614
0.8611196280
0.8647285104
0.8670514226
0.8686782122
0.8702849746
0.8709343672
0.8713664412
0.8713892698
0.8715608120
0.8715984225
0.8718078732
0.8721033335
0.8724355102
0.8727949262
0.8732594848
0.8747345805
0.8759225011
0.8769370914
0.8777871132
0.8779138327
0.8779549003
0.8779790401
0.8778372407
0.8776977062
0.8777181506
0.8776855469
0.8777523637
0.8779121637
0.8781240582
0.8789768815
0.8799122572
0.8806609511
0.8814236522
0.8815022111
0.8813523650
0.8811120391
0.8808674216
0.8807334900
0.8806332946
0.8806591630
0.8806968927
0.8808441758
0.8808922768
0.8815863132
0.8822420239
0.8829818368
0.8835688829
0.8835677505
0.8833653331
0.8832259178
0.8829986453
0.8827949166
0.8827003241
0.8826872706
0.8825985789
0.8828524947
0.8828855157
0.8834638000
0.8838710189
0.8845031261
0.8850359917
0.8849577904
0.8847364783
0.8845465183
0.8842635751
0.8840976954
0.8839189410
0.8838110566
0.8837199807
0.8837223053
0.8837255836
0.8842817545
0.8845570683
0.8852093220
0.8856594563
0.8855769634
0.8852569461
0.8849313259
0.8846101761
0.8844097853
0.8843050599
0.8841618896
0.8841897249
0.8841708899
0.8841697574
0.8842849135
0.8830055594
0.8845576644
0.8852231503
0.8855717182
0.8855493069
0.8854012489
0.8851334453
0.8848502040
0.8847100735
0.8845782876
0.8845188022
0.8844636083
0.8844562173
0.8844503760
0.8848832250
0.8849879503
0.8854952455
0.8859864473
0.8859087229
0.8857674599
0.8854550719
0.8851789832
0.8850925565
0.8848450184
0.8847185969
0.8845784664
0.8845657706
0.8845437765
0.8849943280
0.8850522041
0.8856551647
0.8861966729
0.8861081600
0.8857941628
0.8855231404
0.8852208853
0.8849488497
0.8847594261
0.8845732808
0.8845185041
0.8845171332
0.8844695091
0.8847487569
0.8848229051
0.8854180574
0.8858545423
0.8858659267
0.8855988979
0.8853302598
0.8851407170
0.8849464059
0.8847248554
0.8845016360
0.8843905330
0.8843632340
0.8843792677
0.8847235441
0.8846784234
0.8852995038
0.8857740760
0.8855516911
0.8853830099
0.8851255774
0.8848624229
0.8847153187
0.8845954537
0.8844159245
0.8843684793
0.8843940496
0.8843203187
0.8844646215
0.8845077157
0.8852435350
0.8856049180
0.8855456114
0.8852452636
0.8849161863
0.8846783042
0.8845384717
0.8844561577
0.8843164444
0.8843099475
0.8843759298
0.8844143748
0.8846274018
0.8849425912
0.8856358528
0.8861095309
0.8859835267
0.8856919408
0.8854109645
0.8850741982
0.8847164512
0.8846399784
0.8844383359
0.8844847083
0.8846183419
0.8846263289
