0.8366472125
0.8565444350
0.8603364825
0.8616193533
0.8625737429
0.8638505936
0.8651921749
0.8663133979
0.8674142957
0.8681498766
0.8693989515
0.8701404333
0.8702891469
0.8740926981
0.8920599818
0.8864380121
0.8801298141
0.8765077591
0.8741784692
0.8735330701
0.8733434081
0.8735681772
0.8737691045
0.8748850822
0.8756355643
0.8759698272
0.8765532374
0.8784593344
0.8965494037
0.8899545670
0.8837802410
0.8802337050
0.8773938417
0.8764341474
0.8766497970
0.8765099049
0.8772304058
0.8784354925
0.8785975575
0.8794023991
0.8791580200
0.8815441728
0.8991308212
0.8931694031
0.8872558475
0.8831966519
0.8798124194
0.8790729642
0.8789893389
0.8787006736
0.8800830245
0.8805707693
0.8806147575
0.8809627891
0.8809556365
0.8829033971
0.9006056786
0.8949002028
0.8888651133
0.8847619295
0.8817678094
0.8803537488
0.8798362613
0.8795555830
0.8807641268
0.8811287284
0.8816288114
0.8823993802
0.8827666044
0.8840722442
0.9016782641
0.8951585293
0.8896058202
0.8863321543
0.8828366399
0.8820174932
0.8804860711
0.8805308342
0.8816805482
0.8823477626
0.8827406168
0.8834310770
0.8836442232
0.8860560060
0.9034029245
0.8965221643
0.8908408880
0.8865795135
0.8841443062
0.8823763132
0.8811371326
0.8813947439
0.8830342889
0.8832741380
0.8838932514
0.8844769597
0.8853634000
0.8880704045
0.8796157241
0.8898015022
0.8930473924
0.8903651834
0.8867582083
0.8835873008
0.8828765750
0.8817316890
0.8821361661
0.8830000162
0.8838046789
0.8842996359
0.8848196268
0.8853247762
0.8872587681
0.9038053751
0.8982750177
0.8916282058
0.8884079456
0.8850456476
0.8838264346
0.8837757111
0.8839172721
0.8838927746
0.8848891854
0.8855602741
0.8859632015
0.8861181736
0.8876733184
0.9039757252
0.8984629512
0.8926055431
0.8888203502
0.8857902884
0.8845387101
0.8843511343
0.8843055964
0.8847526908
0.8856893182
0.8858579397
0.8863450885
0.8869877458
0.8879582286
0.9044262767
0.8991327286
0.8932684660
0.8891509175
0.8861228824
0.8846448660
0.8844204545
0.8844835162
0.8850439787
0.8858759999
0.8857977986
0.8862468004
0.8865413666
0.8882541656
0.9042796493
0.8985512257
0.8929389715
0.8888136148
0.8860167265
0.8849841952
0.8842769265
0.8842833638
0.8853695989
0.8858374357
0.8856807947
0.8863240480
0.8865320086
0.8880023360
0.9043260217
0.8992453218
0.8929432034
0.8892207146
0.8855412602
0.8848870397
0.8843274117
0.8849066496
0.8857172728
0.8862130046
0.8861626983
0.8862667084
0.8864967823
0.8880808353
0.9055565000
0.8978783488
0.8921986818
0.8881648779
0.8853998184
0.8836716413
0.8832391500
0.8830795884
0.8847125769
0.8847772479
0.8852021694
0.8844870925
0.8843464851
0.8851012588
