0.4089401662
0.4676047862
0.5216698050
0.5509135127
0.5693541765
0.5827699304
0.5936697721
0.6029372215
0.6107575893
0.6184362769
0.6250324845
0.6308414936
0.6358179450
0.6408836246
0.6447721720
0.6470684409
0.6497972012
0.6528591514
0.6553572416
0.6578329206
0.6601226926
0.6621989012
0.6641431451
0.6663187146
0.6685644388
0.6706514955
0.6724670529
0.6739374995
0.6746166348
0.6747338176
0.6758834720
0.6779552698
0.6795088053
0.6809189916
0.6823815107
0.6837285161
0.6852518916
0.6867671013
0.6881165504
0.6892613173
0.6902652383
0.6910946965
0.6914397478
0.6913245320
0.6920902729
0.6935182214
0.6946762800
0.6958004236
0.6968394518
0.6977837682
0.6988815665
0.7001761794
0.7012809515
0.7022061944
0.7029840350
0.7034865618
0.7035446763
0.7032797933
0.7040035725
0.7052803040
0.7061952353
0.7070676088
0.7078656554
0.7086020112
0.7094410658
0.7103749514
0.7113160491
0.7121060491
0.7126682401
0.7130762935
0.7129730582
0.7125791311
0.7130882740
0.7139565945
0.7145470977
0.7150488496
0.7155207992
0.7160040736
0.7166613936
0.7174344063
0.7182793021
0.7189578414
0.7194484472
0.7197473645
0.7196119428
0.7192232609
0.7195644975
0.7202280164
0.7207634449
0.7210792899
0.7213736773
0.7217126489
0.7221738100
0.7228503823
0.7235026956
0.7240388989
0.7244752645
0.7247948050
0.7244271040
0.7234885097
0.7230288982
0.7235740423
0.7241533399
0.7244858146
0.7247923613
0.7250776887
0.7253325582
0.7256498337
0.7260667086
0.7265250087
0.7268943191
0.7271436453
0.7273247242
0.7271222472
0.7266775966
0.7267414927
0.7271847129
0.7274715900
0.7277786136
0.7280806899
0.7283857465
0.7287146449
0.7291774750
0.7296044827
0.7300043702
0.7301762104
0.7302840352
0.7300891876
0.7296831608
0.7298471928
0.7303402424
0.7306066751
0.7308639884
0.7310972810
0.7313553691
0.7315200567
0.7318634391
0.7321906686
0.7325053215
0.7326648831
0.7327666283
0.7325645089
0.7320871353
0.7321780920
0.7325747013
0.7327960730
0.7330392599
0.7332221270
0.7334031463
0.7335173488
0.7337803841
0.7341172099
0.7343395948
0.7345064282
0.7345550656
0.7342833281
0.7337922454
0.7338826656
0.7343527079
0.7346422076
0.7348947525
0.7350351214
0.7351219654
0.7351778150
0.7354080677
0.7356238365
0.7358610034
0.7360438704
0.7361186743
0.7359568477
0.7355009913
0.7355536222
0.7358827591
0.7361169457
0.7362875938
0.7363779545
0.7364701033
0.7365936637
0.7368122339
0.7370465398
0.7373524308
0.7375074625
0.7376161218
0.7374591827
0.7370882630
0.7372718453
0.7375537157
0.7377721071
0.7379487753
0.7381332517
0.7382465005
0.7383506894
0.7385156155
0.7387294769
0.7390235066
0.7391958237
0.7393903732
