0.1999706924
0.0564723611
0.1845101863
0.0154427718
0.0117909070
0.5357135534
0.0196476057
0.2604770958
0.1024074852
0.1640080810
0.0154941035
0.0821009651
0.5692465901
0.0483113900
0.1080891043
0.0704221278
0.2727256119
0.0192910880
0.0798968077
0.1131794453
0.0325396359
0.0311560184
0.1171522886
0.1996666342
0.2275554091
0.2913230658
0.1501370668
0.3015205264
0.0388180204
0.2343928069
0.0780265853
0.0073154359
0.0187690035
0.3351271152
0.0134374565
0.0583451651
0.1234676912
0.2066151351
0.1501997560
0.0129901022
0.1093199179
0.3838504553
0.1292132735
0.0795591772
0.0814467072
0.0819192007
0.1472689062
0.4977304637
0.1329413503
0.2109115571
0.2562409639
0.0885871798
0.1490311474
0.0328083001
0.1467183232
0.2453076988
2.5686156750
0.0270514563
0.1307245344
0.1207183450
0.2215813696
0.1617034972
0.0781680644
0.0589678474
0.4643932879
0.1495147198
0.3015509546
0.1789591759
0.0626330450
0.4590346813
0.1003884077
0.4365884960
0.4468070865
0.4653443992
0.2956156135
0.2915458083
0.1331652850
0.1366518736
0.0336825177
0.2851169407
0.0334209315
0.2013365924
0.1086216643
0.0196631793
0.0922043920
0.2319984734
0.5229025483
0.2552614808
0.1260022372
0.0748237893
0.1179746240
0.2897863686
0.0693882778
0.0649032891
0.2067004144
0.1282004118
0.2454995513
0.2270236164
0.1960631907
0.1106088981
0.2952680588
0.1457066983
0.3369597197
0.1614290774
0.1107528284
0.3616303504
0.3950140476
0.2094954848
0.0994180664
0.2983863950
0.1271602958
0.0289035477
0.1027254313
0.2503082454
0.0272002816
0.6706855297
0.0666506365
0.3171346188
0.5758872032
0.1947560906
0.1323291212
0.5437577963
0.0195970368
0.1362856328
0.1109859794
0.0201166309
0.0848155990
0.0937746838
0.2125674188
0.1804858595
0.3445045352
0.0570429936
0.0263162088
0.1667590290
0.0153624611
0.0819357038
0.2308838516
0.1404938251
0.1991191208
0.1792312115
0.3101049364
0.3769518137
0.3041516542
0.0108192340
0.0132901734
0.1322202682
0.2189819962
0.0945409387
0.0071645910
0.4025401473
0.3253419995
0.0645373911
0.0127742039
0.0235693380
0.0891091973
0.0691327304
0.8729327321
0.1618334055
0.1519130319
0.0211300105
0.1154616773
0.5095413923
0.4920821190
0.2216430753
0.7365396023
0.2305563539
0.2960399687
0.2107709199
0.1251632273
0.2281238139
0.4625400603
0.3161277473
0.2489050031
0.0303623024
0.0108938161
0.3008256257
0.1873563826
0.1892119348
0.1066589952
0.0656535923
0.0274352431
0.2329157889
0.0344104394
0.0875823200
0.1197779924
0.0834122598
0.0897347629
0.4229148328
0.1859422177
0.2389977127
0.0195243228
0.1539548934
0.0279732849
0.0435376130
0.1913596094
0.1603276581
0.1866296828
0.2430366576
0.0934056938
0.1557215750
0.1205991805
0.0284002032
0.2821732759
0.4667250514
0.6208941936
0.1355401129
0.2583263814
0.1005450934
0.3635601103
0.0217576716
0.0690860152
0.0301175639
0.0101887072
0.0623168163
0.2025002986
0.4358537495
0.4002926648
0.1352659464
0.3265714049
0.1863552332
0.0723065138
0.3162294924
0.2263091207
0.2157890499
0.2537078857
0.0131608779
0.0747767538
0.0779786184
0.0627206415
0.0267750435
0.0673165247
0.2537859082
0.0628750473
0.2080661356
0.1212943196
0.1416262239
0.2213644236
0.1047298089
0.3808337748
0.0143220723
0.1351831853
0.3651906252
0.1530714333
0.0513345264
0.0612238161
0.0213980488
0.0876757577
0.1788269281
0.4054001570
0.1500247866
0.0876055211
0.1436765492
0.1397553682
0.1031581759
0.1676098555
0.1172673628
0.0351829864
0.1071132794
0.1182770953
0.1521456093
0.2959643304
0.1743676662
0.0906191617
0.2869374156
0.1444590092
0.3249321580
0.5710483193
0.2595680058
0.2143498510
0.0976974145
0.0069025559
0.0899656415
0.0151063744
0.1058874801
0.1966068745
0.0714863092
0.1352099031
0.0760969371
0.0831026211
0.1566594988
0.1545806676
0.0114764208
0.2102905959
0.2288225889
0.1065335572
0.7581043839
0.0282417014
0.0595612265
0.0885248631
0.5694756508
0.0928275064
0.0122389356
0.0792969912
0.0709910691
0.0092687774
0.0713330880
0.0292878281
0.0709199607
0.1441902369
0.0448989756
0.2158016562
0.6014258862
0.0270931758
0.0125099961
0.4344341159
0.0698163360
0.2253153175
0.4823627770
0.0946658775
0.0850697532
0.0662026256
0.1386031955
0.4526195228
0.0394125842
0.0520999059
0.0196149983
0.0219465625
0.1172201261
0.0188243203
0.4411341846
0.5459853411
0.3884304464
0.0092104822
0.0623540953
0.0226762313
0.5448448658
0.3393694460
0.0409110747
0.0583398789
0.1951479465
0.1858004928
0.0906015933
0.0263437461
0.0153002013
0.2027287185
0.5228807926
0.1371169090
0.1094379351
0.2135728300
0.6083400249
0.0496198647
0.0786097944
0.1043766886
0.2962079346
0.1017043889
0.1530924439
0.2646253705
0.0465840623
0.1753302813
0.0219118521
0.2152741104
0.1415689886
0.2224410623
0.1065263301
0.0282209199
0.2904229164
0.1606419832
0.0184645932
0.2424107939
0.0983647853
0.2183815688
0.0875272825
0.0555366017
0.1721908003
0.0804296434
0.3865827024
0.5533766747
0.0930131525
0.3345367908
0.1315835118
0.2195291221
0.0370523855
0.1352130771
0.1010332257
0.0764505640
0.0854588002
0.2288094461
0.5010103583
0.2264540941
0.3136493266
0.1756113470
0.0143220052
0.0455355160
0.1237535253
0.4115236104
0.1036371216
0.4023608267
0.0706647113
0.1565694809
0.2700551450
0.0775847435
0.3394733965
0.5879186988
0.5301055908
0.1198479310
0.2499332279
0.3855327666
0.2128061354
0.0779747218
0.1524554044
0.2110193968
0.1022790596
0.1886314899
0.1013256684
0.5602702498
0.3360435069
0.0390487425
0.1418858171
0.0802051276
0.1874940097
0.1568522006
0.2448570281
0.2610164583
0.1260778457
0.7465289831
0.2700020373
0.0643848404
0.2035916597
0.1134915426
0.0335636921
0.0980405286
0.0263974220
0.0814853236
0.0582802035
0.3752885163
0.0451074764
0.3130033612
0.1000222191
0.4776089787
0.4031023681
0.0853482932
0.1099716872
0.3988825679
0.1454506665
0.2423229069
0.2020161152
0.0360522680
0.3534610569
0.1087168306
0.2676492631
0.1488031149
0.2438161075
0.2413579673
0.2748966217
0.1996328235
0.0060532256
0.3239200711
0.2896637917
0.0455892906
0.4429910183
0.0217302591
0.0271871295
0.0821339712
0.0327475332
0.2413563728
0.0127444649
0.4432573020
0.4420163631
0.1516959667
0.0752845705
0.2402705252
0.0760686398
0.0495333038
0.0467339605
0.0211131331
0.2634969354
0.2354329526
0.3444375992
0.1985246092
0.2382516712
0.1249303445
0.2975206971
0.1002926230
0.0730205551
0.2762631774
0.2528309822
0.0753993019
0.0386701822
0.4202874601
0.2966406047
0.4975053668
0.3339094520
0.1615139842
0.0964107588
0.1044388264
0.1166968346
0.0980867967
0.0610458776
0.2689616978
0.3926587105
0.0211526360
0.1236378476
0.1834443212
0.2018881291
0.2068245560
0.1207499802
0.1276080310
0.1829885542
0.0709300712
0.0130592436
0.0829057172
0.3327247202
0.0706813261
0.3081094325
0.0946770236
0.1826177984
0.0095506376
0.0435421951
0.9205953479
0.0188916866
0.0204826389
0.0749524310
0.1958319396
0.3598093987
0.0756237507
0.2789814472
0.5471766591
0.1672431976
0.4731825590
0.0825498104
0.3910732567
0.4608802795
0.1702370346
0.0785482973
0.1415587366
0.0922249928
0.1336394846
0.1518972367
0.4043174684
0.1923578382
0.7045477629
0.0718211979
0.0448413715
0.1544753164
0.0999804288
0.5834663510
0.0054930849
0.2574059069
0.0146876145
0.2386893034
0.2111650705
0.1737276316
0.0337128751
0.0729806200
0.3751963675
0.1222433001
0.4075548351
0.0073808650
0.1149229556
0.0855443925
0.0356850959
0.0832745507
0.7320675254
0.2369702756
0.3544658422
0.0658139735
0.2453636080
0.0807636157
0.0299184825
0.0236712527
0.1491387635
0.2762942910
0.2551302612
0.0177315529
0.3095314503
0.0965999141
0.2452999949
0.1625705212
0.1989737600
0.0375501625
0.1211973354
0.1858327091
0.1123508364
0.6144465208
0.4541497827
0.0149142612
0.2229747772
0.0724917576
0.2968824804
0.2625078559
0.0703372359
0.0696473345
0.0708023161
0.0985808223
0.0835441649
0.4600855410
0.0415226258
0.0171858538
0.0216223914
0.1774542481
0.0190551300
0.4350880980
0.2293427885
0.1054938436
0.2226379514
0.2177542746
0.0821158737
0.0261277445
0.0872488618
0.2092015147
0.0718379319
0.1264074296
0.2392468601
0.0243879221
0.0238171760
0.2351601720
0.3408865631
0.0253236108
0.4096727967
0.0631433949
0.0257957838
0.1653545350
0.0293511152
0.4963641763
0.0859812275
0.0324095935
0.0811393559
0.1487028599
0.0370739289
0.5061702728
0.2711732686
0.0178552736
0.0180788208
0.0666914731
0.3617390692
0.4742227197
0.0666726530
0.1869711429
0.0966564268
0.0935279652
0.4668761194
0.0945262536
0.1008720249
0.0911877453
0.0094914632
0.4306242168
0.1520173997
0.0710809603
0.2447004616
0.4987814426
0.0237765945
0.6687542796
0.0959781557
0.2155016959
0.0155324200
0.0836532339
0.2363120764
0.0841868073
0.2693625391
0.5786845088
0.0334762968
0.0938361436
0.1182150096
0.2395967394
0.3822775185
0.1720916927
0.0770207793
0.0112605486
0.0396281481
0.0838308334
0.0486389361
0.4768714905
0.0202974901
0.1424368620
0.0928173661
0.0961526707
0.1285828501
0.2678083181
0.5189310908
0.0740756989
0.2638405561
0.0396899208
0.0736852661
0.0905697122
0.3350316584
0.0159788374
0.1162040308
0.0987313464
0.0300799105
0.0970700607
0.0353388116
0.2821068466
0.0883495212
0.0134122744
0.1177250370
0.0816302449
0.0766079798
0.6271853447
0.2320935875
0.3093349934
0.0893422738
0.3371954858
0.0864638686
0.4430918396
0.2598874867
0.0208569765
0.0110704275
0.1335368156
0.0719665214
0.2522700131
0.0706854016
0.0840351880
0.3168941736
0.3794263303
0.1476904750
0.0090886243
0.1296807230
0.0995785818
0.1608598232
0.0447348319
0.0643052310
0.0258764680
0.0677053928
0.4196036458
0.1221258566
0.0128160734
0.3086035252
0.1465995461
0.0597807132
0.0191691462
0.4933422506
0.0583920777
0.2332724482
0.0118458457
0.1454514116
0.0524242036
0.0689930841
0.1445333213
0.0413622893
0.0084040044
0.2618982196
0.0745742619
0.1250667274
0.3151249588
0.1345555782
0.0184138492
0.0653021485
0.2373591661
0.0425128117
0.1157139093
0.0862723067
0.0805256739
0.0534832142
0.0784486085
0.3625415862
0.0576017089
0.0279331394
0.0593162104
0.1457089037
0.0892942250
0.3629998863
0.0548239984
0.1055368781
0.5863936543
0.3892877698
0.0963568166
0.0121469647
0.2510377169
0.4699951708
0.0667688102
0.1101251915
0.1311296225
0.1833218485
0.1120542064
0.2095434070
0.5064959526
0.1573860496
0.0966681540
