0.0733165294
0.1648278832
0.0600807145
0.0008459590
0.0031969247
0.0243052319
0.0014713170
0.0144154187
0.1394316703
0.0417591669
0.0023819371
0.0091251992
0.0708779097
0.0872427374
0.0294229351
0.0223890804
0.1165800020
0.0043173502
0.0031749764
0.0682449266
0.0051572528
0.1778631806
0.0237584878
0.0436218604
0.0583617501
0.0326746963
0.1440790743
0.1670637280
0.0058009545
0.1400014609
0.0281006191
0.0016732275
0.0093608024
0.0445268452
0.0036440701
0.0339744464
0.0214762557
0.0225653872
0.1808006763
0.0049753482
0.0371779427
0.0447159335
0.0308691002
0.0258585978
0.0448639169
0.0241335835
0.0767722055
0.0194262154
0.0551837571
0.0537085459
0.0652733594
0.0417157784
0.0923104063
0.0136107644
0.0442785509
0.2627123892
0.1542125493
0.0452600047
0.0640296936
0.0801712126
0.0257639550
0.0314501040
0.0265251733
0.0165110361
0.0755415559
0.0749488771
0.0690827072
0.0312442370
0.1233556643
0.0096556498
0.0237498842
0.0366062075
0.1015295237
0.0761923119
0.0572140478
0.0522003025
0.0249541197
0.0507429428
0.0065550637
0.2706188858
0.0853733495
0.0021127269
0.1795177013
0.0132401194
0.0222595688
0.0039731101
0.0159968026
0.0414818414
0.0031396628
0.0270369612
0.0366650335
0.1070897728
0.0257667527
0.0026555529
0.0044643623
0.0415388756
0.0955161303
0.1220614016
0.0768492222
0.0388950743
0.0293810610
0.0348250084
0.0207647532
0.0327708647
0.0290493052
0.2547564805
0.0028617640
0.0386297628
0.0248560943
0.0482386872
0.0316823795
0.0019035089
0.0008493529
0.0072643468
0.0019717505
0.0645622686
0.0165709481
0.0751954317
0.1491255015
0.0586632639
0.0510973409
0.0588986427
0.0024110235
0.0343063772
0.0077091167
0.0107917693
0.0282134470
0.0021228276
0.2675217092
0.0607958958
0.0588649213
0.0209531672
0.0011765758
0.0298859999
0.0130029405
0.0252223704
0.0276863910
0.0553431362
0.0739728361
0.0104186209
0.0677856281
0.1742237657
0.0694569275
0.0104508568
0.0055712545
0.0272618532
0.0881911442
0.0430137403
0.0023276089
0.0274657253
0.0124092801
0.1137404889
0.0098128179
0.0047617550
0.0163480528
0.0090053957
0.0776670277
0.0996813551
0.0592127219
0.0069023548
0.0810157657
0.1832649261
0.0623484924
0.0558116138
0.0691950098
0.1132233739
0.0382643938
0.1005289033
0.0287718587
0.0637937784
0.0497697815
0.0652220100
0.1583513469
0.0019851630
0.0014650471
0.0546549223
0.0701807439
0.0636169016
0.0251121707
0.0137128364
0.0404174030
0.0330990367
0.0067579392
0.0121132508
0.0303692352
0.1453410089
0.0023484409
0.0936180502
0.1558532715
0.0770018920
0.0027721829
0.0566838719
0.0008331139
0.0168917850
0.1174419820
0.0634735525
0.0225042421
0.0738451630
0.0834948793
0.0932314545
0.0583842732
0.0083959838
0.1153241694
0.0873071626
0.1082753688
0.0851089284
0.1144406796
0.0261809956
0.0859347656
0.0182292163
0.2561622858
0.0415844508
0.0041916603
0.0012780910
0.0411772802
0.0012477287
0.0535742752
0.0428823121
0.0301582366
0.1034336016
0.0299771223
0.0764182359
0.0453212969
0.1222889423
0.1108270064
0.0019377515
0.0239078570
0.0205264986
0.0723137781
0.0052692126
0.0246749967
0.1020586938
0.0673494563
0.0160997231
0.0789688006
0.0434211753
0.0741165429
0.0106735509
0.0021430049
0.0035034439
0.0310797263
0.1604060829
0.1775819957
0.0275509842
0.0381093435
0.0015445795
0.0811645389
0.0015414290
0.0319707468
0.0463590696
0.0293771997
0.0887193680
0.0520302318
0.0230925232
0.0272102598
0.0467871800
0.0162083376
0.0657540858
0.1080643684
0.0742211789
0.0791080371
0.0588982776
0.0153977750
0.0470953621
0.0129510891
0.0339412540
0.0616023615
0.0085021881
0.0392647982
0.1321996599
0.0262760445
0.0231832583
0.0035706339
0.0128156357
0.0006891323
0.0223189108
0.1881557405
0.0252017789
0.0012652650
0.0314640403
0.0999644995
0.0010385894
0.1696497798
0.0668420345
0.0529312529
0.2464158535
0.0171481166
0.0022298496
0.0460608751
0.0934837088
0.2095427662
0.0035832641
0.0316546448
0.0279923677
0.0031209290
0.0248306785
0.0352210253
0.0211596433
0.1448760182
0.1879545599
0.0742418692
0.0768970475
0.0088833598
0.0151426941
0.0747101679
0.0269073788
0.1703857780
0.1147159487
0.0301750470
0.0389053449
0.0031294930
0.0150225973
0.0417533964
0.0029921071
0.0112704979
0.0020347023
0.0039222389
0.0263640229
0.0061610756
0.0810707361
0.1127560213
0.2167233080
0.0014110543
0.0187587570
0.0077032037
0.0652504265
0.0383982174
0.0016995524
0.0477707051
0.0172954369
0.2262747884
0.0304744896
0.0325452909
0.0052187378
0.2140527815
0.0908697248
0.0434572697
0.0229739156
0.0273000728
0.0450500585
0.0720880851
0.0305679161
0.0027330171
0.0494046435
0.0121149095
0.0347464718
0.1389040351
0.0069147237
0.2123150676
0.0026777466
0.0142376889
0.1031677797
0.0953161269
0.0251932591
0.0109695578
0.1353005767
0.1080690324
0.0061430847
0.0950846523
0.0312328693
0.0838289112
0.0201520268
0.1184931770
0.0513846241
0.0296618342
0.0327359326
0.0371175781
0.0225140471
0.0104503185
0.0105243707
0.0762101188
0.0048404643
0.0379500687
0.1130687073
0.2760230601
0.0218663774
0.0427457243
0.0943296403
0.0388921909
0.0471603088
0.0379624553
0.0021062123
0.2181429565
0.0194759015
0.2259984910
0.0230757538
0.0412379913
0.0203995053
0.0451800898
0.1491572261
0.0237162653
0.0425039791
0.0408407524
0.1129497066
0.0606164113
0.0574637465
0.0014351435
0.0756000802
0.0657155588
0.1156071946
0.0436967313
0.0294415280
0.1271841973
0.1230351180
0.2350654453
0.0369749852
0.2295863628
0.0277064964
0.0250575244
0.0662874505
0.0912748277
0.1781802326
0.0217823256
0.0346446410
0.1898866296
0.0609547384
0.0198516343
0.0686750188
0.0204728283
0.0121434378
0.0287057143
0.0182254575
0.0305550881
0.0042435685
0.0895195976
0.0276545230
0.0198858920
0.0455542840
0.0041043297
0.0034349032
0.0950751603
0.0254758224
0.0237843283
0.0672938749
0.0269810911
0.0819126964
0.1593115777
0.0940260962
0.0306626540
0.1451284736
0.0380224735
0.0497009009
0.0339197591
0.0438045375
0.0227097422
0.0031583251
0.0228386596
0.1119044796
0.0096677337
0.0688778609
0.0034010592
0.0025520313
0.0643188730
0.0184080545
0.0799736083
0.0076712333
0.0746588632
0.0025358936
0.0464285463
0.0303536188
0.1463432461
0.0690198615
0.0096876658
0.0308391731
0.0029039825
0.0770461559
0.0607768856
0.0022625707
0.1145178899
0.0096977130
0.0353150703
0.0429797769
0.0381465107
0.0227084626
0.0400049537
0.0552695617
0.0245230272
0.0044302931
0.2215286344
0.5241453052
0.0076448517
0.2348189056
0.1013956293
0.0642934814
0.0250034966
0.0739439428
0.0235935114
0.2074473947
0.0439104252
0.0457513854
0.0185941961
0.0548555516
0.0492437370
0.0723724738
0.1596071720
0.0686751604
0.0288787168
0.0982315093
0.0287010241
0.0032975627
0.0019966818
0.1355663985
0.0272864383
0.0616635717
0.0815092623
0.0576470345
0.0022996496
0.0016789419
0.0640999451
0.0027622855
0.0023328264
0.0238644872
0.0483302884
0.1306006461
0.0232359432
0.0456174091
0.1237378120
0.0207856502
0.0494903103
0.0463655367
0.1789874732
0.0129263755
0.0366386920
0.0224879459
0.0396907926
0.0031880727
0.0418214388
0.1458180994
0.0040783575
0.0013446920
0.2257799357
0.0231953114
0.0272399355
0.0351010598
0.0383335203
0.0634130165
0.0027921167
0.0297172274
0.0019343554
0.0701423883
0.1056825593
0.0118344827
0.0158433355
0.0214864407
0.0717386529
0.0648730770
0.0217531286
0.0029376785
0.1120948866
0.0298635326
0.0025460771
0.0279936716
0.0358611308
0.0976091102
0.0086422246
0.0130575020
0.1175262555
0.0239113532
0.0433118902
0.0194540322
0.0562593862
0.0664223358
0.0467251986
0.0041439650
0.0816966444
0.0371673480
0.0383832566
0.0145933367
0.0081220940
0.0025380212
0.0337038189
0.0500218533
0.0273704045
0.1478994042
0.0970280915
0.0043783663
0.0443569161
0.0511797667
0.1908868700
0.0712554827
0.0311671756
0.0211337842
0.0507050157
0.0118845860
0.0370355621
0.0641760528
0.0009254647
0.0045403265
0.0129661299
0.0525069721
0.0078820921
0.1810202152
0.0350476801
0.0824205130
0.0439873040
0.1188689098
0.0203872155
0.0116437459
0.0383765101
0.0312487390
0.0207501352
0.0352273025
0.1212636754
0.0292294398
0.0038281681
0.1940632164
0.0368675105
0.0222089533
0.0115639679
0.2181590199
0.0053502582
0.1293429285
0.0024110079
0.0454483256
0.0253583919
0.0048072953
0.0333885141
0.0436137207
0.0034186505
0.0060293730
0.0873764902
0.0121215787
0.0418319702
0.0114790760
0.0940395072
0.1080270782
0.0783945769
0.0696554184
0.0228251796
0.0261757132
0.0754148439
0.0209970605
0.1210738569
0.0037166979
0.0074641579
0.0150103765
0.0063330438
0.0234039146
0.1466308385
0.0427683741
0.0035172985
0.0712196231
0.1412694603
0.1400422007
0.0024848201
0.0302624051
0.0690241903
0.1776357740
0.0446568727
0.1526635289
0.0058926963
0.0407943875
0.1101426110
0.0604738817
0.0602820963
0.0458918847
0.0252309218
0.0025858546
0.0039179102
0.0251245387
0.0001798043
0.0097195106
0.0091798017
0.0969680697
0.0292486474
0.0201544296
0.1006682515
0.0796052888
0.0827446058
0.0245184191
0.0731277317
0.0051636873
0.0166923068
0.0273427013
0.0398914367
0.0162613001
0.0768400580
0.0301321186
0.0085710147
0.1379785091
0.0864379406
0.0218444094
0.0331352800
0.0385510512
0.1001268104
0.0011853327
0.0203207657
0.0781954527
0.1294271201
0.0714630187
0.0756648928
0.0102811996
0.0383052081
0.1028428003
0.0447516851
0.0790691599
0.0034185231
0.0314069092
0.0299571343
0.0926489905
0.0322706960
0.0412036143
0.0936979502
0.0734613910
0.1119468138
0.0031442649
0.0111319069
0.0995522290
0.0600463375
0.0150816431
0.0230464730
0.0263776910
0.0204387642
0.0673838034
0.1323325932
0.0033223419
0.0176417213
0.0213004239
0.0365796760
0.0043235803
0.0028271426
0.0204544310
0.0612116344
0.0109004155
0.0726794377
0.0054409374
0.0253598299
0.0129240854
0.0055610784
0.0041738744
0.0846964717
0.0266458821
0.0157691017
0.0590689480
0.0918091536
0.0135609107
0.0214429498
0.2351206988
0.0085430676
0.0317519940
0.0209231824
0.0241519678
0.0141341146
0.1483042985
0.0349636301
0.0052100345
0.0122073302
0.0062472913
0.0323348269
0.0240555685
0.0414653569
0.0061414940
0.0349121429
0.0821819082
0.0265043899
0.0273644608
0.0009887377
0.0159934796
0.0128916148
0.0307307933
0.0515449457
0.0309197847
0.2193060517
0.0823901445
0.1225508079
0.0297579244
0.0584417246
0.0287106689
