0.2493489385
0.2742788792
0.2036509365
0.2198972255
0.2627182603
0.2890074849
0.2217856795
0.2974349260
0.2074299157
0.2757732570
0.2242493480
0.3280022442
0.3254452944
0.2260919809
0.2827109396
0.1929364800
0.2116690874
0.2918438315
0.3209712207
0.2132446617
0.3136456907
0.2271454185
0.2209571451
0.2381291389
0.2749244273
0.2296674401
0.2587176561
0.2816875875
0.2923796773
0.2288978547
0.2540246546
0.2381029725
0.2466869056
0.2581740022
0.2235456258
0.2351540327
0.3069197237
0.3599130213
0.4089345634
0.2746822238
0.2442034930
0.2187382132
0.2198926061
0.2926579416
0.2017018050
0.0827199742
0.2358848602
0.0798994601
0.2043626904
0.2785097957
0.2107776105
0.2714505494
0.2118514031
0.2506406605
0.3041000664
0.3192734420
0.2198904902
0.1939102262
0.4100732207
0.3296132386
0.2060192376
0.2578009665
0.2403320819
0.2793440819
0.2739432156
0.2383713722
0.3136652708
0.3150038719
0.2741745710
0.2264667153
0.2427429259
0.3359262347
0.1197979152
0.4027482271
0.2121179104
0.2655610144
0.1359269470
0.0635564849
0.2131509483
0.3447501659
0.2158368230
0.2256962359
0.2082494050
0.2244624794
0.0855327770
0.2066261619
0.2413207889
0.2489600480
0.2559475005
0.2614570558
0.2220324874
0.3028071523
0.2353861481
0.1975111663
0.3091627955
0.2493969649
0.2303955108
0.3778334558
0.2411429435
0.2987297773
0.2650431097
0.3860387504
0.2282729447
0.2401162684
0.2068741769
0.2151362896
0.2160272300
0.2439854592
0.2271607965
0.2346318215
0.2781021893
0.2366899699
0.3226786554
0.2484729290
0.2745868266
0.2927769721
0.1894436777
0.2544852793
0.2369871140
0.0488591120
0.2161885798
0.2719095647
0.2219392359
0.2885238528
0.2199708968
0.1013322100
0.3105494082
0.2094630152
0.5472162962
0.2771651447
0.3726663888
0.2155350149
0.3249504268
0.1639027894
0.2593717575
0.2113289088
0.2408531159
0.2624656856
0.3243596256
0.2378012389
0.2363332063
0.3673302829
0.2476007044
0.2488960028
0.1951388866
0.1970942169
0.3411571383
0.3171971440
0.2997882366
0.2431394905
0.2381108701
0.2881127000
0.4285089970
0.2999972701
0.2920532525
0.2651254535
0.5144082308
0.2359135896
0.2397332639
0.2101784497
0.2289934605
0.2977475226
0.2803600132
0.1789113283
0.2809665799
0.2913552523
0.2533863485
0.3830241859
0.2466690391
0.1307273954
0.2823675275
0.2108512670
0.2140394747
0.2632725239
0.3739537597
0.3631631732
0.2092946023
0.2071208209
0.2224339843
0.3255140185
0.2094961703
0.5374750495
0.1997442096
0.3330271840
0.3063582182
0.2673207223
0.2895916998
0.1960993707
0.3564201295
0.2635053098
0.2392973155
0.2408997864
0.2574815154
0.2082899958
0.2941366136
0.0882004127
0.2468366474
0.2951050699
0.2577924430
0.2325397879
0.2192629576
0.2609959245
0.2345027924
0.2412160337
0.1638906598
0.1763745844
0.2185974717
0.3443683386
0.0495046861
0.2630166709
0.2280302197
0.2071862072
0.3498606384
0.2061332166
0.2297296226
0.2593125105
0.2652989328
0.2905521095
0.3501341641
0.2425349951
0.2404980958
0.2475096434
0.0329728760
0.2070863992
0.3643584549
0.2396035641
0.2722837627
0.2091915011
0.3579373360
0.2367943227
0.2761713564
0.2253884524
0.4101063609
0.2270654440
0.2429582179
0.2698232830
0.2207625955
0.1848403364
0.2488013655
0.1812428981
0.2740439177
0.3391286731
0.3077799678
0.3927831054
0.0691803098
0.4766961038
0.2534495592
0.2001099288
0.2525247037
0.2375074476
0.2490950525
0.2583495080
0.2589590549
0.2067900747
0.3293090463
0.2194706649
0.2356691808
0.2262591422
0.2564517558
0.2741937041
0.1968319714
0.3595428765
0.1289898306
0.2608659565
0.2321598828
0.2436034828
0.3564569056
0.3137460649
0.2666916847
0.2633226812
0.2210313827
0.2301373929
0.2211416215
0.3079488873
0.2584966421
0.2407497317
0.2454630435
0.2671319246
0.1962812841
0.2664658725
0.2516157329
0.2140982747
0.3528125882
0.2584103048
0.2542081177
0.2165270597
0.1868617833
0.2713660300
0.2795284390
0.2456809878
0.3039754629
0.6023711562
0.2045786977
0.2123264223
0.2752335668
0.2425201684
0.6236215830
0.2146507651
0.2456719577
0.2264593989
0.3143805861
0.2738654315
0.2336286157
0.2320887297
0.2617314160
0.2323468029
0.3036613464
0.1645621955
0.1919520646
0.4125006497
0.3422731161
0.4120371938
0.2177807689
0.2386323661
0.2437940985
0.2428520471
0.2280867547
0.2380335331
0.2247334272
0.3878813386
0.2961678803
0.2219935805
0.1889536828
0.1763283759
0.2241030633
0.3845601678
0.2222728282
0.4451668561
0.2734414637
0.0157489739
0.1985172778
0.2013295293
0.2519061267
0.2516187429
0.2393096089
0.2243165225
0.2284341156
0.2422798276
0.4432217777
0.2054437846
0.5194202662
0.5600461364
0.3104940653
0.2328360081
0.3126090169
0.2378622293
0.2700226903
0.2296679467
0.3132700920
0.2378016561
0.2322175205
0.1133307368
0.2563042343
0.2757794857
0.2357233763
0.2818963826
0.0355815850
0.3799551427
0.2231602073
0.2093480229
0.2897399068
0.3955879211
0.2614090443
0.2471225560
0.2198102623
0.1893462539
0.0931987315
0.2261632830
0.2400121093
0.2516435981
0.2665187418
0.2313823402
0.2154509276
0.3113790154
0.2233517766
0.2332516313
0.2335204780
0.3434935212
0.2805525362
0.3378383517
0.3140885830
0.1941476166
0.2194110602
0.2848730981
0.2097975463
0.3047560751
0.2249945104
0.1999327242
0.2305750400
0.2638387978
0.2578875124
0.2257850766
0.2590979040
0.2261449099
0.1969963312
0.0594416149
0.2297004014
0.2487554103
0.0663903877
0.2231669128
0.0232711826
0.2162610590
0.0502536371
0.2751767933
0.2271900326
0.2329692245
0.3459140062
0.2358869910
0.3021334112
0.2706857622
0.3755480647
0.5289251208
0.2404055744
0.2043282688
0.2788254321
0.2343113720
0.3163556457
0.2635502517
0.2129145712
0.5613622665
0.1021024138
0.2602247894
0.2388610840
0.2141296417
0.3456898332
0.2566771209
0.2422420532
0.2206730992
0.3495368361
0.3143477142
0.2455996126
0.2229040712
0.2566544414
0.3531196117
0.2689784169
0.2629213929
0.2131312788
0.3218929768
0.2132090032
0.2026559263
0.3228584528
0.2734326720
0.2825230062
0.2116798013
0.1891765594
0.2165856957
0.2180950344
0.3281116188
0.3243075609
0.2054201663
0.3936422467
0.1912957132
0.3559861779
0.2898834050
0.2881146967
0.2457760423
0.2178441882
0.2544253170
0.2776174545
0.2388834655
0.2928314507
0.2736834288
0.0698905960
0.3863422871
0.2260198742
0.2678028941
0.2395288646
0.1783517152
0.2861059904
0.2296075970
0.2171223909
0.1886866242
0.2267789543
0.3811826408
0.2868646979
0.2385444790
0.2077502608
0.2833194137
0.3292002678
0.3356331587
0.2746042013
0.2410902381
0.0753571466
0.3373842835
0.2087408155
0.3011196256
0.2129142284
0.3217667341
0.2456669658
0.3256928921
0.2836175859
0.2195111364
0.3393132091
0.2444019318
0.2203792483
0.7072185874
0.4484100938
0.2726343274
0.4222012162
0.2126825452
0.2360690683
0.2346796989
0.2218233794
0.2452798486
0.1571079195
0.2782415450
0.2043517679
0.2520486414
0.2167914808
0.0665966347
0.2777468860
0.1964934170
0.2031655163
0.1871206760
0.2258507609
0.2404700667
0.3464425802
0.2426217794
0.3158852160
0.1535235345
0.2596253455
0.2162695378
0.2608655691
0.2569083273
0.2616508901
0.2579781413
0.2147139311
0.1713066995
0.1796087772
0.2182908654
0.3118843734
0.4810307622
0.2579281032
0.2284572572
0.3503209949
0.2142476141
0.2507174611
0.1702565253
0.2560645342
0.3075616658
0.1173470393
0.2291328162
0.2524791062
0.3571819663
0.3778693676
0.2467697710
0.3116398752
0.2287811637
0.2749127448
0.3060364723
0.1827170402
0.3796996176
0.2582195997
0.1972361058
0.2988898456
0.3687034845
0.1361716539
0.3005088270
0.1587081552
0.1866747141
0.1798683554
0.2262861729
0.2116830349
0.2238140702
0.1334617883
0.2436802685
0.2099962085
0.2553961575
0.2708557248
0.4581615627
0.1967205852
0.2035656571
0.5619974732
0.1744108647
0.2521542609
0.2399270982
0.2283561826
0.2266395390
0.2821406126
0.3416149914
0.1778363436
0.2720323801
0.2140376717
0.2190731913
0.2747765779
0.2261087894
0.2206939906
0.2221575826
0.1968010515
0.2809312642
0.2555399835
0.2198919058
0.3178563416
0.2261856049
0.2919773757
0.3540365100
0.2441948652
0.2168174833
0.0820041522
0.4406916797
0.2073558569
0.1986951232
0.2972112596
0.0321878418
0.3189556301
0.2007738799
0.2705297470
0.2401318252
0.1861702204
0.2335551530
0.2114689350
0.2625275254
0.3972682655
0.2051781714
0.4527437985
0.2043745071
0.2186240852
0.5017910004
0.2099336088
0.1669949144
0.0883949772
0.1425335109
0.2262554020
0.2230988890
0.2513861358
0.2865047157
0.2338402122
0.2544957995
0.2923232913
0.2165243030
0.2460940182
0.2367448956
0.2476049960
0.2161656618
0.2643220723
0.3132115901
0.2202409506
0.3939153850
0.3785765767
0.0845012441
0.2329449058
0.2196233422
0.2345709205
0.3392726183
0.2804583311
0.2270428538
0.0752701312
0.2389015555
0.2863873839
0.2073635757
0.3171707392
0.4557614028
0.2619493902
0.3080099821
0.2550096810
0.1692250967
0.2892877758
0.2506178319
0.2039911896
0.1962328404
0.2502627373
0.2627660334
0.5148971081
0.1317460686
0.2369153649
0.2409788668
0.2019823045
0.2372688651
0.2530248761
0.2487658262
0.1150715947
0.3062991500
0.3058331907
0.2168036699
0.2601895630
0.2293230146
0.2109872401
0.2273882031
0.2400661260
0.2559342980
0.2244484872
0.2808133960
0.2786305249
0.2135038525
0.2645914853
0.3192148209
0.2632346749
0.3793476820
0.3234495223
0.2693979740
0.1601869911
0.2678635716
0.2386451513
0.2617782950
0.2174120098
0.2808895707
0.2683170140
0.2431033701
0.0650472417
0.2205026299
0.2283596694
0.2907860279
0.2900036573
0.2351895124
0.2413808554
0.2933370471
0.2437233031
0.1808733642
0.2717283964
0.2475474477
0.3401923776
0.0396419354
0.2299224734
0.2314542532
0.3390095830
0.2206932008
0.2775688171
0.2305692881
0.0379095227
0.2206541896
0.2478587925
0.2134933323
0.2196976244
0.4439502060
0.2227849364
0.2082715482
0.2578501701
0.1820942312
0.2491860390
0.1873338223
0.2116847485
0.2370237410
0.2446086556
0.4612614214
0.2254292071
0.1959529668
0.2818276286
0.2140736431
0.2362877429
0.2589331865
0.0990588218
0.1122100800
0.3630018234
0.2662400603
0.0154890493
0.1385813504
0.2925254107
0.2483594269
0.2487302870
0.2168926448
0.2549236715
0.2003202885
0.3184288740
0.3353252113
0.3420230746
0.2177564204
0.2992246151
0.2210245132
0.2431801856
0.1747825593
0.0265926234
0.2225832194
0.2972861826
0.2062164247
0.3880530596
0.2746573985
0.2603074610
0.2175131589
