0.0666276962
0.3331071138
0.3119911849
0.2629781067
0.3115377426
0.3498148918
0.2571294308
0.2346512526
0.0145394607
0.2852007151
0.2930639684
0.3070192933
0.3120604157
0.2382683307
0.3424027860
0.2432195842
0.1541075408
0.3533501029
0.4196208119
0.2288771272
0.2474599034
0.2581083775
0.2314442545
0.3547134995
0.2251951844
0.3232826889
0.2950851619
0.3214445114
0.3188057840
0.2349887341
0.3301870823
0.3225289881
0.2817823589
0.2053497583
0.2390648276
0.2668059766
0.4763217866
0.3669378757
0.4846636355
0.2047984600
0.3093164563
0.3228887916
0.2493900508
0.3150590956
0.2664054036
0.4008855522
0.1839952916
0.3608051836
0.2408448458
0.3018578887
0.2263087034
0.3385266066
0.2345832139
0.2502924800
0.3344524801
0.1070809588
0.2640231848
0.2652338147
0.4747481048
0.3753915429
0.2378457785
0.1573453844
0.2480119765
0.3438310921
0.3171021044
0.2744032145
0.3666246533
0.2120324969
0.1125394553
0.2613849044
0.3083864152
0.2575775385
0.2434517592
0.3877750337
0.2413599342
0.2463915646
0.3728548586
0.2940908074
0.3441337943
0.3524016142
0.2864190340
0.2791874707
0.2561175525
0.2726150751
0.2668012679
0.1512662917
0.0901470631
0.2759813666
0.3349525928
0.3102588058
0.4662963748
0.1691730320
0.2533813119
0.3229711950
0.3421544135
0.2729369700
0.3048835993
0.3273199499
0.2752900720
0.3460716903
0.2859235108
0.4734728336
0.3362484276
0.3254835904
0.2115300298
0.2449898273
0.2669737339
0.1041066870
0.3195751905
0.2616356015
0.3141445816
0.3117637932
0.4227311015
0.2589733601
0.3463595808
0.3202297390
0.2370903045
0.2081421167
0.2752535939
0.1559936255
0.2705081403
0.1269212514
0.1970630139
0.2892549038
0.2650730014
0.2454038560
0.1619623005
0.2672844529
0.3341755271
0.3098112941
0.3908225298
0.2532951534
0.3536877930
0.2867530286
0.3133895099
0.2510623038
0.2419725955
0.2900928557
0.3926816881
0.2763186097
0.2474185675
0.3936372697
0.2719063461
0.2742957473
0.2700237632
0.2028457820
0.2913789451
0.2538017035
0.3477616608
0.3095315695
0.1540527344
0.2938687205
0.3917455971
0.2489546537
0.3220323026
0.3313270509
0.4679985344
0.3336673379
0.3178726137
0.3027904332
0.2459061891
0.2410303205
0.2272174209
0.2913566530
0.3229557276
0.3251968622
0.2149466127
0.6163311005
0.0075938627
0.1906014830
0.1504150480
0.2476901114
0.2865063846
0.2851261199
0.3881387115
0.3240725398
0.2751497030
0.1583117992
0.2820704281
0.3164771199
0.1821737438
0.4119285345
0.2080570906
0.2878184915
0.2522686720
0.2903150022
0.1680767983
0.2854357660
0.2930889428
0.3814610243
0.2504981160
0.2955426574
0.2426359355
0.3118169308
0.3272808492
0.1313399523
0.3569371104
0.3091347814
0.2790870667
0.3026866615
0.2500189543
0.1362972111
0.2574481368
0.2714478672
0.2537631392
0.3285618424
0.2747207880
0.0831653774
0.3561888635
0.3075052500
0.3105627298
0.2926606834
0.3099267185
0.2657497525
0.2222543508
0.1682260334
0.3253178596
0.2806271315
0.3614790440
0.2476968020
0.2796435952
0.1643796414
0.0393664613
0.2438096702
0.3332919776
0.2680543065
0.2819421589
0.0623174831
0.3382216990
0.3424775898
0.2647154331
0.3650229275
0.3161080778
0.2788074911
0.2617420554
0.2718752325
0.2172960788
0.2322791070
0.3008622229
0.2325445414
0.3074183166
0.3519937694
0.2782520354
0.3935941756
0.2958780527
0.3338489532
0.2844046354
0.2226148397
0.2583152354
0.2780833244
0.2438001335
0.2740985453
0.2183568180
0.2574790418
0.1807845086
0.2548092306
0.2367765605
0.2727678120
0.3273870647
0.2451100796
0.2716269493
0.1504250169
0.4626075327
0.0912171826
0.3382227421
0.2947241962
0.2689406872
0.1460767686
0.3035123646
0.3371095955
0.2021546364
0.0803072676
0.2557965815
0.3555981815
0.1891546547
0.2776236534
0.2582335472
0.2793162167
0.2458244115
0.2986685634
0.2770795822
0.0831888244
0.3166680336
0.1915505230
0.3137045503
0.2795503438
0.2726389766
0.3265721202
0.3052836955
0.2787345648
0.2793926895
0.3122607470
0.3026802242
0.2915545106
0.3437807858
0.2975888550
0.2457667142
0.2307168543
0.2977784276
0.2511370778
0.3139803410
0.3584777117
0.2509562671
0.2344907969
0.2704093158
0.2340478003
0.4575479329
0.2924239635
0.2770212293
0.1244198456
0.4585360289
0.1299504042
0.2835102081
0.2843931615
0.3171716034
0.3045521379
0.2489985377
0.3009052575
0.2756543159
0.2206034362
0.1650586128
0.2850369215
0.3187458217
0.2964190543
0.2096490413
0.2233561426
0.3356743753
0.2918325067
0.3148395419
0.1177287623
0.2359495312
0.3049649596
0.3437582850
0.2746838629
0.2559320331
0.2262352556
0.2821384966
0.2348275185
0.3925176859
0.2994352281
0.3025372326
0.1787729859
0.0940645859
0.2312207669
0.2194959819
0.2491307855
0.2695246637
0.2513703406
0.1748321205
0.1977525055
0.0776739419
0.2309972197
0.0972293541
0.2971862257
0.2706347406
0.3638010025
0.0187815018
0.2272638530
0.2722361684
0.0811527520
0.3405878544
0.4217833877
0.3314130306
0.2263491154
0.3007848263
0.2996996641
0.0768673643
0.3159523904
0.0928472504
0.2832163572
0.3286944330
0.2938035131
0.2525133789
0.1813646257
0.2609350979
0.2527038455
0.3788233101
0.2889980376
0.3354680240
0.3502861559
0.1075286791
0.2065823227
0.2211775929
0.3174719810
0.0690320283
0.3033103049
0.2498443723
0.2630482018
0.2696662843
0.2913666964
0.2924164236
0.2845774889
0.1331433952
0.2825631201
0.2875715494
0.2608745694
0.3301233649
0.2730667889
0.3196090460
0.2877456844
0.3740030527
0.2704119682
0.2435011417
0.2868759632
0.2814054489
0.2692215741
0.3545833528
0.2741087079
0.3506649733
0.1846988648
0.3155896664
0.3371464014
0.2623204887
0.3070813119
0.3056910634
0.3468041718
0.3232009709
0.3270155787
0.2535338998
0.3166995347
0.2766798437
0.2702249587
0.2517509162
0.2084429711
0.4175978601
0.3074857295
0.2557230294
0.2428125441
0.3482431471
0.3320181072
0.0698274747
0.2722892463
0.2976879478
0.4426702559
0.1895352900
0.2669138610
0.2895817161
0.3673482239
0.1696413606
0.2642521858
0.3453702331
0.3289283216
0.2925695181
0.2842276096
0.1752857268
0.2439266294
0.2740823627
0.1071731299
0.1331931800
0.2273152173
0.1470003426
0.1994929761
0.0724346563
0.3280915320
0.3165583611
0.2707009315
0.2627415359
0.2939810753
0.3202503622
0.2952953279
0.2287560552
0.3243939281
0.2906361222
0.3452001512
0.3001992106
0.3239223957
0.2321295291
0.2287635207
0.1834912002
0.2521783412
0.2598062754
0.1998196840
0.2390685827
0.4325259030
0.2864609957
0.3029152453
0.2336034179
0.1194394529
0.3371279240
0.3227264583
0.2683505714
0.2696751654
0.2817769647
0.1944575012
0.2326418906
0.2673301995
0.2303287983
0.3448823690
0.2844288349
0.4125387967
0.3963460028
0.2573161125
0.3304084241
0.1970784962
0.2879754901
0.1640373319
0.1719208062
0.1731389910
0.4151051641
0.2734853625
0.2706381083
0.2854513228
0.2764721513
0.3326529860
0.2837310433
0.3067059815
0.2638328373
0.2537521124
0.0690462887
0.1484326273
0.1824928522
0.2288095504
0.1790332943
0.2632307410
0.3078450859
0.3037897646
0.3556513190
0.2618452013
0.3753246665
0.3663626313
0.3049339056
0.2502938509
0.3130680323
0.2705581784
0.1300586760
0.2429038584
0.2707104683
0.2688616514
0.2862162888
0.2712568045
0.3482222855
0.0591445453
0.2781223357
0.2700414658
0.2109703720
0.2614187300
0.0215291511
0.2949350774
0.2540966570
0.4551249743
0.3556241989
0.2844751477
0.3173599243
0.3846694529
0.1734914482
0.2581057549
0.3187685311
0.2973646522
0.2503487766
0.3350452781
0.2215860784
0.1850605756
0.2371474057
0.2577332258
0.3006056249
0.4082089961
0.4157174528
0.2601573765
0.2594791055
0.2366893142
0.2850218415
0.2986840606
0.2606996000
0.3029708564
0.2602678239
0.2816070020
0.2442355454
0.3348570168
0.3228803575
0.3906510174
0.2836064696
0.2532400191
0.3292523921
0.1957659870
0.2695839405
0.3014274240
0.1731661856
0.2731806636
0.3815970123
0.3617087603
0.2934000492
0.2881534398
0.2972505391
0.2672435045
0.3389746845
0.1068936214
0.2924488187
0.2404213697
0.2462368309
0.2887032628
0.2661538720
0.2734121978
0.3066434562
0.2325407565
0.1358128041
0.3730098009
0.2575964630
0.2382691354
0.3199463487
0.0885011852
0.2521069646
0.2528510392
0.2595278323
0.1640017927
0.3630100191
0.3273510635
0.3032074571
0.2691346407
0.2652181685
0.2449982762
0.2757495940
0.2981470525
0.3573086560
0.2949909270
0.4922350645
0.2390675098
0.2606087625
0.3734782934
0.2573752403
0.1248268262
0.3169510663
0.3267270029
0.2614228427
0.3116381168
0.1383802444
0.3075795174
0.0894700959
0.3007796705
0.3079582155
0.2678709328
0.2531844079
0.2181101441
0.2613350749
0.2433397770
0.3144598603
0.0867737308
0.2357022464
0.4210953414
0.3365474641
0.2610168755
0.2818277180
0.2438813150
0.2606936991
0.2900462151
0.3207440078
0.2346762121
0.2721478939
0.2807794213
0.2940380871
0.2651628852
0.2968649566
0.4387754798
0.2906651199
0.4347873330
0.3548974991
0.4722062051
0.4148264527
0.2671161294
0.2623198926
0.1902013272
0.2608242929
0.3409445286
0.4621842206
0.1992002130
0.2723613977
0.2800351679
0.2429432422
0.2866297662
0.3601692021
0.3758726716
0.2370752394
0.3263942897
0.2976618707
0.2448476106
0.1646693945
0.2962765098
0.3434327245
0.1656272113
0.2916774154
0.2828915715
0.2125360221
0.1424026489
0.2999654710
0.2646311224
0.3070508540
0.3583194017
0.3245958686
0.4339438081
0.1551853120
0.2628441155
0.2966175079
0.3362714052
0.3047730327
0.0229862817
0.1412754655
0.2726304233
0.3823542893
0.2656910717
0.2847224474
0.2768602669
0.2421694547
0.2843162417
0.3081697524
0.3267168403
0.0376326442
0.1608486772
0.2703615427
0.2655767202
0.3071959913
0.2118594348
0.2597418725
0.1002759263
0.3105656803
0.2703396082
0.3947925270
0.2591387331
0.3412979841
0.2342701107
0.3464326859
0.3056320548
0.2838416696
0.2462853342
0.2434145063
0.4535242319
0.2529745400
0.2306276709
0.2635938227
0.2713201344
0.3073112667
0.2430203110
0.3481181860
0.3191643059
0.2941970527
0.2722944915
0.2849147916
0.2923644483
0.3103604317
0.2652627230
0.2560277879
0.2993660867
0.2136672735
0.2938473821
0.3805828094
0.2746633589
0.1639630049
0.3622292578
0.2721870244
0.3459841907
0.3004952669
0.3202675879
0.3294220567
0.3146534264
0.1593182534
0.3657699525
0.3995014131
0.2136201859
0.3904772699
0.2343548387
0.2782412767
0.1404524148
0.2493022084
0.2302362919
0.3406336308
0.2528708279
0.3306499720
0.2949011922
0.3181126714
0.2739524245
