0.1588315368
0.2218221724
0.1640297472
0.2530317903
0.1992383599
0.1320485622
0.1829611361
0.2468033284
0.2063121200
0.1193926707
0.1737763286
0.1692801416
0.1688803881
0.2224459499
0.1384498030
0.2435150892
0.2813909650
0.2496509701
0.4598578811
0.1884983927
0.2119267732
0.3369372487
0.6537851095
0.4175260067
0.1061170027
0.2346629649
0.2753418088
0.2377544940
0.0992625952
0.0771458000
0.2040167600
0.4277944863
0.2410339117
0.3097357154
0.2350160331
0.2482681274
0.5288926363
0.3386836946
0.1576170474
0.2075835764
0.1963214427
0.2873991132
0.4144938290
0.2639794052
0.3074074984
0.3007747233
0.3003902733
0.5765848756
0.2176380157
0.1441763639
0.2959512174
0.3140808046
0.1983323097
0.1624604911
0.3420826495
0.4905884564
0.1692591906
0.2056605071
0.2418195754
0.2612227499
0.5347631574
0.3109393716
0.3750478327
0.2560722232
0.3356005251
0.1755607277
0.2135430276
0.2727385759
0.1164560840
0.7224509716
0.2112828791
0.1688410938
0.0942919999
0.2552716732
0.0554161929
0.1960362047
0.2269337773
0.2804726064
0.2215387374
0.2110966444
0.3470823467
0.2425247580
0.3858940899
0.3368827701
0.4925886095
0.7176261544
0.2108344436
0.1797515601
0.2495135218
0.5501336455
0.2725641727
0.2759228647
0.3058501184
0.2743313015
0.3317440748
0.2446440607
0.3683514297
0.2479704320
0.2810913622
0.2440394908
0.2371736765
0.0944009051
0.2138334215
0.4975390136
0.2396215945
0.2220792770
0.4283354878
0.3767735362
0.2332246751
0.1804719716
0.2733620405
0.2643412054
0.1491061449
0.1999086589
0.4918888211
0.5306935906
0.2606037855
0.5239013433
0.1866462082
0.2075499296
0.2049539238
0.4026682079
0.1744760722
0.2171239406
0.3318869770
0.1547155976
0.1823761910
0.3169286847
0.1962544322
0.2090308070
0.0858580470
0.3121666610
0.2477262616
0.2738381028
0.3157027364
0.3423924744
0.2485379130
0.0694823861
0.2775666714
0.0962432772
0.1512881368
0.3495954871
0.1097900197
0.2887531221
0.1130999625
0.2546474934
0.1484479308
0.2487886250
0.2862930894
0.3098468184
0.5589405894
0.2502171695
0.3363391757
0.2899464369
0.2045381814
0.2579563856
0.2487246990
0.7033805251
0.3386676013
0.2695961595
0.2724046707
0.2473710924
0.3579857647
0.2816218436
0.2324662358
0.1995863914
0.3035741150
0.2357436866
0.1832353473
0.0621940829
0.5020695329
0.1230698377
0.3325386345
0.2181061804
0.3199134469
0.1636474729
0.3069013059
0.2713407576
0.3336494863
0.2496612966
0.1492481530
0.2876623571
0.2789157033
0.5509003997
0.1417895854
0.3184734881
0.2469679117
0.5342792273
0.1884247214
0.2124909759
0.1582797021
0.3461927474
0.4047315419
0.2326975763
0.1952902377
0.3115820885
0.2158663124
0.3261406124
0.2082643360
0.1293629706
0.1131900698
0.2345016748
0.5212805271
0.5450410843
0.6196323037
0.2652958632
0.1837534010
0.2267009914
0.5443217158
0.4622599185
0.1864588112
0.4643323123
0.2676796317
0.3615378737
0.2937690318
0.4871778786
0.3178219497
0.2216727883
0.2056928277
0.2540466189
0.4487880468
0.4232113659
0.2272418439
0.2947105467
0.3391302526
0.1338882148
0.0695413724
0.2322289646
0.1746051610
0.2044534236
0.2402252108
0.3344853818
0.2518016696
0.2402947694
0.4367104173
0.1847142577
0.3285335004
0.2587350905
0.4733173549
0.2206081897
0.2755254209
0.2848925292
0.3016449511
0.2945667803
0.3679327667
0.1685159504
0.3111570477
0.1918174475
0.3643542528
0.2233349383
0.1795897186
0.3642712831
0.2592366636
0.0843658447
0.2840916514
0.2965212762
0.4530054033
0.0846981108
0.2768019140
0.3611290753
0.1444769502
0.5571492910
0.5021568537
0.2284314632
0.2576338053
0.2268940061
0.2592214644
0.3046677113
0.3027721941
0.1942512840
0.2058231086
0.2230125219
0.2011393458
0.4491443038
0.4737139642
0.4210180640
0.2090758979
0.2383639663
0.2095900774
0.2076383829
0.2764312923
0.2685808241
0.4414476752
0.4239327013
0.0962828547
0.2847294211
0.1138152853
0.3429328501
0.2681609094
0.6238267422
0.2308094949
0.3304665983
0.0883291215
0.3873929679
0.0874800682
0.2547695041
0.4409830868
0.1203349605
0.2686422467
0.5353214145
0.2121334076
0.2483525872
0.3261146843
0.2732229531
0.3202779889
0.3782040477
0.0725833103
0.2521073818
0.1607079953
0.2514050603
0.2400302142
0.3229513168
0.1286987215
0.2790793180
0.1531660855
0.2377480865
0.2624126673
0.2599952519
0.2414327413
0.2650381029
0.2239489406
0.3843100369
0.1062451750
0.3330402076
0.2205052972
0.2564529479
0.6228250265
0.3935335279
0.3093455732
0.3239032328
0.3425248265
0.1973616481
0.3174731135
0.2195290774
0.1798306853
0.1636240333
0.1854681224
0.1969616115
0.3011339009
0.2479403168
0.2090073973
0.5654366016
0.2328439355
0.2143016309
0.3828861713
0.2728107870
0.2151271403
0.4598478675
0.4025146663
0.6325654984
0.2168447077
0.1387399435
0.2923041582
0.2141396105
0.0757783055
0.1885388494
0.2080392241
0.2491150349
0.2256928980
0.2487220317
0.1183733791
0.2256401926
0.2315878272
0.4202300906
0.3210985065
0.2707139850
0.5302736163
0.2932410240
0.2712274194
0.2425325662
0.2270182073
0.3182660341
0.2825492620
0.2123053521
0.2056714445
0.1572528034
0.2411688268
0.2280367017
0.2468305528
0.1849360317
0.2670553923
0.2630620599
0.2121088654
0.1060268283
0.7656039000
0.1473605931
0.2939440310
0.4758503139
0.2465758771
0.6022233367
0.2504055500
0.2066451460
0.1733521670
0.0390242599
0.0445531122
0.2223259807
0.2718335092
0.0996319577
0.3352731168
0.2715340853
0.3025763035
0.0708226934
0.2560192943
0.2458951026
0.2481232136
0.0861243308
0.1876507252
0.3098871708
0.2705302238
0.6812934875
0.1299826801
0.1915305406
0.0997659341
0.2706842721
0.2333557457
0.3930548131
0.3085563183
0.2142468989
0.2772906423
0.2014713436
0.2356731445
0.2508956194
0.2621793747
0.3133662641
0.2868115306
0.1758629978
0.3136940598
0.1872254908
0.5783166289
0.1843372881
0.1187784299
0.3760370016
0.0987782106
0.3303587735
0.2951084673
0.2113373578
0.1505468339
0.1081468761
0.1025260240
0.2584083974
0.3036697507
0.1692718565
0.3356657624
0.0972418934
0.5593963861
0.1689795554
0.2391056567
0.3952024877
0.2478828877
0.5823313594
0.2266419977
0.1770245284
0.2604836226
0.2745365798
0.1111997291
0.2039687783
0.2517698705
0.2053129673
0.2272753865
0.2408434451
0.1721389145
0.2590340376
0.2589341700
0.1511528492
0.2507064939
0.3410315812
0.0490616299
0.2875870168
0.3940655887
0.3310000598
0.2546815872
0.4615459144
0.5072408319
0.0526877977
0.2300218344
0.2277138978
0.3007444739
0.5825380087
0.2359059006
0.4403875172
0.3560447097
0.2510808110
0.2841228545
0.0709687471
0.2429994494
0.1317317188
0.2478647828
0.1721221954
0.1741438210
0.4453444481
0.2281046212
0.0984448195
0.0697532073
0.1894941330
0.1495802104
0.1604449302
0.3902681172
0.4865249395
0.2552978694
0.1525712758
0.2116314173
0.4547881484
0.3454253674
0.3679907620
0.3193573058
0.2575457990
0.2328452766
0.1844528913
0.4995549917
0.2304482907
0.3968721926
0.4590913355
0.2714137435
0.3441514671
0.1857323945
0.1277315468
0.2505762875
0.0719861314
0.2130324095
0.2173559815
0.2048345655
0.1089745760
0.2761268020
0.4340934753
0.3355412483
0.2112139165
0.2683323920
0.1749106050
0.3395791352
0.3185477853
0.2935647964
0.2915093303
0.7017437220
0.2404398620
0.4515396059
0.0774678737
0.4675558209
0.2284193784
0.2150380760
0.1242707446
0.2396631241
0.2581740618
0.4798963666
0.0747476444
0.3006393909
0.3132811487
0.2474089861
0.1269147843
0.1696612388
0.4806465209
0.2415635288
0.7925052047
0.2646692991
0.3508708775
0.2936240733
0.2461360544
0.1236040965
0.4949544668
0.2450347692
0.2034773976
0.2033800483
0.1948829591
0.2115263939
0.2288115770
0.4552988410
0.0582643971
0.3136792779
0.4231261015
0.3326928318
0.1917062253
0.2527555525
0.4731647968
0.0665618181
0.2179020196
0.0848613977
0.3672169745
0.2114318758
0.1737885177
0.2321015596
0.2042669058
0.2297802716
0.0464476943
0.2362542897
0.2525953948
0.1117457300
0.3340102136
0.5601200461
0.2057096064
0.4242404401
0.2944636047
0.2473375946
0.2361217290
0.2635289133
0.4307461679
0.5093003511
0.3012136221
0.2590984106
0.3741926849
0.4414765239
0.5424650311
0.2577507496
0.2672944069
0.2845739126
0.2503692210
0.4064752758
0.3522716463
0.1746600270
0.2454338521
0.3524714410
0.2821795940
0.3909730017
0.2566966116
0.3000631928
0.6742689013
0.4750704467
0.1993253529
0.5031839013
0.2149706185
0.2222415954
0.3167511523
0.5682953596
0.4806154072
0.2829410732
0.3522360027
0.1855002046
0.3329917789
0.2332576662
0.2551038861
0.4782052636
0.2214283943
0.2360631377
0.1309949756
0.2085458785
0.2089325935
0.4978281260
0.1853345931
0.4971176386
0.2560595870
0.0959977731
0.3837512434
0.4187073410
0.2590122223
0.2496924102
0.1577479690
0.2372483909
0.1906090230
0.1395178884
0.2214149535
0.4257525802
0.2630219460
0.4155188501
0.0687976629
0.2329715341
0.1068461984
0.4005386829
0.1810409874
0.2564025223
0.2242039889
0.2028198689
0.2997188866
0.2065246999
0.2270409465
0.5728892088
0.2422238439
0.2863877714
0.2700028121
0.2242555022
0.0885125846
0.2545711994
0.3435844481
0.3653037548
0.2586973906
0.0923496708
0.4337038994
0.4236759841
0.4454749227
0.3425895870
0.3306872845
0.1938754171
0.4274717271
0.1186383888
0.2353967279
0.2871674001
0.2139624953
0.1271869391
0.1177227721
0.5517016649
0.2582035959
0.3167881072
0.3084003031
0.4504609704
0.2372642457
0.1741759926
0.4452461004
0.0692148060
0.3752809763
0.2682743669
0.1918309033
0.2591145635
0.2531950772
0.2571287453
0.2908751369
0.2485841960
0.1981962323
0.2993111312
0.2818308175
0.1116528809
0.1745281219
0.3704339862
0.2739831507
0.5058543682
0.2652363479
0.1590306163
0.2691039741
0.2208161205
0.1522054225
0.2459887713
0.2944825292
0.2810962200
0.5468184948
0.1968541592
0.2042660713
0.1759172231
0.2677195668
0.0586961694
0.1459465474
0.3401570022
0.1859540343
0.3028896451
0.3028653264
0.3305342793
0.2794182897
0.0742836893
0.2223648280
0.5075666308
0.2884468734
0.2880038023
0.2150610387
0.2935012877
0.2226018906
0.2556046247
0.1899339408
0.2256902307
0.2502074242
0.2882492840
0.2174433023
0.2020290941
0.2467436641
0.3127777576
0.1259686351
0.1911953539
0.0977396294
0.1489537805
0.4442237318
0.6580398679
0.1814699322
0.1971074939
0.2630738020
0.3864476681
0.3746302426
0.2493317127
0.3031733036
0.2222883403
0.5783620477
0.2666662335
0.2430830747
0.2253546268
0.2963363826
