0.3856787086
0.3099202216
0.2223741710
0.2965246737
0.2245818079
0.3190771341
0.2803571522
0.3211946487
0.3129759729
0.2441602349
0.2781971693
0.2432896048
0.2479778677
0.2395543456
0.0761106163
0.2207268476
0.2280254811
0.1785420179
0.2566601932
0.1987199485
0.1803358942
0.2398654372
0.2359294146
0.3308788240
0.2775020003
0.1671166122
0.0932920650
0.2289652526
0.1825878173
0.2630834579
0.2665795386
0.1208542660
0.2102455348
0.3839238882
0.2421025932
0.3010570705
0.2192224115
0.2358056605
0.2813335657
0.2697904706
0.2493963540
0.2867973149
0.2439247817
0.2759613395
0.2212530077
0.2452245355
0.1052736193
0.2462813258
0.1633058935
0.2594238818
0.2176207453
0.2706829309
0.2619860172
0.2385639995
0.2635452747
0.1759362668
0.2672305703
0.2596699595
0.4237135053
0.3057214618
0.2307713181
0.3238056302
0.2440106720
0.2126323134
0.2520810366
0.2343440950
0.2159302235
0.1843190044
0.1166578978
0.2842169404
0.3348877430
0.2380829751
0.2243929952
0.2710559368
0.2266612798
0.2926919460
0.2064185590
0.1499826014
0.2277133614
0.1812224090
0.0992207453
0.3386363089
0.2209554613
0.2361482531
0.2723987699
0.2314657122
0.2840858996
0.2483529001
0.1332656592
0.2922642827
0.2558430135
0.1525938362
0.2513701022
0.3903039694
0.2207229137
0.1429244876
0.2740958631
0.2549360693
0.1644955277
0.2641826570
0.3517369032
0.1943262666
0.2441878170
0.2555784285
0.0752194598
0.2330001146
0.2657984793
0.2736485004
0.3347176909
0.2403433174
0.2021761835
0.2453152686
0.2167704850
0.2672099769
0.0921944380
0.1876291782
0.3239182234
0.2792060971
0.2852718234
0.2532708645
0.2986733317
0.2208594829
0.1804253757
0.2143866122
0.3170165122
0.2365932614
0.3980464339
0.2418512106
0.2893827260
0.1900132000
0.1648468077
0.4945419133
0.1455739141
0.2150345147
0.6713481545
0.2733155489
0.2457731217
0.1283729970
0.1781473756
0.2585771382
0.1812927425
0.1632139087
0.1323689818
0.2772825360
0.2359421849
0.0944077596
0.2854534686
0.5804199576
0.2544880509
0.2974700630
0.1058876365
0.2282483578
0.2251613736
0.4330897033
0.1736568213
0.3290464878
0.3028607666
0.2861133218
0.2789846957
0.2193137407
0.1752838790
0.2908859253
0.0904749483
0.1173634753
0.2380807400
0.1865307689
0.2977756858
0.4059328139
0.3308096230
0.4296697676
0.2992072999
0.4291996956
0.2546478212
0.2644121051
0.3190178871
0.1224903390
0.2258060724
0.0717368200
0.2295508385
0.2805150449
0.2311173379
0.2670335174
0.3098716438
0.1568218619
0.2622138262
0.2530990541
0.2532634437
0.2859703302
0.3794906437
0.3591241241
0.2972545028
0.2918321788
0.2395537347
0.0892921761
0.2255089432
0.2434636354
0.2691472769
0.2589922845
0.2374849766
0.2182071507
0.0918466002
0.2613196373
0.2809672952
0.2257656455
0.1949461848
0.4285400212
0.2265684158
0.2232291698
0.2234707922
0.2556496263
0.1275071204
0.2242885828
0.3198929727
0.2546475232
0.1995288879
0.2958334088
0.2429843992
0.4120278060
0.2220870256
0.2579168081
0.2833020985
0.3580893576
0.1923866421
0.2809257209
0.3744482994
0.1727534980
0.2462918013
0.2251665443
0.2579592764
0.2014440447
0.2304192781
0.3452337682
0.3108454347
0.1700832248
0.1394673735
0.1477523595
0.0743715465
0.2005622536
0.2093540132
0.2559362948
0.2213006914
0.1885043383
0.2493601590
0.2457111329
0.3156051934
0.3564763665
0.1144861355
0.1663983464
0.2430706918
0.2306951731
0.2151936740
0.0400374234
0.2183531821
0.2133898735
0.2306484878
0.2696237862
0.1291181445
0.1958354861
0.3263996542
0.2843190730
0.2819075584
0.2144763172
0.2779794335
0.2572681606
0.0967113003
0.3155438602
0.3021798432
0.1846204698
0.2381454259
0.2788926959
0.2479340434
0.1062962934
0.2478920817
0.3354098201
0.1323204339
0.2177172005
0.2905304730
0.2580953538
0.2322145849
0.2274520993
0.2557527423
0.2520920634
0.2166828364
0.2627758682
0.2416536063
0.1437533796
0.2599833608
0.2775397301
0.2208054811
0.1101527810
0.2923519313
0.2053137273
0.2337844819
0.2843824327
0.1645767540
0.1341073215
0.2478495687
0.2888001204
0.2706389725
0.2374965101
0.2113305479
0.2048364431
0.2787548900
0.1933353394
0.0624336004
0.2572392523
0.2575131953
0.2171690762
0.0598621033
0.2319822311
0.2621431947
0.1838484555
0.1004626229
0.2471048832
0.1704439223
0.2316338271
0.2570851743
0.3762837052
0.2633747756
0.2338647246
0.2743841112
0.1353103071
0.2333200425
0.3519036770
0.2326898724
0.2383020073
0.2314030975
0.2569868267
0.3432058096
0.2814348340
0.2188415676
0.2220039815
0.2127588391
0.0929023996
0.2369569689
0.2775519490
0.2001370043
0.4133963883
0.4403000176
0.1034808308
0.2828405499
0.2545451820
0.2853744626
0.2716087997
0.2101547867
0.2056043297
0.2030740678
0.2463849783
0.2320216447
0.3101198375
0.2248421162
0.3000711799
0.2516719401
0.2079181373
0.2730977833
0.2791416049
0.2013949752
0.0858048126
0.2884389460
0.2234649956
0.2333872616
0.2712205052
0.2594057918
0.1703912914
0.2295365781
0.1630124748
0.3275731206
0.2382346094
0.1443243027
0.2645218074
0.2844626307
0.2788299918
0.1559938937
0.3476600051
0.2729339302
0.2676009536
0.0975042954
0.2470419109
0.2033842802
0.3196016252
0.2356851548
0.1461281776
0.2419396639
0.2386436313
0.2533996403
0.1654329747
0.1572862566
0.2654135227
0.2210522294
0.2308277637
0.2477582097
0.1794351339
0.2531153262
0.2500309348
0.2435140759
0.2505958676
0.2476749271
0.2580213249
0.1775427014
0.1930716783
0.2811864614
0.1311450899
0.1832957417
0.3088873327
0.2563090920
0.2861008644
0.1283646673
0.2587683499
0.2569652498
0.1726588011
0.2095651478
0.2619228661
0.2251166999
0.2373333573
0.0729407817
0.1818166673
0.2315666974
0.2400814444
0.2377014458
0.2542189658
0.2384435683
0.2517643869
0.2561234832
0.2268095762
0.1400595307
0.1975660622
0.0873135552
0.1855539232
0.2467793375
0.2621713281
0.2431457639
0.1359443516
0.2072995901
0.2793183327
0.2932227552
0.2533714473
0.2208506316
0.3129394352
0.2133266926
0.1124723852
0.2351904064
0.2865098119
0.2126969546
0.2291992903
0.2949506938
0.2619096041
0.1666080803
0.2466528267
0.3419458866
0.2458197474
0.1085153297
0.1530606151
0.2741331160
0.2676657438
0.2517529428
0.3181738555
0.2243394256
0.2110597044
0.1924976557
0.2482562065
0.2882053554
0.2052199244
0.2538478076
0.1362035275
0.2720728815
0.2337191701
0.1842976511
0.2250911444
0.2501161098
0.2186188400
0.1222408488
0.2418792248
0.2550054789
0.2356091440
0.2610463500
0.1637689471
0.2180854827
0.1776927561
0.2876669466
0.2934939861
0.1638779491
0.2585266829
0.2507290244
0.1471510977
0.2197915763
0.2132133245
0.3135751486
0.0502081327
0.2288510203
0.2616618276
0.2327017784
0.2439592481
0.1840591431
0.2590736151
0.2087702304
0.1389524639
0.1378404200
0.2185769379
0.2341320664
0.2797330618
0.2018191665
0.3158375919
0.3762783706
0.1892806441
0.2283536643
0.1673733443
0.1801648289
0.2789675891
0.2685191929
0.2765756249
0.2187897414
0.2563495040
0.2941838205
0.2794619799
0.1680719107
0.3674223125
0.2184931338
0.2012031674
0.2269562185
0.2406808436
0.3811772466
0.2268479913
0.2203345448
0.2572007179
0.2348314524
0.2531911731
0.2377619743
0.2228533626
0.2774706781
0.2675253749
0.2492183149
0.2140230238
0.2965742052
0.2743641138
0.1454326659
0.1341452003
0.2279095650
0.2526700497
0.2241324335
0.2185933441
0.2257325351
0.2122170925
0.1947678030
0.2167151868
0.2535189390
0.2463514060
0.2125419527
0.2052096426
0.3124226034
0.2533783317
0.2737884820
0.2574866712
0.1849962175
0.2006912380
0.2771442235
0.2337052077
0.2343540490
0.0863582939
0.3048781455
0.2172439694
0.2023698986
0.0741126686
0.2820898294
0.1974645108
0.2279634029
0.2695674300
0.3077630997
0.2872148156
0.2325134128
0.2199583352
0.2658820450
0.2198633403
0.2968631089
0.2225479037
0.2715045810
0.1800861806
0.2338500619
0.2601511180
0.2357553244
0.3107793331
0.1407861412
0.2392066866
0.2145843655
0.4151615202
0.2725071907
0.1421096474
0.3483464420
0.2287457585
0.2190607637
0.2087139785
0.2634244263
0.0721438676
0.1413991153
0.1509115845
0.2361361980
0.2277213782
0.2366741300
0.2377093434
0.2165749222
0.2872118056
0.2821174264
0.1772794276
0.2443071753
0.1899387687
0.2185373455
0.2638704181
0.2241370231
0.1550911516
0.2091668248
0.2278395146
0.2923191190
0.2412779182
0.2359916270
0.2395099699
0.2314087003
0.2498198152
0.2769723833
0.2045322806
0.1856055260
0.2660835385
0.2559678853
0.3312290311
0.2259168178
0.2575328648
0.1190431640
0.2530615926
0.1836939454
0.1147492751
0.2792348862
0.1468589604
0.2183358073
0.2633255720
0.2133003324
0.2014187574
0.2122548968
0.2433138043
0.2163267285
0.1800268888
0.2190258205
0.2243858725
0.4354594648
0.2204300016
0.3297839761
0.2689734101
0.2554806471
0.4076015651
0.2901232541
0.2458788007
0.2698807418
0.2616159022
0.2605164051
0.1045794114
0.2706759274
0.2544515133
0.3678937256
0.2113029957
0.1589656025
0.2923483253
0.2277444005
0.2418905795
0.4226169884
0.2281551212
0.0833649486
0.1837944090
0.2757019103
0.2157806158
0.2290320396
0.1651221961
0.2310720384
0.2397442907
0.2677148879
0.2125900984
0.1715852022
0.2885622978
0.1819135696
0.2352875471
0.2465358973
0.3950592577
0.3143673241
0.2459880114
0.2437506467
0.1872091740
0.2964551151
0.2548169196
0.2415386140
0.2205177695
0.1488758922
0.3931043446
0.1578787565
0.2392665744
0.2507164776
0.1957383007
0.2260300070
0.3475060165
0.2455071360
0.2480184585
0.0571208633
0.2464586645
0.2188065350
0.2850637436
0.1956230700
0.2633206546
0.2391410917
0.2406708002
0.2436421365
0.2359437644
0.2876264155
0.2301040590
0.2274763286
0.2992484272
0.2940807343
0.2561499178
0.2320465446
0.2320198864
0.2595150769
0.2043956816
0.4820804000
0.3034319580
0.2367963046
0.2231162935
0.2557604611
0.1415779293
0.2369517386
0.3016839921
0.2133158892
0.1435244083
0.3510252535
0.1250698119
0.2223283648
0.2243178636
0.2519241571
0.2223243266
0.1333094388
0.2796410620
0.3606074452
0.1635369211
0.3464933932
0.3042995930
0.2511266172
0.2204970270
0.1876030713
0.2406872064
0.2441323400
0.2490576804
0.2554565966
0.1618632376
0.2774394155
0.2556924224
0.1593696624
0.2162654996
0.3186998367
0.4072447419
0.3642655313
0.2724678516
0.3336313069
0.2315147966
0.3190168440
0.0909058526
0.5012985468
0.2667867839
0.1298025250
0.1995345205
0.2481309772
0.1922485828
0.1712264270
0.3230884969
0.2590045333
0.1870684624
