0.4414229989
0.2583049834
0.3336539567
0.2846058309
0.3392661214
0.5589099526
0.2150432020
0.3176638186
0.3441702724
0.3848477602
0.4551717341
0.3568123579
0.4092688262
0.3361839056
0.3499352038
0.3613271713
0.3601709604
0.4660640955
0.3382714391
0.4994751215
0.2976972461
0.5353090167
0.2209307253
0.3141432106
0.3650805056
0.3507553041
0.3114988804
0.4319861233
0.3588248789
0.3136104643
0.6023424864
0.1779235303
0.3398931623
0.4225953519
0.3234793842
0.4466006756
0.2822111845
0.3204079866
0.3516719341
0.4369633198
0.3353577554
0.4042513072
0.3339660764
0.2384678274
0.2493004203
0.2529417276
0.3553055525
0.5300467014
0.0701200664
0.2491434962
0.2057870477
0.3190385401
0.3410584033
0.3589830101
0.3809016645
0.2875514925
0.3062125444
0.3598448634
0.2799454331
0.3691965342
0.4328317344
0.2847485244
0.3226167560
0.4438822269
0.4202539027
0.2456909418
0.5067184567
0.3783675134
0.2693948746
0.4345671237
0.4331999421
0.3185065985
0.2937484384
0.3452671468
0.1555144787
0.4470430911
0.3869867027
0.2977551222
0.3125422895
0.3671451211
0.2901549935
0.3437700272
0.3872155249
0.4213404655
0.4505278766
0.2969536483
0.3504161239
0.2726252675
0.3131416142
0.3206943572
0.1702324599
0.4401344359
0.4110902548
0.4249517620
0.4209645092
0.3822981715
0.4180715382
0.3375952244
0.3909567297
0.2107497305
0.3340061009
0.3762588799
0.2612158954
0.2120435983
0.4278546870
0.3330183327
0.3216979504
0.3420243561
0.2900249362
0.5362231135
0.1227615550
0.3210276365
0.3959938884
0.4180592895
0.4961657226
0.3736018836
0.4368185699
0.4067848921
0.4703187943
0.2871700823
0.4251927435
0.5771513581
0.3499664962
0.3714523315
0.4060798585
0.3390355408
0.4483815432
0.4225021899
0.2506201565
0.2214545608
0.3498516977
0.3988503218
0.3693343103
0.4423274398
0.3987709582
0.3929870427
0.3450276852
0.5287062526
0.2541621923
0.3295726776
0.4139029384
0.4027989507
0.3465991914
0.3914029598
0.4779853225
0.3826086223
0.3564866185
0.4048403800
0.4344533980
0.3011740744
0.3229733706
0.3718836010
0.0718529001
0.4844380915
0.3258534670
0.4446728230
0.3889367282
0.3086703420
0.3348844349
0.4039855003
0.3042317033
0.3496737182
0.3486035168
0.2972162366
0.4402758181
0.2671892941
0.5543686748
0.2541396916
0.3054076731
0.2956549823
0.2698245049
0.2373934835
0.2828898430
0.4138685465
0.2423564345
0.3475247324
0.3161157072
0.3375379443
0.3269794881
0.4187424779
0.3540228903
0.4079126716
0.4740484059
0.3712814450
0.3253386319
0.3362632990
0.3819519877
0.3527674377
0.2460323423
0.4123870432
0.4100089967
0.2874363065
0.2573353052
0.4749439657
0.4122064114
0.3617389500
0.4466646612
0.3839624226
0.3707144558
0.3189485669
0.3499464095
0.4105442166
0.4444017112
0.2941156328
0.4525462389
0.3617193103
0.1890085638
0.3021833003
0.0445638299
0.3107294440
0.3806850314
0.3816768825
0.4317122996
0.3036098778
0.3430692852
0.3082511425
0.3346534967
0.3925676942
0.3833330870
0.3443205655
0.4139205217
0.4198779762
0.1112670004
0.4310319722
0.3419915140
0.4175236225
0.6124237776
0.5556348562
0.3394784331
0.2878052890
0.3141500354
0.4141767621
0.2775933146
0.3422626257
0.3535203338
0.3133771718
0.4121597409
0.2943759859
0.2759180963
0.4569056928
0.3502892256
0.4650980532
0.3905046284
0.3397064209
0.3704245985
0.2148915529
0.4301791191
0.3275199533
0.4460403323
0.2999691069
0.3101041019
0.3784483671
0.4749497771
0.2734473348
0.3841885030
0.3631504774
0.4564473331
0.4162612855
0.2584466636
0.3520005643
0.2049255967
0.4646272361
0.2674598098
0.3306358755
0.0850791484
0.3834294975
0.5112380385
0.3821653128
0.2773559093
0.3997529447
0.2284343988
0.3044210672
0.2212588191
0.4144556522
0.4180440009
0.2374976575
0.3964619040
0.3602201641
0.2486355305
0.4562207162
0.3436698318
0.3572934866
0.3608734310
0.3397708535
0.2702392340
0.3329384625
0.3603717387
0.3053765893
0.4107767940
0.4026732743
0.5241445899
0.4600098431
0.3847998679
0.5155223012
0.3327745795
0.3629332483
0.1291010827
0.3997763991
0.3033038676
0.3121970892
0.1735969037
0.3228085935
0.5163516998
0.3472474217
0.2130937874
0.3686432242
0.4006761014
0.2440975010
0.3308707476
0.3056052923
0.6434625983
0.3568761945
0.2926070392
0.4159996212
0.2155393362
0.3576453626
0.2742157876
0.3929682672
0.2524663210
0.3239268661
0.3633815050
0.2382490784
0.2781498730
0.2694690228
0.2969723642
0.3491437137
0.3125366569
0.3204870820
0.3924971521
0.4711097479
0.4254413545
0.2676087916
0.3036072850
0.4105418026
0.4842178822
0.2705809474
0.4539877474
0.2892636359
0.3432610333
0.2781792879
0.3305498958
0.2025229037
0.2557792962
0.3542266190
0.2279311121
0.3514339626
0.3322115541
0.2928477824
0.3905827105
0.4864747226
0.3213744164
0.3893902302
0.3799846768
0.5908151865
0.2723864615
0.3795800805
0.3060017228
0.3634588122
0.3192274868
0.3292064071
0.2639550865
0.2237767428
0.3378669620
0.3970411420
0.4637765884
0.4218167663
0.3332428634
0.4598571062
0.3425247669
0.3079039454
0.4167940617
0.4327516258
0.3741213977
0.3132148981
0.4018517733
0.4103190303
0.3216750920
0.4905111194
0.2495798320
0.4899199605
0.3750637770
0.2771250308
0.4283805490
0.1312593669
0.3834876418
0.4383929670
0.1529978365
0.3824838698
0.6552156806
0.3258469105
0.3471823931
0.3012196124
0.3896689117
0.3150321543
0.4404879212
0.1739135981
0.3424832523
0.2423515767
0.4996130168
0.3637489974
0.3620101213
0.3803260922
0.2636813521
0.2997535169
0.3497585058
0.4977900088
0.3724177480
0.5139467716
0.3979559243
0.3064415157
0.1693587750
0.0868942067
0.3164930344
0.3796726763
0.3121766746
0.4066238105
0.3987628818
0.3708627522
0.2704900205
0.2850538194
0.6139773726
0.4045817256
0.5867983699
0.4225942791
0.5308856368
0.3556458056
0.3222681284
0.3329808116
0.3753394485
0.3394825757
0.4181695580
0.2502821982
0.3800381422
0.3121501505
0.3583807349
0.4434186220
0.5151430368
0.4513671994
0.4138741195
0.5077245235
0.3148173988
0.1568976492
0.3087119162
0.2112060934
0.4597031176
0.1470234245
0.3526666760
0.2799044847
0.4959977567
0.3839508593
0.3992246985
0.4465751052
0.2013204247
0.3774802387
0.3870542347
0.3743633628
0.3189757466
0.3387116194
0.2924264669
0.4108131528
0.1550960094
0.3692230880
0.2622881830
0.3715052605
0.5590941906
0.3402437568
0.4015452266
0.4024535716
0.3764848113
0.3272046149
0.4613110721
0.3486046493
0.4028794169
0.3265885413
0.3956740797
0.3848337233
0.4081958830
0.3441825807
0.4569041133
0.3911884725
0.3374786973
0.2568039894
0.5366105437
0.4975303113
0.4282771945
0.4000724256
0.3410410583
0.3611967266
0.3892365098
0.4177811444
0.3981378973
0.3289648294
0.3784426451
0.1759365648
0.3163223267
0.3324849010
0.3684817553
0.2526389360
0.6288104057
0.3628486693
0.4346591234
0.3532513380
0.4238863885
0.3101145327
0.2565935850
0.3352560401
0.3707138896
0.3741848469
0.3863298297
0.4111462831
0.3812833428
0.4210571349
0.1681553870
0.4222190976
0.4528337419
0.3199622333
0.4598783851
0.2726401985
0.2823902667
0.3120452464
0.4370187819
0.2984095812
0.2928146422
0.3988262415
0.3963150382
0.3516620100
0.3419053257
0.3101902306
0.2915138900
0.3815713823
0.3519630432
0.3191322982
0.5446463823
0.3713381290
0.2903596163
0.4586379230
0.4260082841
0.3085776269
0.4404225647
0.3482594788
0.3326132298
0.3527017832
0.3024069965
0.2906307280
0.4330064654
0.2391935736
0.3860503435
0.4120009542
0.3488537967
0.4160835743
0.4799619019
0.2288307995
0.4052665532
0.3189526200
0.3860040009
0.4837085605
0.3729178905
0.2916985750
0.1649852842
0.3861667514
0.3590876460
0.4442711473
0.3684962988
0.3321089745
0.4243366122
0.1903831512
0.2073141038
0.4183165431
0.2405155450
0.3464638591
0.3940075040
0.1063322648
0.1701215059
0.2789174616
0.3556557596
0.3179365098
0.3988605440
0.3598795533
0.4777014852
0.3536313772
0.3151450455
0.3143340051
0.3469279110
0.2104293406
0.3607770205
0.7192822695
0.4453535080
0.3532179296
0.3789777756
0.3231510222
0.4349952638
0.4407977760
0.2794882953
0.2091971040
0.3807555735
0.5192662477
0.4075058699
0.3894928694
0.3285071254
0.3941229284
0.2393315881
0.3255767524
0.3217363060
0.3527951539
0.2568888068
0.4173739254
0.3794032335
0.3283470869
0.4257861674
0.3845372796
0.3318294883
0.4082610905
0.3904181421
0.3088723719
0.4018060267
0.2917791903
0.3272765577
0.4221965969
0.2687608898
0.3612742126
0.3058651686
0.3871326149
0.3285937905
0.3906278312
0.4050001204
0.3823013604
0.5443789959
0.3164220750
0.4569883049
0.3318547308
0.4024602771
0.4626115561
0.4068011940
0.4072341919
0.4281801283
0.3155618906
0.6095775962
0.3640355170
0.3146605790
0.4323090911
0.2639977932
0.2547242939
0.2053454220
0.2313706130
0.3187119961
0.3189218640
0.3192304373
0.3831408322
0.3517849445
0.3549667299
0.3769508898
0.3812523186
0.1982782185
0.3738803566
0.4451339841
0.3063782156
0.2501064241
0.2163402289
0.2120307088
0.2155145109
0.4671631455
0.3040550649
0.3011555076
0.3058279455
0.1753932983
0.3315929770
0.4286986887
0.3845512867
0.4872592390
0.3418400586
0.3579793274
0.4542564750
0.4941515625
0.3730016351
0.3727828860
0.3082983494
0.3461612761
0.4001911581
0.3263697624
0.2756026089
0.3655973971
0.2223880738
0.2823855579
0.4375427663
0.3337006867
0.3364410698
0.4649921060
0.3384038806
0.4012948871
0.5536801815
0.4392768741
0.3634951115
0.3737829626
0.4216633439
0.3836772442
0.4098847210
0.3646692634
0.3670470417
0.2806642056
0.5213861465
0.4514041543
0.3275046051
0.3438071012
0.4371588826
0.3455478847
0.3163560331
0.3069956005
0.2124033719
0.4647335410
0.3992534280
0.4932123125
0.5208855867
0.4258131981
0.3427578211
0.3208395541
0.3971543014
0.2349693328
0.4932753444
0.1807769984
0.4012481570
0.4342284203
0.3834902048
0.3245632350
0.2451735735
0.3986438215
0.3972264528
0.3317643702
0.2818647921
0.2975738645
0.4077804387
0.2596410215
0.1475092471
0.3127290905
0.2969846427
0.1323722005
0.3984292150
0.3171418905
0.3844723701
0.4777564108
0.2967520058
0.2652981579
0.3125238419
0.4117422104
0.5175549984
0.4249806106
0.3119735718
0.5175436139
0.4228902161
0.2167811394
0.1624269634
0.4347946048
0.2734971642
0.3947130442
0.3895184398
0.4208468199
0.4112126827
0.3409614265
0.2223081738
0.3114074767
0.3498418033
0.2720903158
0.4192688167
0.2580301464
0.3132455051
0.3152422905
0.3028771281
0.4222032428
0.3645470142
