0.2448820472
0.1658155322
0.2781545520
0.1896225512
0.2635596693
0.2261149585
0.6035305262
0.2074153423
0.2318785787
0.2620503306
0.2919692695
0.0190895237
0.2155961543
0.4729232490
0.3059007227
0.2851386666
0.4001561999
0.2563999891
0.1672655642
0.2153340876
0.2664755285
0.2766554952
0.2368139774
0.2314983159
0.2118715942
0.1890300363
0.1681442261
0.1160225645
0.2086397558
0.2132734507
0.2691544890
0.2613029778
0.2014379501
0.2087695599
0.2407511175
0.2764250338
0.3415201902
0.2245853841
0.1750267446
0.0649839565
0.2597464025
0.2512840629
0.2329857349
0.2412146181
0.2736680210
0.2073469311
0.2576251328
0.6527253389
0.2560649812
0.3867199719
0.1986540258
0.2168700546
0.1972241849
0.4454611242
0.2032998949
0.2688411474
0.2001309246
0.1921505779
0.3138601780
0.2782688141
0.2378138602
0.3119888902
0.1839772463
0.3095437884
0.4829297662
0.1808461845
0.2601896822
0.2506908178
0.2599942386
0.1611598581
0.2871590853
0.2151548862
0.2499792427
0.2430020273
0.1122923419
0.2712177038
0.1894267648
0.2500008643
0.2203229666
0.1945931017
0.2698054314
0.3939102888
0.1236533523
0.0962966383
0.3688725531
0.2109305412
0.2443118840
0.2439970225
0.2927296460
0.2207969129
0.2780601382
0.2468850911
0.1437211633
0.2495346218
0.2914342880
0.1057908162
0.3027447164
0.4713445306
0.2088858336
0.2584028542
0.2360206693
0.2485544980
0.2804669142
0.3786312044
0.2217076421
0.3097023368
0.2502612770
0.2585100830
0.2430032194
0.6323727369
0.2629200220
0.3130540252
0.1968676746
0.2940145731
0.3178723454
0.1759985238
0.2215992361
0.2413621396
0.2491714358
0.2337910980
0.1760819852
0.2562518716
0.0898715556
0.2744558454
0.2352529019
0.3418070078
0.2986895442
0.3712008297
0.1690593958
0.2476161271
0.2003934979
0.2362929583
0.2475450635
0.2114615738
0.2109623402
0.2193873674
0.1995626688
0.1978092045
0.2180059850
0.2722180188
0.1958172023
0.2985273600
0.2704122066
0.1575203836
0.2630811334
0.1922630519
0.3276690245
0.2367241383
0.2052119225
0.2981617153
0.2268109322
0.1433166713
0.1743677109
0.2239449918
0.2213790864
0.1574028134
0.1601504534
0.1886001527
0.2389363945
0.2518217862
0.2295577973
0.2362474650
0.2733411789
0.3219041824
0.1352797151
0.1665610820
0.2225753963
0.2336946130
0.3038573265
0.1819007695
0.1852126569
0.2279229015
0.3759063780
0.3112615347
0.3679104149
0.1762580425
0.3378564119
0.1936996579
0.2542683184
0.4132510126
0.2527551651
0.2095017135
0.2481513023
0.2102234513
0.2384448797
0.2129669785
0.2276223302
0.2158063501
0.2611637115
0.2046634555
0.2281454504
0.2274890095
0.2453926653
0.2642120421
0.2123696357
0.1658385098
0.2212533355
0.2383845747
0.2071709186
0.2814673483
0.1629826725
0.2278161794
0.2442275137
0.1882898957
0.2550880015
0.2186392546
0.2632516623
0.2092383802
0.2060121596
0.1629990041
0.3027114272
0.2539141178
0.2687448561
0.2072203904
0.1307263672
0.1867668182
0.2636520863
0.2499624491
0.2837631404
0.3341390491
0.3652570546
0.1180139184
0.2112870961
0.2693823874
0.2347128242
0.2412555069
0.2032463849
0.2884052098
0.2593269646
0.2699585557
0.4900594652
0.3385385275
0.1569625437
0.2196685821
0.2095948756
0.5397251844
0.1654207855
0.1431891173
0.2280585021
0.2044233978
0.0800503790
0.2509362102
0.4336630702
0.2203196436
0.2997265458
0.1893434823
0.2011159658
0.2463109791
0.3264411390
0.1904171407
0.1792337894
0.2711887062
0.2512627244
0.1092673093
0.1962232888
0.2608295381
0.2561989427
0.1014053896
0.1105509847
0.2079126984
0.2482495159
0.2105568647
0.1933533549
0.3590477407
0.2332096845
0.2358848304
0.2562217712
0.2270793319
0.0835224167
0.1072629169
0.3526796699
0.2734133005
0.0935603231
0.1511750519
0.1076824144
0.2211139500
0.3260529339
0.1770784408
0.1968412250
0.2295753956
0.2538584769
0.0942232087
0.2793231905
0.2370564491
0.2211310118
0.2303484827
0.1338714063
0.2328959107
0.2453054935
0.2582986951
0.2751181126
0.2111135572
0.3655234575
0.2446044534
0.3320806026
0.2758341730
0.2302491069
0.2618583441
0.1525967717
0.2724897563
0.1136830449
0.1902470291
0.1453305483
0.2521357536
0.2204270363
0.0832649097
0.1675208211
0.2813811004
0.2771399021
0.3287625313
0.2581551969
0.2860600352
0.2212145478
0.2576422095
0.3330982327
0.1878875196
0.4163636863
0.3201023638
0.2101037502
0.2845062912
0.1941938996
0.0946412385
0.2151443958
0.2155767530
0.2889874876
0.2834313810
0.1026208401
0.2096323371
0.2058398873
0.1847428530
0.1696105748
0.2256971300
0.1986783594
0.3240780830
0.3540944755
0.1790142357
0.4425151050
0.1987841725
0.2546770275
0.2110798955
0.2401388884
0.2166087031
0.1647470593
0.1728476882
0.2628957331
0.0927685946
0.3397094309
0.3695402145
0.2071592361
0.2384323031
0.3403729796
0.1668855548
0.2363611907
0.2684955299
0.1728806794
0.2293119580
0.1256259382
0.3545199633
0.2039207518
0.2548705041
0.4154746532
0.2641628683
0.1843669713
0.2999569476
0.3682696521
0.2862374485
0.1656609029
0.2001068294
0.2228428870
0.2925597429
0.3340034485
0.0931847394
0.1955868155
0.2793323696
0.1415522099
0.1860116422
0.3406985104
0.2190278918
0.2431451231
0.2560666800
0.1803185940
0.2219817638
0.2478566021
0.2805295885
0.2062360942
0.1997080892
0.0241411161
0.2684192657
0.2629726827
0.1571777165
0.1173885986
0.2536315322
0.4786646962
0.4020150006
0.2832652926
0.0685754269
0.2548367381
0.2209218889
0.5076975822
0.1053828076
0.3718255460
0.2712629139
0.1395368427
0.2320965827
0.2798139453
0.2070136517
0.2903592288
0.2130644917
0.2742983103
0.2210238427
0.2445626408
0.3914937079
0.2949905694
0.2178611308
0.2674764395
0.1202659383
0.2606505454
0.1261009872
0.2238246650
0.2014944106
0.4783098400
0.3878175914
0.2411221713
0.2279719263
0.2688795030
0.2441392392
0.2565700412
0.0365075208
0.3486553133
0.2568448186
0.1915139109
0.2523691654
0.3075755537
0.3730122745
0.3375239968
0.1013838872
0.2292783707
0.3393153548
0.1264083833
0.2371877283
0.2094367146
0.2241453677
0.2053930908
0.3081665039
0.1750884354
0.2767587602
0.3474274576
0.3051004410
0.2204800844
0.2388697714
0.2873502374
0.2677107453
0.2296161801
0.2157130539
0.2062380761
0.2865785658
0.2779025137
0.3255211711
0.1922738403
0.2217619270
0.1632158905
0.0647895485
0.3055280745
0.2720710337
0.2294965684
0.4480499327
0.2140108198
0.5775274634
0.1526231915
0.2234802395
0.2860203981
0.2319596410
0.2544920146
0.5502754450
0.3273938894
0.2528206706
0.2071246058
0.2364849597
0.2380387187
0.0802490935
0.5004747510
0.1788057089
0.2334528863
0.2698939741
0.2015140951
0.4543887675
0.2875081599
0.4045035243
0.2950876653
0.3134229481
0.2318041623
0.2261337340
0.1665618420
0.2547521591
0.2613542974
0.3337769210
0.1878865659
0.2499008775
0.2198512256
0.1498822123
0.2372740060
0.3160021901
0.2720064223
0.2166135162
0.2210032940
0.2865329087
0.2406888753
0.2725028098
0.1643080711
0.2435111552
0.3729549050
0.1929791123
0.2872363627
0.0755042508
0.1794727892
0.2703049183
0.2534012794
0.1723898947
0.2127111554
0.3838712275
0.2552250028
0.2637909949
0.1890963614
0.1654487997
0.5906220675
0.3492985368
0.2288266122
0.3210511208
0.2132961601
0.2431003004
0.1027332693
0.3098224401
0.2076225281
0.1992685497
0.2087966651
0.3064035475
0.3397817016
0.2195908725
0.1737768948
0.2934939861
0.2645611167
0.2042396218
0.1972378343
0.1684842110
0.1922600865
0.2465743721
0.1884478629
0.2584911585
0.2542826831
0.2366015166
0.3164681196
0.2381108403
0.2023550123
0.2284372598
0.2142473161
0.1770902872
0.2712867558
0.1950927675
0.1643999219
0.3452028930
0.2414754331
0.2394896597
0.1437807679
0.7357957363
0.4400122762
0.2214011997
0.1589813381
0.2040050328
0.8958327174
0.1938271821
0.1963479370
0.0529005006
0.2126496732
0.5363058448
0.1608605683
0.0590891577
0.1828709543
0.2067197710
0.3038223386
0.2538232803
0.2379929423
0.2664025128
0.3461880088
0.1970819831
0.1816592664
0.1704732627
0.2464681268
0.2457988858
0.2354126722
0.2345850617
0.2002401948
0.2390152961
0.1969197243
0.2983213663
0.2173859924
0.0909356177
0.2819114923
0.2232677191
0.2009129971
0.2326653898
0.2385500669
0.2354921401
0.0926382169
0.1165280640
0.0381576456
0.2833167017
0.1956456900
0.1862565726
0.1857374310
0.1779447198
0.4130992591
0.2425242364
0.2038239390
0.2432146817
0.2602892220
0.1020239592
0.5307016373
0.2683118284
0.5081760287
0.0527062565
0.2808639109
0.3400847614
0.3747590482
0.1890575141
0.2178401649
0.1804359108
0.1805088073
0.2053665519
0.1874838322
0.3289479315
0.2408110499
0.2540152371
0.1497767419
0.2345361859
0.2195678800
0.1643747985
0.1498269141
0.2100595981
0.2365581095
0.2308940589
0.1366025656
0.1552698761
0.3056176305
0.2448801398
0.2004184127
0.1347613037
0.3422658145
0.2723304033
0.2579707503
0.4132453501
0.1782550067
0.2270634472
0.2197750211
0.2025591284
0.2468695939
0.0619040951
0.2269446999
0.2098024189
0.2809711397
0.2827515602
0.1250530183
0.2364312410
0.2195066661
0.2532458901
0.3097919822
0.4102359712
0.2872896492
0.1829097271
0.2226704061
0.8733914495
0.1769307405
0.2965674400
0.0723031908
0.2415086031
0.2754189074
0.2930287421
0.1790555269
0.1825020015
0.2547906041
0.1972993314
0.1805462986
0.0310660098
0.1785961837
0.0805207789
0.2659984231
0.1477769464
0.2573261857
0.1563540548
0.4685008824
0.2250956595
0.2240693122
0.2280500978
0.3088954091
0.2617426813
0.2117073834
0.2423238009
0.2220992148
0.1460411698
0.1466728300
0.2347587198
0.3243928850
0.2575038970
0.1960207969
0.2079156786
0.2194364369
0.2998620868
0.2769789398
0.2375602871
0.2186752558
0.2905793488
0.2184419930
0.2602785230
0.3681170642
0.3346986771
0.1753942519
0.1931157410
0.1845529526
0.1564024091
0.2705255449
0.3025580049
0.2629826665
0.2772812843
0.2615804374
0.1036527976
0.2127867788
0.2129436135
0.1183959767
0.2451055199
0.2658438981
0.2503141165
0.1742244959
0.2333702445
0.3251672387
0.2785974741
0.2370645553
0.1350223571
0.2456716299
0.2106514573
0.1153255627
0.3082657158
0.2429764569
0.2083158046
0.2955040932
0.2197393328
0.2513547540
0.2794655561
0.1920197308
0.2413091809
0.1786455363
0.2304559499
0.2874831557
0.1806157827
0.3050757349
0.2377495170
0.3252543211
0.2068925053
0.2027753443
0.1840396076
0.2664916515
0.1421843320
0.2784318924
0.0473263636
0.0595480725
0.2471945733
0.0449740253
0.2385255992
0.1719951034
0.2358982116
