0.2867050469
0.3001252115
0.3374425471
0.3109016716
0.4321317673
0.3184825182
0.3573376834
0.3123539984
0.5090696812
0.3712497950
0.3327201903
0.4259223044
0.5438050628
0.2979821563
0.3220070899
0.3543465734
0.4977065623
0.2666261196
0.3248367310
0.3399783373
0.4063212276
0.3262780309
0.4128478467
0.4581930637
0.4456296861
0.3744693100
0.3988138139
0.3878021240
0.2677716017
0.4060588777
0.4132760465
0.3390741050
0.3207076192
0.3803189993
0.2777132094
0.4108496904
0.3388030827
0.3273290992
0.3642111719
0.3656106293
0.1134367362
0.3327885568
0.3897345960
0.2439095378
0.2484911978
0.6023203731
0.2979264557
0.5089505315
0.2965602577
0.5183495879
0.3281613290
0.4899469614
0.2762131691
0.3283661306
0.4004151523
0.4046209157
0.3106223941
0.3147168756
0.3892677724
0.5643685460
0.3260532320
0.3148808777
0.4033907354
0.3903065026
0.2821630538
0.4888274968
0.4972666204
0.3010571003
0.5319939256
0.3266501129
0.4743410647
0.4219978750
0.3498325646
0.3703044653
0.3011510074
0.3860346377
0.3815513253
0.3781696558
0.3041241765
0.3257089555
0.3381048441
0.0085919648
0.4109148979
0.3372989595
0.3897061646
0.3881444335
0.3280367553
0.3484057188
0.3449800014
0.4500487745
0.4251190126
0.3530633748
0.6442050338
0.3565694392
0.3743829131
0.4057056606
0.4430549443
0.5232700109
0.3133724630
0.4210303426
0.3031760454
0.3956706226
0.3676813543
0.3395915329
0.2688714862
0.4309408069
0.2925038934
0.4751114249
0.4899138212
0.4226850867
0.3789300323
0.3260623813
0.3563942611
0.3833615780
0.4237736166
0.6707190275
0.2510364354
0.2572415173
0.2931386530
0.3453683555
0.3731710017
0.1073029041
0.3604110777
0.3771792650
0.3179517388
0.3112699389
0.2819344997
0.2610782683
0.3961973488
0.4717472494
0.3367470801
0.2455810457
0.2878456414
0.3364771605
0.3623738885
0.2705455124
0.2789916694
0.3426303566
0.3077367544
0.4300228953
0.4489761293
0.2802777588
0.3436111808
0.3910720646
0.5996649265
0.3833271265
0.3760237992
0.3188303411
0.3936903775
0.4290994108
0.5009459257
0.3734344840
0.1542298198
0.6268576980
0.6342877150
0.3337844908
0.3719067872
0.3955238760
0.3967703581
0.6789907217
0.3705289066
0.3403322399
0.4012839794
0.4886996448
0.2622784078
0.3987416923
0.3442201316
0.2290085256
0.4220684767
0.3468263745
0.3814256191
0.3217752278
0.3610326052
0.3580353856
0.3874667287
0.4900119603
0.3774156272
0.3465470076
0.3296727240
0.3795387149
0.3980363607
0.3094236255
0.3298869431
0.3831782937
0.3424268365
0.5507517457
0.3345192373
0.3085480928
0.5041916966
0.3662149906
0.2260410786
0.2813009322
0.2941276729
0.3962584436
0.3199461699
0.3860918283
0.3549675643
0.3534965515
0.4309649467
0.2995914221
0.3017635047
0.2827795744
0.2660293281
0.5147747397
0.3659631610
0.3431200981
0.3390481174
0.3467974663
0.2395223528
0.3226094246
0.3535180986
0.4520143569
0.2897337079
0.3576954603
0.3424608111
0.4195212722
0.3122174740
0.4259600341
0.3114891946
0.4165498018
0.3336523771
0.2398538888
0.2826722562
0.3605782688
0.4154706597
0.3455627859
0.2799547911
0.5112262368
0.3139886260
0.3525487185
0.3125026226
0.2879122496
0.3943277597
0.3772756755
0.3409192264
0.2484734058
0.2763229012
0.3435758352
0.3335283995
0.5778869987
0.4240783453
0.3668884039
0.3345301747
0.1017385423
0.3217414320
0.3255080879
0.2812320888
0.4138759077
0.2717862427
0.3671649396
0.3423900604
0.4245810509
0.3633878827
0.3386730254
0.3565937877
0.2757498920
0.3739587069
0.3457894921
0.3651795387
0.3409904540
0.5428319573
0.3199098706
0.3149942756
0.3622544706
0.3102059066
0.3352877200
0.4012506604
0.4624849856
0.5666566491
0.1531165987
0.3552550077
0.4240994751
0.2649350464
0.2704735398
0.3737951517
0.3757368624
0.4162395597
0.5357233882
0.2631983757
0.3335866630
0.3428482413
0.3183795214
0.2240211517
0.2095552385
0.3731432259
0.4933829010
0.3249931335
0.2211436033
0.1862061620
0.4052878916
0.7876576185
0.3068694174
0.3135945201
0.5083119869
0.3347750604
0.4069083333
0.2881793380
0.3721732497
0.3091743290
0.3533057570
0.3925594389
0.3273456097
0.4244861007
0.0450045355
0.3657841980
0.4226680100
0.4228393734
0.3651958704
0.3862772584
0.2768631876
0.2322363406
0.3023220301
0.3649168313
0.3393764198
0.3948995769
0.3873221874
0.3220041990
0.4148167670
0.4298421741
0.5148958564
0.4120177031
0.3852697313
0.3095838726
0.3224945366
0.3586076796
0.3789936304
0.4511132240
0.3536365330
0.2690803111
0.4098669291
0.3182854652
0.4111963809
0.3682503402
0.4060409069
0.3049968779
0.4225857258
0.3379791081
0.3797337711
0.3830944896
0.3402412832
0.3471008539
0.3570776284
0.2703213096
0.3699802160
0.4110780060
0.2601489127
0.2686119974
0.3979787529
0.3208296597
0.3795557022
0.3027795255
0.3633295000
0.5199697018
0.4350915253
0.0878257453
0.3616006076
0.0408179834
0.3277691007
0.1788457930
0.3628361523
0.3211790025
0.3183202744
0.4524332583
0.3461701572
0.2562209070
0.3463483155
0.3379465640
0.3764558733
0.3530609310
0.3588421345
0.3159480989
0.4066772461
0.3531997204
0.2216799110
0.3753245771
0.4404134452
0.3666503131
0.2980709970
0.2810782492
0.2464742362
0.2789952159
0.3850441575
0.4196642339
0.2461396009
0.3777385354
0.2687746286
0.3321540058
0.3425411582
0.2923525870
0.5298942924
0.3416896164
0.4704013169
0.3580714166
0.5122767091
0.2577782273
0.4734361768
0.3290378153
0.3229437172
0.3066931665
0.5174136162
0.2613926232
0.3594615459
0.4090453386
0.3497854471
0.3752158284
0.4286804795
0.2740794122
0.5272577405
0.2309229821
0.3545533717
0.4478486180
0.3399766088
0.3562871814
0.3760083020
0.2734242380
0.6165446639
0.4491053224
0.3152243793
0.3199238181
0.2998301089
0.3803069293
0.4487888217
0.3183598816
0.3344608247
0.3216472268
0.4099579453
0.3707669377
0.4117732346
0.2864069343
0.4290464520
0.3481351137
0.3637010455
0.2393959165
0.3332287371
0.3314904273
0.3110258579
0.4000362456
0.3272560537
0.4669689536
0.3949613273
0.3395093977
0.3830509186
0.2636130154
0.2839118540
0.2532035410
0.3293269873
0.3533918560
0.3813577294
0.3645702600
0.3521986604
0.4711032212
0.3182029128
0.3446849883
0.3944557011
0.3997071683
0.2816348076
0.2845735848
0.3906807005
0.3292055428
0.2666770518
0.3204823732
0.2566993237
0.4374161363
0.3553190231
0.3513194025
0.4088578522
0.3353352249
0.2817686498
0.3548890650
0.3073907793
0.3032131493
0.3374833167
0.2913014591
0.2684113085
0.3611555696
0.3821021318
0.3524772823
0.4143766761
0.5416775942
0.3317205012
0.3857907951
0.0700242743
0.2593449652
0.2858745158
0.3226786554
0.3229335248
0.3097267449
0.3170218170
0.2671899796
0.3823302090
0.5419768691
0.4421442449
0.3244153261
0.4147507250
0.2248262316
0.3914862871
0.3680936992
0.4146184027
0.5207709074
0.3480428159
0.4132063687
0.3849954605
0.4042502940
0.3268278837
0.3419411778
0.1600517184
0.7182724476
0.3802511692
0.2715707123
0.3851176500
0.3481751084
0.4217727482
0.2916142941
0.3355450630
0.2921016812
0.3641839921
0.3753511608
0.3271371424
0.3049809635
0.2957316935
0.3434581757
0.3423327804
0.3845703304
0.3911880553
0.0261768531
0.4116363227
0.3411931396
0.7533589602
0.3392849863
0.3395183682
0.4209046066
0.3347633481
0.3858232498
0.4022859335
0.3945769668
0.3898933530
0.4212795794
0.3730920851
0.3490385115
0.3732973933
0.4038855731
0.4028676152
0.1192993298
0.2369410396
0.3955197036
0.2777664065
0.3444171548
0.3393440545
0.3335377872
0.3634689450
0.3447242081
0.3795985878
0.5191581845
0.3453133106
0.3505024910
0.4545291662
0.3737239242
0.7584733963
0.3904865682
0.3823288977
0.4006921649
0.3676034510
0.4363752306
0.2983935475
0.3127066493
0.3917839527
0.2135394514
0.2723222077
0.3379987478
0.3821363151
0.0624989159
0.3838083744
0.3785714507
0.3263729811
0.3349860907
0.3447354734
0.3536541760
0.4099517465
0.4801039398
0.3880505264
0.3329488337
0.3786012828
0.3249241114
0.2492335886
0.3369793892
0.3515320122
0.2984772027
0.4261162579
0.5279005766
0.2793788016
0.3450667858
0.3419066966
0.3268972039
0.3328039646
0.3581502438
0.2878682911
0.4497457147
0.5420436859
0.4126330614
0.4071963429
0.2888013124
0.2770754993
0.7004610896
0.4241683781
0.2129872590
0.3691145480
0.3812001348
0.3977614343
0.3272541463
0.0894411802
0.4890003502
0.2434156686
0.2658150494
0.3580273390
0.3388585746
0.5741701722
0.3697668612
0.4280776083
0.1802240163
0.3878780603
0.3549262583
0.2395331562
0.3429351747
0.5123594403
0.3446155488
0.4364279807
0.3733313680
0.3570489287
0.3145803213
0.5164148211
0.3874068558
0.4068048000
0.3353233039
0.2726323009
0.3956572413
0.3240673542
0.4025555253
0.3541512489
0.3600060046
0.3074683547
0.3438221812
0.3509528935
0.4351390898
0.3115543723
0.3567232490
0.0958937034
0.3959079981
0.2507095039
0.3868383169
0.2745880783
0.3384927809
0.5896047354
0.4007580280
0.5077934861
0.3063580394
0.2909484506
0.3320958912
0.3882608712
0.1626833528
0.3227999210
0.7192668319
0.3821446300
0.4901622236
0.4722967744
0.3458724022
0.3934546411
0.3204225600
0.3279477358
0.2452501804
0.3605451882
0.3244151771
0.4010104835
0.3315982223
0.2635264695
0.5125004053
0.4343809783
0.3865273595
0.3558816612
0.4417231679
0.3984685242
0.4349953234
0.3941520154
0.2979798019
0.3216120601
0.3277628422
0.4159563184
0.3451475799
0.7325367332
0.3523936272
0.6239709258
0.4931142926
0.4070992768
0.2922329903
0.4330752194
0.3745964766
0.2610464096
0.2413035780
0.3270735443
0.3288878500
0.3431410491
0.2645593882
0.8061718941
0.1852383763
0.4221928418
0.3100450933
0.3660978377
0.3787840605
0.4341098070
0.3686794043
0.3589243889
0.7271044850
0.3732166886
0.5257869363
0.4452150762
0.1162721664
0.2935881317
0.3185577095
0.3988669813
0.3592388332
0.4329324663
0.3288412690
0.3905512094
0.3655108511
0.3062251210
0.5707300305
0.3344072700
0.3657319546
0.6037172079
0.3529530466
0.3370108306
0.3430024087
0.3710557520
0.3154713809
0.3682868779
0.4101893902
0.3044019341
0.3979685307
0.3041873276
0.3965903521
0.2895199060
0.1251256913
0.2479919791
0.4872059524
0.3012694418
0.7118638754
0.3944770992
0.3917906284
0.3732812107
0.4044550359
0.2521959543
0.4126996398
0.3832765222
0.5146839619
0.2478308976
0.3005603552
0.1662457436
0.2308470905
0.2633940876
0.3745498955
0.3905191123
0.3596120477
0.3444717526
0.3436547816
0.3792507648
0.3184286952
0.2934257686
0.4137467444
0.4898344278
