0.2962803245
0.2833589315
0.3416736126
0.2723474801
0.3899834156
0.3267488778
0.3225896358
0.3058770299
0.4793491066
0.3083305061
0.3403494954
0.4858455062
0.0991079286
0.3372001350
0.3367529213
0.3575468063
0.4180739224
0.2885524333
0.3215197325
0.3240878284
0.3974984288
0.3506084979
0.3831858933
0.3800069988
0.4565142989
0.1674347073
0.3574147224
0.3435826600
0.2870904803
0.4123056531
0.3743630350
0.3569204509
0.3073448539
0.3420002162
0.2964149415
0.3513485193
0.3237233758
0.3464948535
0.3553035855
0.3645906746
0.3060250282
0.2775090039
0.3047941029
0.2422342896
0.3563944995
0.3012040555
0.2686948478
0.5255172253
0.3038673699
0.4261178970
0.3077122867
0.5049663782
0.2354437560
0.3331362903
0.3364289999
0.3935143054
0.3156985939
0.2860794067
0.3503581583
0.4528052211
0.3352006376
0.3346438408
0.3959689736
0.3088542521
0.3413837850
0.4590137899
0.2528238297
0.3405157924
0.3028240204
0.2844953537
0.3687393963
0.1744922996
0.1388366073
0.3637743890
0.3410030305
0.4749030769
0.3418002725
0.1974605024
0.3734896779
0.3117001951
0.3907918632
0.2418310493
0.3722462356
0.2748321593
0.3289748430
0.3438302875
0.2658287287
0.3675812483
0.3797211647
0.4356388152
0.3582506180
0.3888991177
0.3145435154
0.2795309424
0.3793022633
0.2092332244
0.4498757422
0.3869304061
0.3096036613
0.3897365332
0.2441902310
0.3683419824
0.2780421376
0.3748314679
0.2811900079
0.3354320228
0.2694141567
0.3863189518
0.5720577836
0.2458267957
0.5476968884
0.3166690171
0.3454470932
0.3096463978
0.3573825657
0.2390697300
0.2980773449
0.2649840117
0.3049978018
0.2639882565
0.2889624536
0.5926848054
0.3641172945
0.3510484397
0.4033347666
0.3289920688
0.2937203944
0.2819477320
0.3915330172
0.4070027173
0.3717141747
0.2524200082
0.2720436752
0.2354092747
0.3424568176
0.2943075895
0.3720181286
0.3925810158
0.3059020936
0.3590157926
0.3838726878
0.2747921646
0.4010517895
0.3711138368
0.0895026997
0.4125972390
0.3636603355
0.3204420507
0.3956233263
0.2994787693
0.5107513070
0.3508181870
0.5331444740
0.3920611441
0.2540701628
0.2975418866
0.3474085927
0.3753182292
0.3683312237
0.5154908299
0.3349961340
0.3391554654
0.3839885592
0.4742708802
0.2484827489
0.3538255394
0.2094374895
0.2260901928
0.3845095932
0.3058046997
0.3468538225
0.3180977404
0.3717547059
0.1360773146
0.3421158195
0.5050173402
0.3922175169
0.3138113618
0.3342541158
0.3299779594
0.3675693274
0.3541460931
0.3682008684
0.3761948347
0.3253130019
0.4885185957
0.3281325996
0.2983998954
0.6020414233
0.2967669368
0.2275454998
0.2628453672
0.3550604880
0.3339114785
0.3352548182
0.3555591702
0.4135102034
0.3446820378
0.3501949906
0.3519773483
0.3099396825
0.2955666780
0.3635486662
0.4326499104
0.3177828789
0.3174124956
0.3081821799
0.3872856796
0.5225152969
0.4088513553
0.1615835577
0.3125375211
0.3214375675
0.3248516917
0.3505313993
0.4310011268
0.3109925091
0.3259198964
0.3168558478
0.2658194602
0.3236457705
0.2242244482
0.3865556717
0.3153488338
0.3317890763
0.3733954132
0.2673458159
0.3885332644
0.3884674311
0.3594574630
0.3218899369
0.2780004442
0.3967441320
0.3841829002
0.3313851357
0.2662808895
0.3297538161
0.3393992782
0.2329301983
0.2390636206
0.3434717655
0.3693144917
0.3756103516
0.3840278387
0.3302404881
0.2887980044
0.2442854792
0.3555217981
0.4269390404
0.2908917964
0.1164067090
0.4263848364
0.1978350878
0.3508249819
0.3264717162
0.2646064162
0.3509387374
0.3431618214
0.4865026772
0.3030719459
0.7251077890
0.2963295281
0.1648316681
0.3209867775
0.2970726490
0.3161014020
0.4834125936
0.2283032537
0.3022906482
0.2881976962
0.3437988162
0.3920904398
0.2653472126
0.2663291097
0.3375777304
0.3090797663
0.3227015436
0.4069007337
0.5341243148
0.2989687324
0.2190507352
0.3241827190
0.3760895729
0.2176718265
0.4498431385
0.4684224427
0.4297300875
0.4468144476
0.4220766425
0.4368488491
0.8630988598
0.3128862977
0.3177905381
0.5520880818
0.3222581446
0.3267945349
0.2632903159
0.3654712141
0.3530423343
0.3181968629
0.5270937681
0.3064108193
0.3593283296
0.1278447807
0.3735772371
0.3185195625
0.3460614383
0.3334555626
0.3411876559
0.2615915835
0.2624308169
0.3419969678
0.3737017512
0.2982308567
0.3563430905
0.3539668918
0.3053079247
0.2446808219
0.3710261285
0.5856860876
0.4153667986
0.3824278116
0.3189147711
0.2839851677
0.3490262628
0.3910934925
0.4373071492
0.3362981677
0.2632893622
0.3260088265
0.3417725861
0.3256492019
0.2934440970
0.3916514218
0.2938856781
0.3726080358
0.3095118701
0.3805533350
0.0529648401
0.1202001795
0.3442885280
0.3521781564
0.3308615685
0.3322578967
0.3073957860
0.2515059114
0.2631234825
0.3279142380
0.2953818738
0.2291975319
0.3081933260
0.2388694733
0.5755202174
0.4094098806
0.2809552848
0.3929285407
0.3988053799
0.3357198536
0.5370959044
0.3083043396
0.3408962190
0.3539673090
0.5268123746
0.3953450918
0.2513772249
0.2123193741
0.3503122926
0.3475425839
0.1472654790
0.3236829042
0.3094659746
0.3751309514
0.3302612007
0.1967211366
0.3509134650
0.3970212936
0.3283492327
0.3044506013
0.2739115953
0.2524143159
0.2436375469
0.3028568029
0.4183756709
0.3156700432
0.3976922631
0.0950684547
0.3616069257
0.6120184064
0.2029816359
0.7275785208
0.3448145390
0.6515722871
0.5748218298
0.3206142783
0.2758919299
0.3738532960
0.3098005354
0.3401868641
0.3840004206
0.4025191665
0.2184106857
0.3534532785
0.4065980911
0.3221932948
0.3465051651
0.4619643688
0.3294229805
0.2189104110
0.2643187046
0.3334116638
0.4613855481
0.3053572476
0.3006136715
0.2785019279
0.2900972664
0.3179331720
0.3326629400
0.2001567930
0.3136484325
0.3301752210
0.3206479847
0.3973872364
0.3606967032
0.3163861334
0.3258502185
0.3696150184
0.3404169977
0.3868687451
0.3136013150
0.4052022099
0.3549667597
0.3373986781
0.4311749041
0.3468633592
0.3037174344
0.2819029987
0.3732567728
0.3148790002
0.5751941800
0.3998648822
0.2981480658
0.3290193379
0.2979781032
0.3005824387
0.2199971676
0.3060971200
0.2076200396
0.3753152788
0.3637359738
0.3163483143
0.5469294786
0.2190117240
0.3488442004
0.3366118371
0.3704391122
0.3086768985
0.2828150094
0.4239359796
0.4544878304
0.2790268958
0.3313583136
0.2406911850
0.3370613456
0.3175205886
0.2721401453
0.2932725549
0.3574709892
0.2891025543
0.3029048741
0.2989012301
0.3689276278
0.3651849926
0.3487985730
0.2951562703
0.3043455482
0.2938575745
0.3140631020
0.2981143892
0.4599115551
0.3266177177
0.3252283335
0.1585510373
0.3061509132
0.2618761659
0.3135831952
0.3548320234
0.3669176102
0.3323648870
0.2828003466
0.3527935445
0.4776763320
0.4013597369
0.3345351815
0.3675644696
0.2042554915
0.3393428624
0.3456763923
0.4233951867
0.5745353699
0.3534159064
0.3372136056
0.3484821916
0.3918010592
0.3639255464
0.4795587063
0.2338650376
0.5095779896
0.3477753103
0.1598249525
0.3380392194
0.3681911528
0.2078603059
0.2947888374
0.2948219776
0.2941157520
0.3147548735
0.3613814414
0.3708327711
0.3214557171
0.4784082770
0.3324347138
0.4383761585
0.3340623379
0.3639754951
0.4749730527
0.3571903706
0.1410343796
0.4176262617
0.3170835078
0.3146821558
0.3384215236
0.3360086381
0.3444652855
0.4121777713
0.3548706472
0.3524490297
0.3622681499
0.3603210151
0.3406121433
0.3811679482
0.3746185303
0.3815444410
0.2345441431
0.2307040393
0.3524850905
0.2805230319
0.3225721419
0.2846436203
0.4066654444
0.3226666451
0.3530901670
0.3444938958
0.1594712138
0.1768675447
0.3741308451
0.4339209497
0.3478968441
0.4300690889
0.3357832134
0.4051345289
0.3654164076
0.4053620696
0.4051761627
0.1739148498
0.3061784208
0.3371172845
0.5123465061
0.2370064557
0.3135523200
0.4175101817
0.3348756731
0.3772202432
0.4050251245
0.1311219633
0.3614853621
0.3265933394
0.3322845101
0.3618759215
0.2603900433
0.3149278164
0.2253725827
0.3610242009
0.3283609748
0.1781266183
0.4177368879
0.1776418239
0.3033284247
0.3206653595
0.5065784454
0.2942933440
0.3413590193
0.3266555071
0.2826048732
0.3056736290
0.3484071493
0.2923853993
0.4651195407
0.4007218182
0.4297487140
0.4027141035
0.5589860678
0.2731506824
0.6773584485
0.3852576911
0.7369276285
0.3322423995
0.6268201470
0.3286282122
0.3430178463
0.0390843898
0.4483424723
0.5443824530
0.2751017809
0.2663953006
0.3226691782
0.3349136710
0.1613494307
0.3743548691
0.5361964107
0.3513520062
0.2949953079
0.2223646194
0.3369210362
0.4134181440
0.3671195507
0.3961038291
0.3824916184
0.3424228430
0.3423317671
0.4363519847
0.3694054484
0.3338799477
0.3102137446
0.2496639639
0.3155150414
0.4685952961
0.4105228782
0.3616674542
0.2378677279
0.2813826501
0.3421938717
0.3173088133
0.1773767620
0.3312103748
0.3474471867
0.2582970858
0.3556770086
0.2470875829
0.3230912387
0.3490400016
0.3734092414
0.4442917407
0.3546504974
0.4703752398
0.3167003095
0.3631714284
0.3101214170
0.3296413124
0.3145869672
0.2961919606
0.4606708586
0.3575198650
0.5553613901
0.2255085558
0.3293314576
0.3379077613
0.2983998358
0.2806095779
0.2710191309
0.3680478036
0.3473159671
0.3524019122
0.3336288631
0.1729311347
0.5442526340
0.3869794011
0.3695614636
0.2002560794
0.3652762771
0.3839642704
0.4435157776
0.3879462779
0.3400651813
0.3017374873
0.3155995011
0.2336297482
0.3492607772
0.2295270413
0.3275420666
0.2390029877
0.4697230160
0.1976781189
0.2876673341
0.3926306069
0.3523695171
0.2709452510
0.5160168409
0.3130095303
0.1242779121
0.3692790270
0.2983728051
0.2231725454
0.4415424168
0.3636220396
0.3080469072
0.3306644559
0.3436632454
0.3793829381
0.3047459722
0.2319411337
0.4783526659
0.3365806937
0.4303554595
0.3355917633
0.1938609183
0.3028469086
0.2765645683
0.3389194012
0.3341173828
0.3525810838
0.3222328126
0.5831932425
0.3506422937
0.3224671781
0.2111254781
0.3312245607
0.3992413282
0.2707466483
0.3184666038
0.2877141833
0.3377403319
0.3146788478
0.3892951608
0.3657402694
0.4034144878
0.2688367665
0.3941603601
0.2921312749
0.3893376887
0.3489633203
0.4335810840
0.2707867324
0.0908043608
0.3469160497
0.3142837584
0.3344916105
0.3584268093
0.3855013847
0.2835558057
0.2555220425
0.3786822557
0.4070454240
0.3073624074
0.2094240636
0.2612078190
0.2000240535
0.2825469375
0.2920173109
0.3726594150
0.3280370235
0.3570613861
0.3401980102
0.3512161672
0.3778749704
0.3247510195
0.3103725016
0.3404583335
0.4098902941
