0.1878864616
0.2272884846
0.1789258271
0.2966093719
0.3530472517
0.3490633667
0.1858075559
0.2740819156
0.2016666085
0.2394140065
0.4056486487
0.2344986945
0.1818771809
0.2169435173
0.1957445443
0.1914916486
0.2903000712
0.4327278733
0.2401307076
0.0762166455
0.1787644327
0.3513802588
0.1846149415
0.3444472253
0.3494026959
0.3286899626
0.2675489783
0.2704295218
0.1490334868
0.1671777517
0.2426455766
0.3537728190
0.5307347178
0.2418011278
0.2818780541
0.2407643795
0.3590971231
0.3139524162
0.2473757416
0.2615339756
0.2381909043
0.1808343679
0.2916910052
0.2250532359
0.2525425851
0.2951645553
0.2458089888
0.4539526999
0.2512437999
0.2333933115
0.4372582734
0.2764966786
0.1761329621
0.3571336567
0.3240533769
0.3112750649
0.2266759574
0.4235992134
0.1604886800
0.2528105080
0.0498334281
0.2238263041
0.2271252573
0.4541677237
0.1740171164
0.2759213150
0.2227063626
0.2624791563
0.2847897708
0.2751898468
0.3992400467
0.2552492023
0.1844016165
0.2408167869
0.2092255652
0.2590607107
0.2473078072
0.4055097699
1.4231408834
0.0180512480
0.2150202245
0.3146611452
0.2202009708
0.2885813415
0.1797849685
0.2442815304
0.4567063749
0.0447246768
0.9758819938
0.2325569093
0.2474599481
0.2050341517
0.3386325240
0.2543877065
0.3799871206
0.2639361620
0.2537440360
0.2606854141
0.2993745506
0.2633782029
0.2038104087
0.1960448772
0.4103271663
0.1995305866
0.2311776876
0.5233080387
0.2333919108
0.2706220746
0.3330564499
0.2560032606
0.7086979151
0.2629310787
0.2774421573
0.2774935961
0.2450116873
0.4093063772
0.2573631108
0.2635838687
0.3025481403
0.1840823740
0.2071976960
0.2482202351
0.4461564422
0.4250368774
0.1994278729
0.2103402019
0.2688321769
0.1863037199
0.2722226083
0.2245359272
0.3344962001
0.0440871865
0.4312254786
0.3633241057
0.2584151924
0.2935114801
0.2799195945
0.4401592314
0.4048886299
0.5374709368
0.3984484375
0.4327162802
0.3318840563
0.4543378055
0.2370078117
0.2846953869
0.2392048985
0.2621413171
0.2450911552
0.3216618598
0.3786590099
0.1890982985
0.2743468881
0.2453113496
0.5167930722
0.2420009375
0.2575138509
0.3703366816
0.3620551527
0.1951935440
0.3144922256
0.2433909327
0.2866291106
0.2506773174
0.2822315395
0.3892049789
0.1560200006
0.2107558250
0.2234232277
0.1939261854
0.2767532170
0.3332054615
0.1753255129
0.2161331475
0.2782378495
0.0715704784
0.2739469707
0.4278475940
0.2752237618
0.2828229666
0.3251679540
0.0486762784
0.1732930392
0.2791142464
0.3292140663
0.3067520559
0.1625686437
0.1702945083
0.2567182779
0.2624833286
0.2338779420
0.2444833517
0.2693127692
0.2818665504
0.5403779745
0.2409193814
0.3227790296
0.5070278049
0.2862082720
0.2070114613
0.2961421311
0.2980132699
0.2335370034
0.3069046140
0.2879345417
0.3244589865
0.4051202536
0.2500894070
0.2882120013
0.2630471587
0.2649815679
0.1747305989
0.1881297529
0.1258507818
0.2317954004
0.2049523592
0.4929160774
0.4493654668
0.3088699281
0.2624637485
0.1818983853
0.2820523381
0.1909708083
0.2961061001
0.3122929335
0.2920315564
0.3148263395
0.2687779963
0.2480165064
0.2818604410
0.1436251253
0.3306651413
0.2945953310
0.1967948079
0.1606716514
0.4916586280
0.2707112730
0.2709143758
0.3962395787
0.2338952273
0.3361354470
0.2150618583
0.2756234109
0.3167302310
0.2357623279
0.2604448199
0.3126426041
0.2758188248
0.2163760662
0.3010134995
0.2536616623
0.2892315984
0.2575177252
0.1890203506
0.2798780799
0.4155378342
0.3303748369
0.2811543047
0.2335118949
0.1778015345
0.4605171680
0.2286084145
0.2845314741
0.3064444363
0.3008356988
0.3014491498
0.3647459745
0.3500643075
0.1831743568
0.1259746999
0.2378531545
0.2857358754
0.2008016109
0.2481089234
0.2777369022
0.2488728166
0.3281287253
0.2352136075
0.3029533625
0.1789556742
0.1902450919
0.2964198887
0.2542534471
0.2684994042
0.2701633275
0.2832824886
0.2491499186
0.2325683385
0.2728554904
0.2269589752
0.2064434290
0.2091741115
0.3546281755
0.3266153932
0.1308641285
0.2659278810
0.2511135042
0.4209199548
0.2645305991
0.2112605870
0.2812220454
0.2974363863
0.2458974421
0.1807252318
0.2439746112
0.6830981374
0.2457193583
0.2778855860
0.2985229492
0.2307866961
0.2380856127
0.2313766181
0.3959927559
0.3081876636
0.2279893756
0.1186660975
0.2662889659
0.3863478601
0.2624377310
0.2325643450
0.1603368670
0.2380106002
0.7703378201
0.3076914549
0.3879644871
0.2312334925
1.1643429995
0.2556975782
0.1438427567
0.2691087723
0.3430714607
0.2618413568
0.2390420139
0.2515065968
0.2269611657
0.3766590655
0.2784274220
0.2472069412
0.2324238420
0.3054452240
0.2808823586
0.2155980468
0.3490749896
0.3106776178
0.2982249558
0.2159529328
0.2412774563
0.2203831673
0.2850059271
0.2253492922
0.1837234050
0.7750167251
0.3150788546
0.2137321234
0.2308865339
0.2234809846
0.1138877124
0.2054549158
0.2737199366
0.2618590891
0.2933982611
0.2247072905
0.2797553241
0.4276472628
0.7528296113
0.3076980114
0.2533096969
0.2712858915
0.3096604943
0.1819943637
0.3190256655
0.3496775925
0.2518107891
0.3050928414
0.1764658391
0.3416565657
0.2481791824
0.3039925098
0.2467224896
0.2939163148
0.3799394369
0.2390825897
0.2534714937
0.3489171863
0.1839012653
0.4203084707
0.1738198698
0.2513033748
0.2696321905
0.2359323502
0.2255325913
0.1736613512
0.2258587480
0.3230943382
0.2597703636
0.2993727922
0.3225267828
0.2711970508
0.3296622634
0.2927479744
0.1818272918
0.7362309098
0.2604016960
0.2511893809
0.2864199579
0.2360572666
0.1699065119
0.2510174513
0.3208052516
0.1707805246
0.3139540255
0.2549920678
0.2952381968
0.2034875900
0.2442965508
0.2621109784
0.1975070536
0.2805822194
0.0347709544
0.2605029345
0.2770387828
0.3002554178
0.1827440113
0.5919010639
0.2093011886
0.2553462684
0.1933168024
0.4512329698
0.2070311606
0.2725470364
0.1307227463
0.2240432948
0.2289948910
0.3394701183
0.2464422882
0.3358338177
0.2761504650
0.1987232864
0.2671128213
0.3094717264
0.2365543097
0.2564173043
0.2215138823
0.3467062414
0.3155244887
0.1495692581
0.2525821626
0.4294911623
0.2688516378
0.2697036862
0.1999077648
0.2228767425
0.2481424510
0.2721673846
0.2920918167
0.2474973500
0.2379732281
0.2533267438
0.2743628919
0.2408818603
0.2323126197
0.2992488444
0.1351374537
0.1878328472
0.3695050180
0.2971713245
0.2486841679
0.2756436765
0.2090767324
0.2633666098
0.2959553301
0.2283883542
0.1977212131
0.2681728303
0.1560658664
0.2986061573
0.2234265804
0.2118458748
0.6209633946
0.2342361659
0.1638174951
0.1823180169
0.2011645585
0.1839196533
0.1857779622
0.2221130580
0.4587944448
0.2535260618
0.2636291385
0.2092520148
0.2367154956
0.2109875977
0.2984410524
0.2307347953
0.2753993273
0.2320042253
0.2316260040
0.2525998056
0.1807617843
0.2762079239
0.5403172374
0.4377358258
0.2477022260
0.2516843081
0.1285595298
0.2764803469
0.3614084125
0.2993485332
0.2429686040
0.4191151857
0.1502044499
0.2224555612
0.4394457638
0.2579942346
0.2301726490
0.4770857990
0.3138960898
0.2715940773
0.8470810652
0.2078541219
0.2896274328
0.8109772801
0.4130641222
0.2201937586
0.1800506413
0.4706678689
0.3206835091
0.2791514993
0.3042779863
0.3086472154
0.2056862712
0.2009710968
0.2524182200
0.3411878943
0.2185270339
0.2534503639
0.3593863547
0.2107609510
0.2945357561
0.2960626483
0.3169067800
0.2640568018
0.2115390748
0.1276057810
0.3819718659
0.3709671795
0.2299026996
0.2913330197
0.1604339033
0.2383434027
0.2886904478
0.2283886671
0.1648312062
0.1688863039
0.2835667729
0.1819896698
0.1423406601
0.2645715475
0.2555608451
0.2341166288
0.2661032081
0.2728819549
0.2654981911
0.2907939553
0.2459576279
0.4352089167
0.3123929799
0.3966158330
0.3209125996
0.2661296725
0.1655856222
0.1586117446
0.1738857329
0.2116770148
0.1823395491
0.2654573917
0.4218807518
0.2604624629
0.5968413949
0.2528707385
0.2573498189
0.2263852656
0.4835878015
0.1900581419
0.3173322380
0.3003710210
0.2045100182
0.2592495978
0.2670789957
0.2206751704
0.2938963175
0.2548002005
0.2272546142
0.2931163013
0.2339672297
0.2057084441
0.2413687408
0.2027234137
0.2940811217
0.3526783586
0.2918313742
0.3835423291
0.3266354799
0.2966771424
0.4496816099
0.3809260726
0.2566654086
0.2328102589
0.1716399193
0.2514660358
0.2192056477
0.2574695945
0.2352988422
0.2008636296
0.3511528671
0.3067004383
0.1533585936
0.2413801849
0.2652092278
0.2167463452
0.2567097545
0.2741918862
0.1810326576
0.2523782551
0.1813450754
0.2712502480
0.1807075590
0.2386913747
0.3179188371
0.3063677847
0.2474209964
0.2490166873
0.2590911388
0.2558937073
0.2739069462
0.3043281138
0.3206748366
0.8490247130
0.3282063901
0.1718602180
0.2768627703
0.2139314115
0.2935474813
0.2801712453
0.2253142595
0.2427325100
0.1965338588
0.3841618299
0.2627152801
0.2418971658
0.2708845735
0.2947741747
0.2250145972
0.1038473919
0.2321709543
0.2564281523
0.1718890220
0.4397854209
0.2238432616
0.2673741877
0.3194691241
0.1256225556
0.2230734229
0.3298285604
0.3106221259
0.2129124105
0.4707701504
0.2938633859
0.1645066738
0.2202329189
0.2073689997
0.2337590307
0.1216019168
0.2304635793
0.3748714924
0.1412736773
0.2669396996
0.3342681527
0.3234248459
0.2815474272
0.2617950737
0.1925506741
0.4976094365
0.2014042735
0.1862947196
0.3178824186
0.3093442917
0.2500235736
0.2473138720
0.2936705351
0.1768521816
0.2046610415
0.2135849297
0.2365099788
0.1988288760
0.2929454744
0.2403311878
0.3512779176
0.2062834352
0.2836418748
0.2781285644
0.1255254000
0.2451123297
0.3105925024
0.2176662236
0.4693001211
0.3775895536
0.2745065391
0.2661287487
0.2935051918
0.1301880330
0.1814608872
0.2578206062
0.2491688132
0.3849000931
0.2285790741
0.1576489806
0.2520846426
0.4610678554
0.3028110564
0.3033960462
0.1946301460
0.3207919300
0.2517545819
0.4027865231
0.2765635848
0.2080315500
0.4870971739
0.2871865928
0.2424058616
0.3186875582
0.1973426491
0.1931042671
0.2529614270
0.4254338145
0.3717283309
0.2620007098
0.2758294940
0.1988576204
0.4207320809
0.2681584358
0.4891707897
0.1764970422
0.2306421399
0.2631886899
0.2330075651
0.2525542378
0.1435142606
0.2308531702
0.3580488265
0.2534742653
0.2043219954
0.3196616471
0.3031102419
0.2020096332
0.3219623864
0.2271627635
0.2828724384
0.1950853318
0.2212776393
0.1573116928
0.2365031540
0.2173185349
0.2974641323
0.3638714254
0.2816839218
0.3510343134
0.2357468903
