0.5327150822
0.6009751558
0.6565797925
0.4801600873
0.4258372486
0.5124957561
0.3491313159
0.4299252927
0.4236192703
0.4323746860
0.4524310529
0.5321708918
0.4237602949
0.3905677497
0.4191557169
0.4492416978
0.3807165325
0.3474939167
0.2077190131
0.4904981554
0.5149011016
0.3656508327
0.3454622030
0.2784852386
0.4504222870
0.3354812264
0.5501703024
0.4631774127
0.6418212652
0.3986675739
0.4085701704
0.3334158957
0.4321844876
0.3843024969
0.3615201712
0.4215918183
0.3967639208
0.3953528106
0.4726473093
0.4334812760
0.3827459216
0.4892010093
0.4735933542
0.3918148279
0.4266964197
0.2982411087
0.4435861111
0.4051797986
0.4400011301
0.3781792819
0.4439925849
0.3290922940
0.4377699494
0.2547183633
0.6254228950
0.3787704110
0.4629087150
0.3698050082
0.3943452239
0.3981986642
0.4339165092
0.3733873069
0.1457501650
0.4859763086
0.3495980799
0.3530762792
0.3474854529
0.2851891518
0.4765901864
0.3332707584
0.4279883504
0.5712929368
0.3176566362
0.6278439164
0.3802739084
0.4198795259
0.4478868246
0.3830600381
0.5213703513
0.4148755372
0.3167329133
0.5210500360
0.4553717375
0.3449713886
0.3785654604
0.5089079738
0.4111554623
0.3872780800
0.3317339718
0.5397139788
0.4067539573
0.3864449561
0.4598048925
0.4862368703
0.5015015006
0.4453725517
0.4224224985
0.4559259415
0.3717654347
0.4612680376
0.4694443345
0.4062899053
0.3412421644
0.3969351649
0.4359408915
0.3062882721
0.5530622602
0.6760311723
0.3485602438
0.4536662698
0.4712774158
0.6022237539
0.4213590324
0.3579964340
0.2598112524
0.5508684516
0.3537822366
0.4318938553
0.4182994664
0.4178762138
0.4067873657
0.5539954305
0.4100870788
0.3381165266
0.3546968699
0.3962724209
0.6115425229
0.4346680939
0.3590026498
0.4025881588
0.4045412838
0.5254710913
0.1111617610
0.5651508570
0.3456551731
0.4149634242
0.6045394540
0.4792156219
0.4135980010
0.5384400487
0.5487551689
0.3897781074
0.4547781646
0.5130761862
0.5696250200
0.4599637687
0.4076682925
0.6296221018
0.5876868963
0.3591583371
0.3355080783
0.3656654656
0.4317467213
0.8037606478
0.4029545486
0.5629500747
0.3370222151
0.3727974296
0.3860586584
0.3831360638
0.4406821728
0.3772997856
0.4582470357
0.7036728859
0.5827924609
0.2530662417
0.4057622850
0.3478702009
0.5495287180
0.3790766001
0.4660417438
0.4611597955
0.2975429595
0.4301208854
0.4994083643
0.3929249942
0.4112531841
0.3109298050
0.3609909713
0.3858429492
0.3428071141
0.4365709722
0.5262081623
0.2629891932
0.3895812631
0.3796662390
0.4243609905
0.4102268219
0.3959926963
0.4103566408
0.3827349842
0.4014207125
0.2921594977
0.4695416391
0.5694698095
0.4491288960
0.4494534433
0.4227405787
0.4310224354
0.4039809108
0.3471785784
0.3734304905
0.3550544083
0.5272551775
0.4970717430
0.3715675771
0.5596541166
0.3741176724
0.3834638894
0.5158853531
0.3919406831
0.3196488619
0.2917157114
0.6791316867
0.2880458236
0.3536479175
0.3634129167
0.3003593087
0.4495843947
0.4093216360
0.3334528506
0.3735172451
0.3539896011
0.3623511493
0.5145534277
0.5689358115
0.4254458845
0.3770602643
0.4093067348
0.6761916876
0.3748484850
0.3749721944
0.3772219419
0.3448477089
0.3982311785
0.4830738902
0.3705730438
0.5509375334
0.4390914142
0.5539603829
0.3546633422
0.4326336980
0.2884501815
0.3550568223
0.4037850797
0.3884745240
0.7899984717
0.4032566845
0.3262658715
0.3722118437
0.3692287803
0.2629663050
0.3954860270
0.3496707082
0.4142319262
0.4490391612
0.4128830731
0.4309576154
0.8185991049
0.3275943995
0.4693817496
0.3721080720
0.3250777125
0.3670515418
0.4441532493
0.4828394353
0.4144605696
0.3718398511
0.5556542277
0.4139544368
0.3921745718
0.5206904411
0.3903256953
0.3915457428
0.4220618904
0.4240522087
0.3941906095
0.3994058073
0.4758605063
0.4618517458
0.4290950894
0.4476011097
0.3600344062
0.4032766223
0.4718334079
0.4433080256
0.3673672080
0.4719899893
0.2971028686
0.4536530375
0.4559977651
0.4962268472
0.3337599337
0.3493775725
0.2317106873
0.4145561159
0.3455913961
0.5401692986
0.3803246021
0.4341969192
0.5928254128
0.3439505696
0.3568568826
0.3738022745
0.3779694736
0.3906078935
0.5061348677
0.3857574463
0.3971473873
0.4252388775
0.6757279038
0.5509434342
0.3870911300
0.4171292484
0.4890890419
0.4965290725
0.5049852729
0.4519182146
0.4599480927
0.4103883207
0.5872847438
0.3768117428
0.4321381748
0.4251417518
0.4427762926
0.4690956175
0.5209289789
0.4693788588
0.3388382196
0.2436684668
0.7600595951
0.3698110878
0.3965176344
0.5140599012
0.4285641909
0.3844561875
0.4022662044
0.4350446165
0.4633143842
0.3683249652
0.4094839394
0.4867359698
0.6380562186
0.4110457599
0.3735707402
0.3635588288
0.4196543694
0.4007522464
0.3733739853
0.4214236140
0.5201402903
0.4068375230
0.3877831399
0.4382695854
0.4050427079
0.5717904568
0.7513104677
0.4237953424
0.3953739703
0.5810839534
0.5506110787
0.4696446657
0.4151463211
0.4442188740
0.4605870545
0.3429044187
0.5053826571
0.3046953082
0.3642372489
0.3820716441
0.4057404101
0.5529935956
0.4415606856
0.4500953853
0.3792971969
0.4037153125
0.3840204477
0.4983705878
0.4293153882
0.4481981099
0.5547599792
0.4614602029
0.4613159001
0.2111442089
0.4053829014
0.4018076956
0.4385806322
0.4625644088
0.6971628666
0.4790375233
0.3912314475
0.4224065244
0.4704823792
0.3675490022
0.5543984175
0.6496964097
0.4742751718
0.6478207707
0.3705379069
0.3672936559
0.4477480948
0.3912762702
0.3526625335
0.4165548682
0.4133484662
0.4094448984
0.4516405761
0.5174418092
0.4621882141
0.5927289724
0.3696748912
0.4965964854
0.5383510590
0.5547627807
0.3154653013
0.4546971917
0.3166770935
0.3454413712
0.5460230708
0.3810593188
0.3711212575
0.3423984349
0.3881116807
0.4880627394
0.6991744041
0.5393926501
0.5352802277
0.6863417029
0.3520378470
0.3718714118
0.4154340029
0.3894522488
0.3706066012
0.2911930382
0.8302307129
0.3462240994
0.3503260016
0.4349046052
0.1068853140
0.4309184551
0.3637142479
0.5790643692
0.5623263717
0.4639414847
0.4143940508
0.3898051083
0.5110107660
0.4609877467
0.4149975479
0.3122465312
0.3797959685
0.3653370738
0.4247134030
0.3876352012
0.4419132471
0.4315266609
0.4273687899
0.5786961913
0.4675170481
0.4336258173
0.3495194018
0.4134092033
0.3337535560
0.4889904261
0.5105965734
0.3468730450
0.4016285539
0.4822005332
0.4366805255
0.3670797944
0.4641284347
0.3788039386
0.3326547444
0.5307317972
0.5710871816
0.4222060740
0.6639989018
0.3960736096
0.3755395412
0.4125721455
0.3955812752
0.5487875938
0.5403506756
0.3628998697
0.4638102949
0.4192217588
0.4056686759
0.3785767853
0.5356958508
0.3636424243
0.3519443572
0.4520303011
0.4296378493
0.3872290552
0.3573173881
0.4450024664
0.4372076392
0.4684650004
0.4144117236
0.1666363627
0.3076495826
0.4915639460
0.4349556267
0.4094441533
0.5819072127
0.4012885392
0.5143427849
0.4612567127
0.4005015492
0.3749794960
0.3837182224
0.3630401194
0.3593999743
0.3570871651
0.7229220271
0.3331510127
0.5423954725
0.3999519944
0.1366984099
0.3214662969
0.3741947711
0.2291092873
0.4623999894
0.3964802325
0.5391607285
0.4206317365
0.5127100348
0.4113956392
0.3552550375
0.4266876578
0.4349969029
0.4711591601
0.3846717477
0.3163287342
0.6489597559
0.4190171361
0.3658314049
0.3278875053
0.4369159937
0.4031248093
0.3786746264
0.4371030331
0.3437261581
0.6039512753
0.4997925460
0.6567412019
0.3800403178
0.5122068524
0.3816950321
0.5748968720
0.3676547110
0.4223425090
0.4547570944
0.4001066387
0.3776635826
0.2958335280
0.2738097310
0.4083814025
0.3291462064
0.3903788030
0.6509160995
0.4479699433
0.2699159980
0.3205350041
0.4541964829
0.3810964227
0.4869196415
0.4202622175
0.4709808528
0.4202133417
0.3150549233
0.3460583687
0.4100647569
0.3734344244
0.4296385646
0.3701662719
0.1863099933
0.4410236776
0.3784364760
0.6636725068
0.3886810243
0.3617182970
0.4106444716
0.2540105879
0.4424083531
0.6092461348
0.4082756341
0.5404775143
0.4141901731
0.2844250202
0.4466336668
0.3206537962
0.3567572236
0.2933275402
0.4147540629
0.6563796401
0.2620338202
0.6250616908
0.3939670324
0.4629222155
0.4823905528
0.2933152020
0.1276392341
0.4117447734
0.3967913985
0.4390240312
0.4266911149
0.7130181193
0.3598361611
0.3846203089
0.4389764369
0.5634821057
0.3598514199
0.4007872939
0.4574105442
0.5178607106
0.5334734321
0.3934022188
0.3904629648
0.4211246073
0.3783344626
0.3970151246
0.6473590732
0.4524920881
0.3679109812
0.4076974988
0.3930976093
0.3525082767
0.3738463819
0.3718632460
0.3262508512
0.4865815043
0.6813931465
0.5163279176
0.5922129154
0.4163514376
0.4021602273
0.4168846905
0.4832383096
0.3669043779
0.6331118941
0.2808629572
0.5630940199
0.3717646301
0.5176888108
0.3912595510
0.3834562898
0.3129422963
0.3693267703
0.6273859143
0.3862047195
0.3705187440
0.4135938287
0.4680672884
0.4593631029
0.3644389212
0.4080027342
0.3956517577
0.5501261950
0.4018057585
0.6870934963
0.4350855052
0.5938112140
0.4770254493
0.3784899414
0.3539494574
0.3622131944
0.6186837554
0.7343901396
0.4673805237
0.4348515570
0.4330450296
0.5184236765
0.4296107292
0.4283545911
0.4136226177
0.2348913550
0.3862907290
0.5823066235
0.0681398809
0.3775533438
0.3440081477
0.3734641969
0.3305882514
0.5505031943
0.3640928864
0.4413803816
0.4209578335
0.4497993588
0.5542404056
0.4746352732
0.4176157415
0.3852228224
0.3439054191
0.3448375463
0.3413346112
0.4026468694
0.4896944761
0.7229180932
0.2838491797
0.4395399392
0.4570688009
0.5836395621
0.4168299139
0.4164044559
0.3896535337
0.3991499841
0.4109442234
0.3571036756
0.3133489490
0.3415701687
0.3572119772
0.5243452787
0.4146702290
0.3860672414
0.5566464663
0.4063247144
0.3509864807
0.3917065859
0.4207748175
0.4444608390
0.3295545578
0.4188916683
0.3584611714
0.4482526183
0.5632984042
0.4641066194
0.4534808099
0.4815860391
0.3834002912
0.3905282021
0.4545327127
0.4191343486
0.3664584756
0.3379639983
0.4825739861
0.4560487568
0.3315897882
0.4600611627
0.3074087799
0.4806783795
0.3746149242
0.2489443272
0.3649553955
0.4838642180
0.3709429502
0.3707797527
0.5558717251
0.4287098348
0.5081101060
0.5196387768
0.4413857162
0.5301117301
0.8665800095
0.3623039424
0.5140332580
0.7017884254
0.3573412299
0.2592352033
0.4316409528
0.5812721848
0.2849697173
0.6202504039
0.4794456959
0.3855278790
0.4707720280
0.3443126082
0.3723255992
