0.3204611838
0.3653090596
0.1363797039
0.3291853368
0.3293150365
0.3194104135
0.2124914825
0.2782492042
0.3281542957
0.3438832760
0.3391978145
0.3292442262
0.3875206411
0.3112530708
0.2103038728
0.3240652978
0.2809373140
0.3130136430
0.2301160544
0.4177057743
0.3390861750
0.3982694447
0.2829549313
0.3813945651
0.2834954560
0.2993024886
0.2071631551
0.3966957629
0.3153724968
0.3870118856
0.3267107010
0.1640371233
0.3090825677
0.3061028421
0.3121605515
0.2118170708
0.4016714394
0.3425011933
0.4510123134
0.3163055182
0.2823887467
0.3932248652
0.4274105132
0.3656277359
0.3543591201
0.2931603193
0.1491886973
0.3218963146
0.3204691410
0.3227254748
0.3107014596
0.3284168541
0.3070944846
0.3416694701
0.3866698146
0.2313483953
0.3062438965
0.3960435390
0.3340561688
0.3042719960
0.2788376212
0.1532195359
0.1852952093
0.1674831063
0.4003911018
0.3058869541
0.2085981816
0.3756966293
0.3366700709
0.3016489744
0.2101252675
0.4497969449
0.2068284601
0.3518322706
0.3225519061
0.3473417163
0.3860084414
0.3429621756
0.3660461009
0.3212621212
0.3780528009
0.3061990440
0.3389061093
0.3678802550
0.2842372358
0.4026918113
0.3407507241
0.3018595576
0.2887406349
0.5385211706
0.2859595120
0.3083015382
0.3716014922
0.3221761286
0.3638811111
0.4144469500
0.3676755726
0.3132174909
0.3793103397
0.4459366500
0.3250254095
0.4287430048
0.3243869543
0.3207019269
0.1733779907
0.2546117604
0.1834922731
0.3544873893
0.3013534248
0.4162129462
0.3349447250
0.2818655670
0.3568378091
0.3783850074
0.3033934832
0.3237386048
0.2523110509
0.2599693239
0.3058325648
0.3417313397
0.3432269096
0.2603809834
0.3076663017
0.2878048420
0.3486954868
0.3572855592
0.3428138793
0.3676955998
0.3040252626
0.3334454298
0.3726949692
0.1949668527
0.2411853373
0.3762138188
0.3115086257
0.3728649616
0.5559105873
0.2675659359
0.2759784758
0.3223682940
0.3039723635
0.2984625697
0.3077658415
0.5351698995
0.3193182349
0.3359641433
0.3499042690
0.2507006526
0.3424124122
0.2513973415
0.2737674117
0.3199607134
0.3963908851
0.2889629602
0.3422058523
0.3470306396
0.2909307480
0.1625336558
0.3554369211
0.3002149165
0.3378888369
0.2336481065
0.3744036555
0.4741131067
0.3179790676
0.3644736111
0.2474689931
0.2503384352
0.5646550655
0.3964978456
0.2975789309
0.3353181779
0.3399781585
0.3075875640
0.1738388836
0.3732850850
0.2014502138
0.3755783737
0.2567030489
0.2259526551
0.4117878079
0.3289949596
0.4711506665
0.2386240512
0.2262696028
0.3483970761
0.3538507819
0.2666744888
0.4273496568
0.2718286216
0.3377754390
0.3702006340
0.1997171342
0.3567952812
0.2942778766
0.3442954719
0.3450491428
0.3963630199
0.3149876297
0.3278053403
0.2403233349
0.2990596294
0.0652805567
0.3295290470
0.7841066718
0.2970577180
0.3273510635
0.3251135349
0.2958672643
0.3198706508
0.2920291126
0.3298499882
0.2221994102
0.3385127187
0.1817122847
0.3094845116
0.3097663224
0.2705917954
0.3240027726
0.2737039328
0.3091604114
0.4013782144
0.3627652824
0.3369155228
0.4313241243
0.3351172209
0.3591465354
0.3565148413
0.3724816740
0.1517597288
0.2557964623
0.3520604372
0.3638773859
0.2793535590
0.2117129862
0.0634789690
0.1888893396
0.3175272942
0.3037531078
0.2867430151
0.2542296052
0.3388861120
0.2546114624
0.3185598552
0.3623793125
0.1788122952
0.3919590712
0.3304475248
0.3233336508
0.3648015559
0.3734522760
0.3556519449
0.3229317367
0.4695956111
0.3203099370
0.2665719688
0.3209824860
0.3422024250
0.2805433571
0.1338679194
0.3555658758
0.3291966319
0.3350447118
0.3115478754
0.2068719864
0.1498398632
0.3391513824
0.2879552841
0.2199479938
0.3755217493
0.3411559463
0.4521070719
0.3633199930
0.3180211782
0.3532766104
0.3503460288
0.0940688029
0.3028858006
0.3144071996
0.3656334281
0.3623614609
0.3038599193
0.3135066926
0.3106508255
0.3509033322
0.3867892623
0.3282221854
0.3760972619
0.2668405175
0.3729292750
0.3083238602
0.2836288810
0.3169506788
0.3042951226
0.3386207521
0.3957843482
0.2647500932
0.3657440841
0.3554676473
0.3400395811
0.1238049418
0.2863396704
0.2872441113
0.2845157683
0.3600607812
0.3428077996
0.3479451835
0.3188692033
0.3425443769
0.3540156484
0.3315902948
0.2582365870
0.4063050747
0.3648048639
0.3242329955
0.3603726923
0.2227776051
0.3192969263
0.3455533683
0.2963020802
0.3398715258
0.3491187990
0.3031639159
0.3260066211
0.3010218143
0.3207314014
0.3743999302
0.3498635590
0.2709538937
0.3480905890
0.6020455360
0.3131177723
0.2429798394
0.4627729058
0.2414026409
0.3407589793
0.2950444520
0.3358719051
0.3071999550
0.3307019174
0.3136315942
0.2817393243
0.2875654697
0.3453381956
0.2877724767
0.2686558664
0.3575069904
0.3179892004
0.3178095222
0.3867265880
0.4459879100
0.2507973909
0.2851874232
0.3510620296
0.3033732772
0.2131099999
0.5401579738
0.3609019518
0.3488237560
0.3010543883
0.2984802127
0.2446690649
0.3837323189
0.2882047594
0.3336794972
0.2955004871
0.3871754110
0.4028460681
0.2842553854
0.3201441765
0.1977324337
0.3951048553
0.3161821365
0.3354512155
0.3378877640
0.3429498971
0.3695403337
0.3744547367
0.3294826448
0.2860842049
0.3497143388
0.3384790421
0.3367150128
0.3541399240
0.2869734764
0.2943618596
0.2613869011
0.3227995038
0.1813547462
0.3023655713
0.3392228782
0.1538522542
0.3630225956
0.3022598624
0.3650699258
0.2808122039
0.3320825696
0.3206980228
0.3086337149
0.3331800699
0.2948704064
0.2706165314
0.3695899546
0.3761494756
0.3347342312
0.3476430178
0.3020667732
0.3993027806
0.3464058936
0.3108349741
0.2862511277
0.2584870160
0.3578503430
0.3183071613
0.3028530478
0.3202636540
0.3347775042
0.3164211810
0.5053427815
0.3177751601
0.2678940296
0.2453195900
0.3409096301
0.5073273778
0.5183476806
0.8015807867
0.4770538807
0.3001897037
0.3105263114
0.2557885051
0.3164287210
0.3315360844
0.3870479465
0.3484389484
0.4645635188
0.2087410241
0.2579440773
0.3565953076
0.5693851113
0.3397879899
0.2775653601
0.3170424104
0.3095352352
0.3421101868
0.3360732198
0.3353635669
0.4130844772
0.3119296730
0.3496481478
0.2385368943
0.2958661020
0.4096249044
0.3454010487
0.3098179698
0.2407979816
0.3141015768
0.3922777772
0.3276961446
0.3767010570
0.3526774049
0.2747790217
0.3715656102
0.3077476025
0.3801774383
0.4389788806
0.3621524274
0.2916082740
0.3164129257
0.3689267933
0.2560407519
0.3807478845
0.2752453685
0.2384180725
0.2992579043
0.4654750228
0.2986193895
0.2104315758
0.3517233431
0.3229097426
0.3321177959
0.3617941737
0.2977744639
0.3664467335
0.2972897589
0.3404785395
0.4242065549
0.2994214296
0.3294428289
0.3825020492
0.2896193266
0.2929745018
0.3776953816
0.2916373909
0.3885741830
0.3475362659
0.2747129202
0.3521838486
0.4034695923
0.3589645922
0.3768351078
0.2673746049
0.4127512872
0.4826138020
0.3246493340
0.4880577624
0.1004444212
0.3967401385
0.2892265022
0.3277416825
0.2925108671
0.2362813503
0.3284216821
0.3316116631
0.3254630268
0.5222356319
0.3260851502
0.3466429710
0.3137337267
0.2446054518
0.1622997224
0.3112538457
0.2607461214
0.1710712463
0.3166712821
0.4716784358
0.3404884040
0.3943364918
0.3137961924
0.3473712206
0.3030436039
0.2163190246
0.1969600618
0.2970358729
0.3254552484
0.5381051898
0.0914997980
0.3692334890
0.2512580752
0.3597273231
0.2225388587
0.3570491970
0.3514994383
0.2300113738
0.3209218681
0.3166863322
0.3081753254
0.3480316103
0.2563026547
0.3145563304
0.3135647774
0.3168597221
0.2629955113
0.3628627658
0.3711487651
0.3219753206
0.2882573307
0.2493560463
0.3068487942
0.2563814521
0.3248862028
0.2446632534
0.1634509712
0.1747129858
0.3290730417
0.3741672635
0.2835222185
0.3919746578
0.3372651935
0.1798373163
0.3679277897
0.2258504778
0.4211272001
0.2945209146
0.2753611505
0.3543818593
0.3642778993
0.3743981719
0.3696545362
0.2534221709
0.2780282199
0.3277563453
0.3331634998
0.3602398336
0.3619572818
0.3396827579
0.3242695630
0.3015586138
0.3705451488
0.2433858663
0.2884941399
0.2252276838
0.3877450228
0.3420922160
0.2382373959
0.3154746294
0.4016772807
0.2294788510
0.3226440251
0.3480685651
0.3302412629
0.4298848212
0.2492615879
0.6442498565
0.3644953668
0.3244147003
0.3521513939
0.3485982418
0.2506275475
0.3670492768
0.3315513432
0.4526027739
0.3309279680
0.3227248192
0.3145659566
0.3662817478
0.3675444722
0.3426641226
0.3379350007
0.3481793404
0.1888850182
0.3530336022
0.4298335314
0.2439305335
0.3411338329
0.3100817800
0.3332059681
0.2435628027
0.2882165611
0.3078099489
0.3322605789
0.2924771607
0.2907436788
0.2844887376
0.3622476757
0.3048828244
0.3766958416
0.3619138598
0.3782952726
0.4185952246
0.1572801173
0.5547151566
0.3206476271
0.3080305159
0.3036672771
0.4688398838
0.2937692404
0.2275664061
0.3971957862
0.3309420645
0.2894286215
0.3385837376
0.2992209494
0.3784531057
0.2783479691
0.3603576720
0.3601092994
0.3626244664
0.3877911270
0.3257110119
0.3424537182
0.1649409533
0.3551634848
0.3581017852
0.3416547179
0.2541692257
0.3036758900
0.3218211830
0.4615822732
0.2989255488
0.3305099308
0.3340091407
0.3178451359
0.3506685197
0.3696505725
0.3755620718
0.3612823486
0.4104537070
0.3141250908
0.3704275787
0.5190182328
0.2912726104
0.2719387114
0.2945636809
0.3127178848
0.2862196565
0.3551656604
0.0979999900
0.2309629768
0.2759672701
0.4302852750
0.3434705734
0.3351553082
0.3422252834
0.3209005892
0.3818037808
0.2727141380
0.2980339825
0.2452267855
0.3237021863
0.1429866254
0.3710232377
0.2881111801
0.3229871690
0.3614171445
0.3519131243
0.3444999754
0.2961499095
0.2021574527
0.4057261944
0.4146244526
0.3508727551
0.2993819714
0.2338424027
0.2731578648
0.3053916395
0.3560332060
0.2317894697
0.3748015761
0.3609007895
0.3051651418
0.3357965350
0.1868062317
0.2736203074
0.2505336404
0.3351867497
0.3606864512
0.2870298326
0.1591565609
0.2996760905
0.2609056532
0.3192767501
0.3260058165
0.4273786247
0.2456766069
0.1729927361
0.2768080235
0.3622420132
0.3176034689
0.3635989726
0.2923931181
0.2833887935
0.1785313040
0.2301111519
0.2852481306
0.3817875683
0.3512521088
0.3389974236
0.3051510751
0.3023931682
0.4120409191
0.3342626691
0.3469665945
0.3878980279
0.4912296236
0.3368826210
0.3565618098
0.2966862917
0.3350246549
0.2462577075
0.3209668100
0.4185655713
0.2136203051
0.3454233706
0.2697603106
0.3716872633
0.1334984303
0.3232844770
0.3801996112
