0.1289431304
0.0824189186
0.1806009412
0.0272756107
0.1078039855
0.0249684881
0.1241671219
0.0743363500
0.0487313569
0.1093489304
0.0171845946
0.1490446776
0.1725716889
0.1199237257
0.0182726495
0.0616816320
0.0753381848
0.1135079414
0.0717234313
0.2479595393
0.0389699414
0.0235219579
0.0051453956
0.0108669335
0.5153174996
0.0608065538
0.0925478488
0.0751909241
0.0251633041
0.1680763215
0.0854421481
0.0439509265
0.2364023477
0.1505723447
0.0697265714
0.0306912549
0.0471608043
0.2215135992
0.1158124506
0.0950001553
0.1346737444
0.1206215322
0.1306364387
0.1484248340
0.2335825562
0.1072283462
0.0649813861
0.1982503831
0.0103896735
0.0224402621
0.0661115348
0.0650614500
0.1437062025
0.3516040742
0.2137921751
0.1689526588
0.0706268847
0.0872722417
0.1070457175
0.0631856397
0.0831693634
0.0934339166
0.0991929993
0.2716371417
0.0684368983
0.0465605222
0.1136786193
0.0631604269
0.0889442936
0.0052310047
0.2336215973
0.1057766378
0.0905129537
0.0722545534
0.0599549823
0.1771053523
0.0007168707
0.0476244390
0.0701128617
0.1980191916
0.0745095387
0.0783533901
0.2057022303
0.1132507995
0.0295377485
0.1742888838
0.1003382355
0.0553316772
0.0679669753
0.0862288475
0.1431936026
0.1284976155
0.1052876487
0.0970563814
0.0863151699
0.1130076945
0.1007950976
0.2863441706
0.1405645907
0.0413583554
0.4892392457
0.0924459174
0.1404603124
0.0640527382
0.0364902280
0.0462483391
0.1727827787
0.0335165299
0.0759665221
0.2426505685
0.0642349645
0.3280059397
0.0582287200
0.0188018735
0.0373604707
0.0363621078
0.0779683813
0.0471603423
0.0357411988
0.1340605468
0.0496137626
0.1004914269
0.1843755245
0.0243885517
0.1441376805
0.1927823871
0.0536134988
0.2667889595
0.2237463892
0.1255163997
0.2014376819
0.2901417017
0.2463421375
0.0419186316
0.2357454002
0.0422986969
0.0943490714
0.0390666462
0.0002398017
0.0413090214
0.2327836901
0.0654951185
0.0605985336
0.2294825017
0.0143081462
0.1056455374
0.1181431189
0.0612068810
0.0774586871
0.1023435816
0.2420926839
0.1567634791
0.0558925569
0.0833508149
0.0383017287
0.1277657300
0.0035821942
0.1037929431
0.1470461935
0.1165900528
0.1208327636
0.1079880446
0.2106564492
0.2222950608
0.1152850017
0.0009465508
0.1504257172
0.1248656586
0.1464232653
0.1059809476
0.0454656892
0.2248922139
0.1251940280
0.0073004724
0.0942851752
0.0930785388
0.1127612889
0.1780531853
0.1354584247
0.0777911618
0.1141103059
0.0328377634
0.0834954977
0.1321772337
0.0557272285
0.2322356403
0.0511771999
0.1099572554
0.0931451544
0.1364644468
0.1271966696
0.0291450080
0.1748483330
0.1067271978
0.2407366335
0.2665395737
0.1366422325
0.1359731704
0.0015456771
0.0201479197
0.1562805623
0.0457525067
0.1786966473
0.3499132097
0.0654231757
0.1031800210
0.1140011698
0.0397676937
0.2614964545
0.1743799746
0.0877041072
0.1488263905
0.1007119566
0.2077458352
0.0083325282
0.0415412076
0.0301011950
0.2255011201
0.0087461798
0.1697706878
0.0761520639
0.1338319033
0.1865367740
0.1449540854
0.1034417227
0.0961546898
0.0958000049
0.0089149307
0.0720516145
0.1073616222
0.0164365601
0.1715732068
0.1373577267
0.1302890629
0.0528115109
0.0411461778
0.2322706133
0.5302729011
0.0339887775
0.0215018690
0.0063355486
0.0516019687
0.1115973443
0.0282004084
0.0460115187
0.1037412956
0.1327959597
0.0642125160
0.0266412813
0.1189270616
0.1653238237
0.1503982246
0.4215210974
0.0807330683
0.0412911549
0.1497778744
0.0317798667
0.0409702621
0.1498498023
0.0586326681
0.0521533452
0.1877169460
0.0739892945
0.2908905149
0.1562495828
0.0687751547
0.1858581156
0.2093213797
0.0884592012
0.3752169609
0.0377929099
0.0948459953
0.2374241203
0.0883629173
0.0879706293
0.1008229628
0.0543995500
0.0276033226
0.1272707880
0.2223801464
0.0681937784
0.0298059843
0.0539652854
0.1507044733
0.1108813956
0.0744303763
0.0727644339
0.1146875247
0.0739794821
0.0480729938
0.0612327009
0.0769503787
0.0287920870
0.1775685251
0.2590661347
0.0804997534
0.1136106625
0.0594373122
0.0468939058
0.1481166631
0.0526137799
0.0648366734
0.1199543402
0.0983848944
0.2582286596
0.1180142388
0.0934661925
0.0705317408
0.3017606735
0.0659173876
0.0472752266
0.0238629486
0.1824950129
0.0057885298
0.0791265517
0.1980278343
0.0811249614
0.0711132213
0.0403709784
0.1406077296
0.0364833325
0.0345953777
0.0933108851
0.1164227203
0.1097126380
0.1376231164
0.0105501888
0.0963776186
0.0308738016
0.1343395412
0.0844942331
0.0780622587
0.0071077822
0.1860781610
0.0813838020
0.2862138450
0.0176557023
0.0004055836
0.3259018362
0.5560253859
0.0976758003
0.0507530980
0.0007169761
0.0016905328
0.0912016034
0.2596886754
0.0928727612
0.0637668148
0.1633718014
0.0753648505
0.4477598369
0.1703580171
0.0678218827
0.0656368807
0.0433518887
0.0444199555
0.0020946320
0.0637682527
0.1188653782
0.0402411968
0.1389122605
0.0003425620
0.1280765682
0.0466636792
0.0842848122
0.2036762089
0.2334029824
0.0224573798
0.0706441179
0.0091185607
0.0062930277
0.0753737018
0.0091688279
0.1100497991
0.0141147310
0.1933555454
0.1620780081
0.0309943650
0.0854175687
0.1377001703
0.0129365548
0.2037834823
0.1090756431
0.1145499870
0.0514206737
0.0562358834
0.2728507817
0.1131087616
0.2188394666
0.0538588688
0.1663812995
0.1122384220
0.1082246080
0.0504749417
0.1292496771
0.0219908785
0.0491213240
0.0992965624
0.0442495309
0.0475624315
0.1827491969
0.1811429709
0.1256497949
0.0367193557
0.1104545370
0.1694584787
0.1366073936
0.0602309369
0.2434426099
0.1193114594
0.0622485913
0.1040222943
0.1168318689
0.3605429232
0.0070301443
0.0717023537
0.0033840276
0.0359833688
0.0791785195
0.1973228753
0.0940312818
0.1596871018
0.0558604822
0.0920477435
0.0743550956
0.0632867292
0.0938269794
0.0790793374
0.0778014436
0.0341132842
0.0601544008
0.0258937329
0.0775046945
0.1730046421
0.1352381557
0.1551684141
0.1234259903
0.0505330116
0.0287696421
0.0700909421
0.0047484352
0.0082172090
0.1165226400
0.0156485178
0.1240347624
0.0395056978
0.1563041508
0.1078277081
0.0524956249
0.1881272793
0.0469941981
0.0926758051
0.0426487550
0.0630385950
0.0424204953
0.2266754955
0.0377239920
0.0484426655
0.1059687659
0.2138388604
0.2219353169
0.0831471086
0.1281203628
0.0842694044
0.0718838871
0.0582084358
0.0046265079
0.3902596831
0.0440061837
0.1276527792
0.0758152306
0.0091201216
0.1096065566
0.1159821376
0.0450093225
0.0078253048
0.0551436059
0.1996629089
0.1187100634
0.0789031014
0.0768599883
0.0747817382
0.1402353793
0.1057528853
0.0827568620
0.0440852381
0.0013925168
0.0019686923
0.1957077384
0.2161766887
0.1939434558
0.0003727423
0.0206754766
0.1012809351
0.1577273160
0.0185499974
0.0442665145
0.1186762452
0.0849166512
0.1270430684
0.1406980008
0.0969077870
0.0001952957
0.0736019909
0.1778712422
0.1636385173
0.0871435925
0.0011838761
0.1131397858
0.1985066235
0.0130539294
0.0881506205
0.0285094902
0.0874185711
0.0818843469
0.1959936172
0.1050566658
0.1121568605
0.0964439139
0.0875860676
0.2091304958
0.0091320416
0.1257002801
0.0643237233
0.1489419490
0.0401432775
0.0438388288
0.3025060296
0.1071745381
0.1324430853
0.2641476393
0.1066379026
0.0666954070
0.1137671694
0.0387069359
0.0600300692
0.2858986259
0.0502288043
0.0931925401
0.1268777251
0.0406973027
0.0997367576
0.1415452063
0.2027454972
0.0002359171
0.2294157743
0.0506842174
0.1423436701
0.0372304469
0.0032229521
0.0837845504
0.0581310764
0.0491503328
0.0009663464
0.0236014966
0.1332431585
0.0479913093
0.2077357173
0.0646380037
0.0003779639
0.0527630784
0.1452949196
0.1368361562
0.2590853572
0.0961148888
0.0683517009
0.0335840844
0.0945139602
0.2793639004
0.0497742221
0.0003653929
0.1043182611
0.0806018114
0.1357445568
0.1907575428
0.1040845960
0.1476388872
0.1452303827
0.1019432396
0.1369280517
0.1897051930
0.1873333752
0.0893465206
0.0141642978
0.0700114742
0.0018364763
0.0996752307
0.0119939828
0.1075235903
0.0566490777
0.0049702208
0.0662546158
0.2383130789
0.1307008266
0.1212098226
0.0328255482
0.4251772463
0.2308058888
0.0571669936
0.0961758792
0.0377845503
0.0708284900
0.1105820611
0.0031278676
0.0619202703
0.3060139716
0.1975673139
0.1534453630
0.0427781790
0.1184731349
0.0708332434
0.0941568017
0.0342945643
0.1727348864
0.0021098338
0.4406315386
0.0446052887
0.2497273237
0.0697514489
0.1641919464
0.0492744520
0.0391036086
0.0590704046
0.1176283211
0.1620391309
0.1369327456
0.1555060297
0.0459802039
0.1931270659
0.0870851427
0.0145431152
0.0589610860
0.0423528850
0.0618080199
0.0645686388
0.0572319739
0.1679265797
0.0425234735
0.0951860994
0.1167746559
0.1336421818
0.2484707534
0.0693298653
0.0339587890
0.0838236585
0.0596345440
0.0012502283
0.0470994674
0.0001290081
0.0843364596
0.2856459320
0.0554137938
0.0983879492
0.0646940023
0.0170932151
0.0587885715
0.1002890244
0.1349187642
0.1599018127
0.1689059138
0.0315174721
0.1024674699
0.0333717987
0.0150084896
0.1657008678
0.0382129662
0.0699535683
0.0441839807
0.2037264109
0.0985954553
0.2342409939
0.1613318771
0.0450025946
0.2451781482
0.1544855088
0.0806881115
0.0386839248
0.1095184684
0.1820026636
0.2160266340
0.1399573982
0.0269799381
0.0547492467
0.0524768196
0.0547808334
0.0823679641
0.0488457866
0.1323679388
0.0531658158
0.2383542210
0.1716257781
0.1004161760
0.1045509353
0.0619696565
0.0889447480
0.0075603472
0.6981938481
0.0360510461
0.0978880003
0.1381382644
0.0031306448
0.1118862554
0.1024219245
0.0985260755
0.0551809184
0.0915799737
0.0995068699
0.1694654226
0.0525526479
0.2676410675
0.2549755573
0.2058483362
0.1103958115
0.0109219849
0.1932068169
0.1673223376
0.0364058726
0.2721023262
0.0607007928
0.0758338422
0.0645343959
0.2612414360
0.0593497604
0.0124668749
0.1462657303
0.0446375236
0.2381307781
0.0991481245
0.0571243651
0.0123346960
0.0601376183
0.0893695056
0.1511803865
0.0658501983
0.0006239796
0.1655991822
0.0280051753
0.0732278228
0.1496351212
0.1025651172
0.0831451789
0.1463108212
0.0028165076
0.0810803697
0.0591173433
0.0154617792
0.0061835861
0.0881436840
0.4426810443
0.1341966689
0.0504078344
0.0096741254
0.1027915925
0.0477465391
0.0867365450
0.0832275525
0.0373253599
0.0709134713
0.0888061225
0.0149564035
0.0690470636
0.0070434208
0.1031421348
0.1965864748
0.2277690172
0.0906249285
0.1879845113
0.2186184824
