0.5415842533
0.4523141682
0.4196136594
0.5231718421
0.4421437681
0.5296747088
0.3929712772
0.4936692119
0.5481773615
0.5250260234
0.5638022423
0.5249890089
0.2197089940
0.3442765474
0.4331834018
0.5513787866
0.3719554245
0.5447672009
0.1916408837
0.1940802485
0.5447755456
0.4987402856
0.5388857126
0.4628420174
0.2398043126
0.5208535790
0.5074005127
0.5237741470
0.3771054745
0.5020845532
0.2034927756
0.5434468985
0.3329116702
0.5677391291
0.3719893992
0.4836016595
0.5711322427
0.3960189521
0.5364441872
0.0913041010
0.5179523230
0.1291382760
0.0486720651
0.5183587074
0.5141316056
0.5495011806
0.3801076710
0.5001501441
0.5596010089
0.3045039475
0.5376039147
0.1627860069
0.5241717100
0.5212255120
0.5562829375
0.2462572455
0.2479669005
0.2253908515
0.1854227930
0.5529401302
0.2438308150
0.2362847626
0.5185037255
0.4427333772
0.4986848235
0.4544839859
0.4045211375
0.5413753986
0.3258656263
0.4884662032
0.4988668859
0.4954081774
0.5784961581
0.4615171850
0.4364397228
0.1742402315
0.1868093610
0.5068951845
0.2807196677
0.5546857715
0.5086001754
0.4373401105
0.5326581001
0.5045424104
0.4397772849
0.5226832628
0.3464158177
0.3332071006
0.2516259849
0.5250940323
0.2100856900
0.5181610584
0.5540851355
0.4841091037
0.5380740762
0.5206058025
0.3465061188
0.5306730866
0.4408167899
0.5192165971
0.3737048805
0.6124082804
0.3364189863
0.5074174404
0.5121580958
0.5510737896
0.5008236766
0.5106882453
0.0606435053
0.5437762737
0.4118890166
0.4905569255
0.4982682765
0.5084583759
0.5097016096
0.3116294146
0.5207798481
0.5022047758
0.4920156300
0.2592636049
0.4915107787
0.4805196226
0.2245619446
0.4912711978
0.2660816014
0.4759191275
0.2562429607
0.5383018851
0.3043854237
0.3943167031
0.4434669316
0.5307667255
0.4897530079
0.5628906488
0.5084551573
0.5022220016
0.3879837096
0.5359533429
0.5142807364
0.4148944914
0.5175997615
0.5340299606
0.4523394704
0.5443749428
0.5336595178
0.2355994880
0.3839940727
0.3030531108
0.5657750964
0.5221604705
0.5367600918
0.4829774797
0.5153886080
0.3669087887
0.5255222321
0.4065655768
0.5449724793
0.5705564618
0.5046567917
0.3482103050
0.6891581416
0.5636231899
0.2253181934
0.4968415797
0.4643163383
0.2242617905
0.5106549263
0.4949555397
0.5139530897
0.1189712137
0.1073760763
0.5283193588
0.3122678995
0.5198155046
0.4688422382
0.3836796284
0.4353534877
0.1917144209
0.5203593969
0.5103920102
0.3798142076
0.5479132533
0.4654735625
0.5580430031
0.4393347502
0.5412009954
0.5274724960
0.5329217911
0.4347666800
0.1587168127
0.5221581459
0.5344729424
0.5000610948
0.5377770662
0.5364454389
0.5132508278
0.5274394751
0.3433348536
0.3648070097
0.5354946256
0.5347279310
0.5531572104
0.5273182988
0.2906076610
0.5666911006
0.4704189003
0.5180320144
0.4883608222
0.4348759651
0.3807491362
0.3611005545
0.5464698076
0.5362359285
0.2754150331
0.5085449815
0.5211989284
0.5165354609
0.5250290036
0.5151201487
0.5912669301
0.3542028666
0.5346485972
0.5070928335
0.4883161485
0.5032427311
0.5420470238
0.5011257529
0.6038241982
0.4908174574
0.4741397798
0.5085573792
0.5519686341
0.3861934245
0.5254018307
0.5131108761
0.5192248225
0.5232308507
0.4730490446
0.1399755478
0.5155379176
0.4987651110
0.5298049450
0.4386475086
0.3895740807
0.1448371261
0.5176081657
0.5292049646
0.7107803226
0.3763431013
0.6974655986
0.4923088253
0.8591912985
0.5593290925
0.5202786922
0.5241295099
0.5236318707
0.5348666310
0.3908072710
0.2193963677
0.5268037915
0.5254257917
0.5485901237
0.5157216191
0.7773444653
0.5063174367
0.2272877991
0.5125939846
0.4452134371
0.5453431606
0.3783102632
0.4527221620
0.4438796043
0.4701090157
0.2304978818
0.4581036866
0.4711372256
0.5135976076
0.5133960247
0.5398185253
0.2470542789
0.7017244697
0.5257848501
0.4838965237
0.2207235396
0.5541964173
0.4390278459
0.5159302354
0.5039979219
0.3678624332
0.3034383953
0.2191926837
0.5427328348
0.7357284427
0.2828842700
0.2654628456
0.5095192194
0.4970176220
0.4670740664
0.4554981887
0.5837554932
0.5028785467
0.2848682404
0.4274924397
0.5268805623
0.5477151871
0.4166939557
0.5108590126
0.2109754533
0.4397965968
0.4450976551
0.5441153646
0.5514666438
0.3337694705
0.5169883370
0.5410417318
0.5010676384
0.5140871406
0.4048447013
0.5218748450
0.5136942267
0.4804544151
0.5004780889
0.4468947351
0.4591451585
0.4463393986
0.4978173673
0.1840221435
0.5933629274
0.5501428246
0.3524999022
0.1619788110
0.5328815579
0.4891049266
0.5308402181
0.5241749287
0.3954203427
0.5263825655
0.5045831203
0.1323912442
0.5180762410
0.4959104955
0.5091577172
0.2907440364
0.4024596512
0.5284198523
0.5485094190
0.5347051024
0.4939158559
0.5288071632
0.3896784484
0.6070377231
0.5435261726
0.4307200015
0.5114100575
0.5348879695
0.2100798935
0.5200214982
0.4916216731
0.5480481982
0.5243253112
0.5345711708
0.5132109523
0.5184903741
0.5172732472
0.2413375676
0.4708032608
0.5411049724
0.5332707167
0.5154938102
0.7830780149
0.5484370589
0.5017875433
0.3028941751
0.5481095910
0.5150816441
0.5071060658
0.3856833577
0.4464356899
0.5380601883
0.5972009301
0.5552042723
0.5338115692
0.5336683989
0.4773209989
0.5262979269
0.5509104729
0.5169076324
0.4578840137
0.5368971825
0.5371516943
0.4360385239
0.4478706419
0.5044183731
0.5405761600
0.7073616385
0.1141519323
0.4558073878
0.1264849901
0.5336711407
0.3405685127
0.1935204864
0.3235402703
0.5197093487
0.4852437377
0.5116211772
0.5256221294
0.4900618494
0.5035461187
0.3519012332
0.4872015715
0.5149273276
0.5195527673
0.2730334401
0.3130944669
0.3930386007
0.5195895433
0.5386989713
0.2657195032
0.5358029008
0.2052414119
0.5385528803
0.3518702388
0.4062685966
0.4391812980
0.2993420064
0.2912451327
0.5051442385
0.4843334854
0.5230959654
0.5504507422
0.5300464630
0.3674615324
0.1307290345
0.5404598117
0.0964889824
0.5465792418
0.4758579135
0.4922252595
0.5336993337
0.4958320856
0.2531099021
0.5193482041
0.3292865753
0.5014709234
0.5147054791
0.4826821089
0.4838472903
0.4957664311
0.5401223302
0.1584249884
0.4060764611
0.1735467017
0.5290403962
0.7279720306
0.5268626809
0.4230711460
0.2911962569
0.4973714054
0.5326507092
0.5462549329
0.5132902265
0.5329543948
0.3924558759
0.7030708194
0.4743871689
0.5469415188
0.4809875190
0.5202267766
0.4611103237
0.5257797241
0.5446873307
0.4197215438
0.4883713722
0.4161087275
0.5175941586
0.5063869953
0.3872893155
0.5478530526
0.3823728859
0.1823759377
0.5285000801
0.5145486593
0.3509762287
0.5982573628
0.4858406782
0.5242333412
0.2997975051
0.2693283558
0.4935258925
0.4615254104
0.3163160086
0.4636561573
0.5161831975
0.4078834057
0.5378993154
0.5088819265
0.4587264359
0.4992068410
0.6467661858
0.4374689758
0.4786632657
0.5354660153
0.5558196902
0.2080677748
0.5173544884
0.4930994511
0.5487007499
0.4840553999
0.3278880119
0.4674392045
0.5696681142
0.3721987903
0.4483913183
0.4069482386
0.5216783881
0.5186944604
0.5211475492
0.2415484786
0.5203914046
0.5540801883
0.5232213140
0.4033411741
0.5195010900
0.5367499590
0.4960263968
0.5112534165
0.3248884082
0.5366980433
0.5086057782
0.2629005909
0.1667332649
0.4993223548
0.5254545808
0.5255653262
0.4640405178
0.4955472648
0.4323605895
0.4967989028
0.3507114053
0.5466504693
0.3175616264
0.4268823266
0.4643636942
0.5210611820
0.5775703788
0.1176056489
0.4276453555
0.4874439240
0.5026264191
0.4732535481
0.3222666979
0.5534954071
0.1519060284
0.5137271285
0.3719204664
0.0935057476
0.4370022714
0.5257362127
0.3812797964
0.5392035842
0.5272060633
0.5366003513
0.5026826262
0.5521056056
0.5121740699
0.5935015082
0.1659976244
0.3921433687
0.4523110688
0.5125090480
0.5494955182
0.5114375353
0.5018904209
0.5187801123
0.2900808752
0.4917241037
0.5427845716
0.4714109004
0.5164033771
0.5212957859
0.5126274824
0.5535086393
0.5178189874
0.5235984325
0.3946843147
0.2127323598
0.0735736713
0.5446770787
0.4871664047
0.5465713739
0.2308199704
0.4828673005
0.4993085563
0.5384430885
0.5449398756
0.1620461643
0.5647798181
0.5865291357
0.3443354368
0.5263463259
0.5424129963
0.4597718120
0.5215996504
0.5266698599
0.5332990289
0.5486363769
0.5245865583
0.4888573885
0.5364800096
0.5163594484
0.5009241104
0.5209691525
0.1725231856
0.1585895866
0.6094384789
0.5561605692
0.5174319148
0.3214487433
0.4882149994
0.5766941905
0.5174125433
0.5125606060
0.0971057042
0.5202534199
0.5098479986
0.5526008606
0.3213839531
0.4284422398
0.5315992832
0.3637633622
0.4777824283
0.3855300844
0.5200232267
0.1398618072
0.3745585382
0.4815813303
0.5477873683
0.5224950314
0.5222508907
0.1609093398
0.5341180563
0.4850758016
0.7230142951
0.4844666421
0.5711206198
0.5395271182
0.5371212363
0.5062564015
0.5350097418
0.4883874357
0.4885556996
0.5388973951
0.4917946458
0.5785872340
0.1178781986
0.5710497499
0.4426594675
0.9090065956
0.4878070652
0.5216534734
0.4368678033
0.7600862980
0.5650135875
0.2725224793
0.4793923795
0.5434736609
0.4393874705
0.2129720896
0.4997614920
0.3921843469
0.2851681113
0.5203487277
0.5270031691
0.3264220059
0.5154932737
0.5163202882
0.5090349317
0.3479223251
0.4098085165
0.7744908929
0.4443278611
0.5416402221
0.5301414728
0.4485566020
0.5259495378
0.5374101996
0.5297283530
0.4918210804
0.5391522646
0.4115250707
0.5300350785
0.5318565369
0.4678588212
0.2630775869
0.0375252888
0.4572851062
0.5144535303
0.4619827271
0.4900841415
0.4669741392
0.4811284542
0.5251967907
0.4099528790
0.5274050832
0.5126858354
0.2311056107
0.5392579436
0.2636761069
0.3546287119
0.5075406432
0.3411678076
0.5045815110
0.5031762123
0.4045808017
0.5392199755
0.1231121644
0.2183685303
0.4208661318
0.5242804885
0.5170567632
0.5098305345
0.3612482548
0.4485057890
0.3952440619
0.5400873423
0.4428735077
0.5278061628
0.3545756340
0.4913252294
0.4781915545
0.5365945697
0.3260714412
0.5492410660
0.4871065617
0.5395473838
0.5024030209
0.5300440192
0.4879517853
0.5404160619
0.5043854117
0.5094779134
0.5291528702
0.5546863079
0.5358947515
0.3971296251
0.4447032213
0.4254104495
0.1481123865
0.3627295792
0.5035977960
0.5344776511
0.5060743690
0.4970177710
0.5181671381
0.5230202079
0.2542043030
0.4425227940
0.5459473729
0.5365386009
0.6528453231
0.5295107365
0.5280674696
0.4846399724
0.4330542982
0.5065701604
0.5217049122
0.5155652761
0.4334462285
