0.4207066000
0.4097986519
0.4682369828
0.3321058452
0.4039616585
0.4556557834
0.8993943334
0.4802323580
0.5543728471
0.4175948799
0.4668179154
0.4955010414
0.4734907746
0.4355461895
0.0610234737
0.4004877806
0.5165811777
0.4119382501
0.5057528019
0.4511330724
0.4344717860
0.4268245697
0.4129467309
0.3958314955
0.8701561689
0.3351340294
0.4504612684
0.2003965527
0.4988788962
0.5006358027
1.2868057489
0.6026610136
0.0642676428
0.4249895811
0.3654475808
0.3703143895
0.4388651848
1.0378388166
0.4788680077
0.0769248232
0.4846285582
0.3940474987
0.7616124749
0.4041111767
1.1267062426
0.5065857768
0.5888686776
0.8561541438
0.5091963410
0.4420449436
0.4951542616
0.4590329826
0.4495918155
0.4825395644
0.6032840014
0.4378692210
0.4147769511
0.5346659422
0.3564753532
0.5115447044
0.3409419656
0.4235096872
0.3827262819
0.3138181269
0.4185195267
1.1424630880
0.4942710996
0.4122972786
0.3992843926
0.4942622483
0.3231502473
0.0464084186
0.4879814088
0.4596580863
0.0494488329
0.8451219201
0.4137418866
0.2288433611
0.3999855816
0.4312596023
0.4219000340
0.3261935711
0.4167073667
0.4098311365
0.4412454665
0.1979457736
0.4198018610
0.4766571820
0.5819391608
0.4557664990
0.0633195266
0.8868193030
0.4073852897
0.4189399183
0.5359166265
0.4434058666
0.3611577153
1.0009033680
0.4186469018
0.4783107936
0.4779269993
0.0234764144
0.4798611104
0.4224404097
0.4640240073
0.3785125315
0.3768453002
0.6293439865
0.4902237058
0.4328363836
0.4137870371
0.4212075472
0.4143716395
0.4511168599
0.9992640018
0.2657961845
0.4568017423
0.3053956330
0.4364654422
0.4090003669
0.6744024754
0.0285770185
0.4457139075
0.1641905308
0.3729636967
0.6553075314
0.8559229970
0.0645523816
0.4526009560
0.4838176370
0.2254957110
0.4466499686
0.3937602341
0.3864146769
0.5118888021
0.4798657894
1.1091226339
0.3823085427
0.5246455073
0.3939628601
0.4362890422
0.0078374753
0.4313612282
0.1802144647
1.3429559469
0.3899267614
0.3498489857
1.0990998745
0.3698245585
0.7491002679
0.1763855517
1.4407014847
0.4235084653
0.4844860733
0.5420790911
0.1869533509
0.4760001302
0.4485743046
0.3921319842
0.0712342933
0.4211875498
0.4401740432
0.4867152572
0.3964911401
0.5630852580
0.4397366941
0.4770250022
0.4110212922
0.7457060218
0.5184761286
0.4583159089
0.4695069492
0.2801715434
0.2744812965
0.4226523936
0.0692047551
0.3647255301
0.3154707253
0.4342441261
0.4376156628
0.4537906051
0.0592855699
0.3456173837
0.3675397933
0.4111068845
0.3659235239
0.4669235945
0.4295140207
0.0532429516
0.4937573373
0.3071354330
0.3118221462
0.0250697210
0.5146885514
0.4376434386
0.4664585590
0.3175369501
0.4821952283
0.3280945420
0.4359626174
0.4265123010
0.4384179711
0.3299790621
0.4544746578
0.3427326679
0.4972809851
0.3265128434
0.4004004896
0.3120506704
0.4186487198
0.0313773081
0.5359048843
0.0842230171
0.4092752635
0.5826702714
0.4435221255
0.4261242747
0.4203630388
0.5495036244
0.4396037161
0.4708002210
0.4754292369
0.3117287755
0.4197366834
0.4129206836
0.6236521006
0.4339627326
0.4466180503
0.3575691581
0.4741713405
0.4570082426
0.3618140817
0.4702412188
0.3390486240
0.4876081347
0.4349895120
0.6414338350
0.4304558039
0.3220134377
0.2892196178
0.1877854019
0.4751292467
0.7336336374
0.5096950531
0.4286492169
0.3593002558
0.4117509723
0.4784907997
0.4504767656
0.4043724239
0.4127891064
0.4554920197
0.4539114833
0.0285503007
0.3225283623
0.4538711011
0.4464062154
0.3951269090
0.3145920038
0.4269001186
0.4340876043
0.4090048671
0.4413187802
0.3453523815
0.3741723895
0.4262303114
0.4337582290
0.3931128681
0.4653645754
0.4069647491
0.0289860629
0.5037888288
0.3273947537
0.4688688815
0.4487020969
0.0206430275
0.3660962284
0.3929677904
0.4095694423
0.4493160844
0.5075334907
0.4874620140
0.8914914727
0.4586616457
0.3439690471
0.3353643715
0.4151409864
0.3719561100
0.3576163948
0.3545293808
0.4337538183
0.3246815503
0.3191213310
1.5026055574
0.4163306952
0.4226783812
0.3556820750
0.3547620475
0.4729218781
0.4471730888
0.5155567527
0.4514082074
0.4942244887
0.4005872011
0.3542426229
0.8618120551
0.3469457328
0.5421346426
0.4232207835
0.4940267205
0.4939484596
0.3247448504
0.2926346064
0.3454439640
0.4600796998
0.3978437483
0.4138280153
0.3583603501
0.4165198207
0.6723686457
0.4247633219
0.4171213210
0.3490530252
0.3692030311
0.0559407547
0.0466650389
0.4443760216
0.4918451905
0.1297295690
0.3778472841
0.4559676349
0.3398698568
0.3901034296
0.4960936010
0.2498144656
0.4018731713
0.6099237800
0.4441057742
0.7861159444
0.6505908966
0.3212973773
0.3603619039
0.3608943522
0.4080972373
0.4254394770
0.3704036474
0.4207722545
0.1135287285
0.5763705373
0.4726722538
0.7208794355
0.6128050089
0.4175623357
0.4133220911
0.6083613038
0.3815849721
0.4049556553
0.0551235490
0.6246377826
0.6610937119
0.3323873878
0.4507704675
0.4046059251
0.4241226912
0.5678110123
0.4092923403
0.4585130215
0.4050151408
0.6508799195
0.3704155385
0.3093868196
0.4479367733
0.7239892483
0.1704510897
0.5377318859
0.4323293567
0.4169580340
0.1442368627
0.4968174100
0.5028876662
0.3981520236
0.3665953279
0.3225090206
0.4270273745
0.1388774067
0.4918251932
0.3987241089
0.4550690055
0.4545435309
0.4958735108
0.1318811923
0.0207903348
0.9975333810
0.3841727674
0.4059511125
0.8163883686
0.5469675064
0.4059066772
0.4363878965
0.3659200370
0.5103145242
0.3994899690
0.4445619285
0.4114623070
1.5211029053
0.4688512385
0.0251288656
0.4125794768
0.3462204933
0.5331000090
0.3992790878
0.1659072936
0.0342745706
0.4638696909
0.0299688466
0.4917905927
0.0412328802
0.2870369256
0.3860887289
0.4508381188
0.4426378906
0.4170024693
0.4429166019
0.4360968471
0.4679318070
0.3356828392
0.4137934148
0.3920044601
0.4014002979
0.4445404708
0.4636660814
0.3711614013
0.4388258159
0.4076626599
0.0568701774
0.4375578165
0.4386436939
0.4145882130
0.3796145618
0.1202030852
0.4095134139
0.2389144152
0.5160485506
0.1771426350
0.0140429996
0.4151095748
0.3553702235
0.4321734011
0.6443216205
0.4652658105
0.4521124363
0.3922476470
0.4118978679
1.4889063835
0.3992114663
0.3264684677
0.4394374788
0.4494469464
0.4176412821
0.4491094351
0.4017813206
0.4186822772
0.4591360688
0.4487764239
0.2539971769
0.4182773530
0.3419827521
0.3991912901
1.5507758856
0.4084562063
0.4394027889
0.4545642138
0.4253347814
0.5351281166
0.3078319430
0.4015938640
0.4478099048
0.4725242555
0.4919951260
0.4915323853
0.3591164947
0.4917121530
0.4816550910
0.4597663283
0.4120367169
0.6851654053
0.3698200583
0.4018207192
0.4511880875
0.1299721152
0.4549182355
0.4255103171
0.4242019057
0.4138434827
0.5298091769
0.3981854916
0.3901563883
0.4808934331
0.4409424067
0.4400340319
0.4625439048
0.4273263812
0.5453884006
0.4054015577
0.5200955868
0.8696107268
0.8130289912
0.4995078146
0.2939291894
0.4517860711
0.4339787662
0.4626332521
0.3856020868
0.4125267267
0.5531583428
0.7862597704
0.3105583489
0.3683605790
0.0727203041
0.7121521235
0.7835603356
0.4651623368
0.5023760796
0.4682366550
0.5736140013
0.2434063107
0.4741886854
0.4264444709
0.4380367994
1.0362110138
0.3661948442
0.4448665977
0.4621963203
0.4071255028
1.0951508284
0.4140152633
0.4387277663
0.4284812808
0.4763829112
0.4549356401
0.7178380489
0.4851199985
0.4994702339
0.5173505545
0.4228359163
0.4353100657
0.4760783911
0.3714033067
0.0196445417
0.1415744424
0.5930503607
0.2706868649
0.3649362028
0.7945041656
0.4504790306
0.4324707985
0.7870256305
0.4862184823
0.4446178079
0.4717331827
0.4572273195
0.6407114267
0.4815796018
0.4113613665
0.3951309025
0.4403106570
0.2987883389
0.0038822466
0.2746402025
0.4087030590
0.4665586352
1.7921726704
0.4236018062
0.4014761150
0.6925854087
0.4043965638
0.3651413918
0.2823309302
0.4140272737
0.7710242867
0.4364660084
0.1207721680
0.2459473014
0.5702541471
0.4619809687
0.7599099874
0.3886532485
0.6769469976
0.3615488112
0.0586023778
0.4298602641
0.3757638931
0.4496132135
0.5088051558
0.4290098250
0.4802811444
0.4671575725
0.4778338075
0.4254616499
0.5207402110
0.3588843644
0.3343686759
0.3864695430
0.0830119476
0.4126329124
0.5018737316
0.4578693807
0.4973997176
0.4182503521
0.4008674920
0.3189818561
0.4496228993
0.4595966041
0.4149839580
0.3804169297
0.4032740295
0.4102984071
0.4320614636
0.3142264485
0.4127484858
0.5663902164
0.7363566756
0.3422070146
0.8313494325
0.1708431095
0.3916307092
0.0312648378
0.4203448594
0.4973312318
0.4029287100
0.4562286437
0.4290845394
0.2428337932
0.4123560190
0.4002282917
0.3662208617
0.2396410853
0.4045463800
0.4581387639
0.4483054876
0.7399525642
0.4627760351
0.4659845531
0.4307325184
0.2505086958
0.4207179248
0.4387745261
0.5950125456
0.4896425307
0.3969928920
0.4646410048
0.2430506200
0.4194889963
0.4006268084
0.4871670306
0.4971373379
0.4274783432
0.4148429334
0.4280293882
0.5199708939
0.4517881870
0.6945859194
0.5449574590
0.4011624455
0.3854294717
0.3909211755
0.4597820044
0.4506664872
0.4318354428
0.4711779058
0.3237579167
0.3184057474
0.4195640087
0.1109481752
0.5630769134
0.3535692394
0.4118076265
0.4045535624
0.6973187327
0.3596757948
0.3962803781
0.4271395504
0.4130751193
0.3992086351
0.4403208196
0.4473428130
0.4470152855
0.3181412220
0.3797824085
0.0281228162
0.3843553364
0.4474532902
0.0402297638
0.4100269973
0.3640728593
0.4402147830
0.4798739254
0.4553229213
0.3850470781
0.4168354571
0.4039393365
0.3896874189
0.4340972602
0.4608448148
0.3878819048
0.4053553641
0.3827997148
0.4296521544
0.4674839675
0.4299021065
0.3952406645
0.4804622829
0.4622450769
0.5648627281
0.4439169765
0.5796729922
0.4213649631
0.4258495867
0.4726653695
0.3087510169
0.5708209872
0.3504841328
0.5209233761
0.7727755308
0.2523157299
0.4206870794
0.0529726781
0.3859414160
0.3402218223
0.4427783787
0.4086891711
0.5460510254
0.4203313291
0.4620205462
0.2852164805
0.4379122853
0.4205196202
0.4690628946
0.3048421443
0.4222774804
0.3359847963
0.0111694904
0.4273231328
0.4010646343
0.4612327218
0.3928387761
0.2775124311
0.4778192341
0.2584544718
0.5187538862
0.6576710343
0.4512918293
0.5315914154
0.5762172937
0.1166216806
0.0437621921
0.2859348655
0.5938038826
0.4147618413
0.3573417962
1.1190577745
0.2636884749
0.4108322263
0.4171316922
0.3161614537
0.4810826480
0.5439426303
0.2414096296
