0.0044107772
0.1892158091
0.1922546029
0.0220059454
0.1975902021
0.1826571971
0.1871532798
0.0632758886
0.1733437926
0.1914559305
0.1742188036
0.1879076958
0.2030328959
0.2030058205
0.1907981187
0.1793982089
0.3125169277
0.1812714785
0.2032032609
0.1915095747
0.1898920983
0.1874634176
0.8490001559
0.0350749046
0.2099122703
0.1877803504
0.1775192171
0.2031295300
0.1902942955
0.1911481768
0.1923545748
0.1775224060
0.6323838234
0.0562587231
0.1939138025
0.1986718476
0.1931387633
0.1811893135
0.7313757539
0.2016883343
0.1884094924
0.2498786151
0.9179565907
0.1845779419
0.1890628636
0.2116802633
0.1905796081
0.0732098818
0.1787878275
0.1956163198
0.1898510605
0.3909907639
0.2221870273
0.1903410256
0.2022423744
0.1991764456
0.2126174122
0.1954982132
0.3667612374
0.1906191856
0.2036950141
0.1408101916
0.1937435865
0.1846820861
0.6035415530
0.6142236590
0.1877091378
0.2247110903
0.2021562755
0.1709064394
0.1939027905
0.1948492527
0.2153118253
0.2032750249
0.2258509994
0.0196562633
0.1964596361
0.2141994834
0.2753897011
0.1821315885
0.1791601330
0.0253760144
0.1609349996
0.1869212538
0.0047166916
0.1824726313
0.3496638536
0.5782957673
0.1768767089
0.1882301420
0.1775783002
0.3132691681
0.1986370236
0.1565157622
0.1857294142
0.2512442470
0.2428822070
0.1882980466
0.4686937034
0.3710383177
0.2099295110
0.1856095344
0.1888558269
0.1953751147
0.1879567653
0.2143180370
0.1933816522
0.2071633041
0.2040386647
0.2363465577
0.2732415199
0.1902812123
0.1746833622
0.1863680929
0.1969646513
0.2132889032
0.2056788504
0.1871474236
0.1890244335
0.1739780009
0.3357738554
0.2452781349
0.1929351091
0.1967624426
0.1938586384
0.2446451485
0.1736914217
0.1873465776
0.1848629266
0.2273926288
0.2007575780
0.2037921697
0.2050462365
0.1822339743
0.1733596325
0.3339009881
0.0347996131
0.3859462738
0.1821186990
0.1820025295
0.2007326931
0.5082457066
0.2614113390
0.1824936569
0.1879231036
0.2074978799
0.1870753616
0.2335637808
0.2047512829
0.1819235981
0.2035859674
0.2144502550
0.8733997941
0.1835935861
0.1851501018
0.1835492700
0.3059030175
0.2223019749
0.1819510013
0.4279331565
0.0416689292
0.2078638375
0.1752430052
0.1873853803
0.1774783283
0.1626125723
0.2106690407
0.0068908441
0.1915723085
0.1806653589
0.1910385042
0.2865323424
0.3924135566
0.1873985082
0.3983886540
0.1671935022
0.2000740767
0.1794458032
0.9696640968
0.1692479700
0.2975126207
0.1448342949
0.5279062390
0.1931303889
0.0603150167
0.1896466315
0.1966160834
0.1853215694
0.1903921664
0.1934492141
0.1847948879
0.1342784762
0.1970353872
0.3233286440
1.3466309309
0.1774942279
0.3944242001
0.1795243174
0.1872664541
0.5459588766
0.4419288337
0.1595114768
0.2247666866
0.3349819183
0.1772373170
0.2110251635
0.1980045736
0.1862923801
0.2024843544
0.0419520326
0.1848102212
0.1691749841
0.4792935848
0.1856064498
0.3667015433
0.2172325701
0.1809855998
0.2140928507
0.3172677755
0.1895678341
0.1787146628
0.1834996194
0.1852371842
0.0278121270
0.1889622957
0.1867736131
0.1830455363
0.1988957226
0.1782355160
0.5167320967
0.1907899827
0.5331919193
0.2425874621
0.2265410274
0.1936986148
0.2060672641
0.0481244177
0.1392543912
0.1970038265
0.1921970844
1.1012921333
0.4864170253
0.1883828938
0.1859145463
0.1783763319
0.2057518810
0.1661072373
0.1753707826
0.2707838118
0.2060709298
0.3394967020
0.2214719802
0.1902258098
0.2021913230
0.1852836758
0.1834024042
0.1782788485
0.2193703353
0.2216663957
0.2368850112
0.1803490669
0.5915641189
0.3245808780
0.8644585013
0.1636824906
0.1785894334
0.1834007502
0.1635432690
0.1899700463
0.2681721151
0.1895904839
0.1017124951
0.3161633909
0.1796986759
0.1998901814
0.1929353476
0.0364285335
0.1896307915
0.1912498176
0.3581219912
0.5346741676
0.8882077932
0.2764361203
0.2154218405
0.2278957218
0.4395383894
0.3551260233
0.1433822066
0.2188241929
0.2119235098
0.2040178627
0.1962821484
0.3121615946
0.2143254280
0.1942059994
0.1942321062
0.4090300500
0.1676491201
0.1865013391
0.1829165667
0.4158407152
0.4155701399
0.1713632196
0.1909584403
0.1835696548
0.1897935867
0.2000754774
0.2016614228
0.1834309399
0.1843976229
0.1787200421
0.1913576424
0.1982515305
0.1847699136
0.1772692800
0.1832072884
0.1694489121
0.0105793029
0.1786591411
0.1912436634
0.4535438418
0.1169871837
0.1828282475
0.3435579836
0.1922769696
0.1480885893
0.2044351101
0.1726786047
0.1991590858
0.2088883817
0.4065048695
0.1916756779
0.4804559350
0.3696364462
0.1884957999
0.3135435581
0.2043377012
0.0046429876
0.1858858913
0.4871202707
0.1902723461
0.1864117682
0.6508114934
0.1151964739
0.1888659894
0.1896586418
0.2552405000
0.1950339973
0.1944058985
0.3046832681
0.1628818363
0.1903398782
0.0169452820
0.5277044177
1.1588627100
0.1962707788
0.1985264719
0.1922429949
0.2095902562
0.2029152215
0.1533713043
0.2127371281
0.2222251892
0.2062947452
0.0183547512
0.1910306662
0.1831039488
0.0246731061
0.2964084744
0.1973083019
0.1774454862
0.2514579594
0.2182592005
0.1901078373
0.1995081753
0.1965543926
0.1714539379
0.1778846234
0.1893499941
0.3470915258
0.3035953939
0.1892845035
0.1989840269
0.1841911376
0.2040187865
0.0323219597
0.3571649790
0.2054592818
0.1836544722
0.1956182420
0.1971339583
0.1905515343
0.1965885013
0.5429822803
0.3796257079
0.1993945241
0.6328848600
0.0506783351
0.3387807906
0.1938005239
1.4939281940
0.4757496715
0.1932706982
0.3378252983
0.1836110651
0.2001964152
0.0363362841
0.1899641603
0.2220257521
0.1883700639
0.5170452595
0.1864686310
0.2898356318
0.1996006370
0.1713449657
0.1965217441
0.2078892589
0.1850175560
0.1938902587
0.1225913838
0.1998707503
0.2028144598
0.9443001747
0.2091247737
0.2018305957
0.1389018446
0.1980817318
0.5677868724
0.4693645835
0.1791707724
0.1657436043
0.2118230313
0.2156134099
0.1882619411
0.2059067190
0.6606664658
0.1586065888
0.1981546283
0.2043671459
0.1039084047
0.1751713604
0.1977990717
0.3043327630
0.1881526262
0.1882586777
0.1641904563
0.1947647631
0.1829206645
0.5458934903
0.1901610196
0.1840402782
0.2398490757
0.2344767898
0.0840677917
0.2035551667
0.2510870397
0.0069657192
0.1936561912
0.2944154739
0.1793737710
0.1769789606
0.1967765689
0.3052595556
0.1944218278
0.1891254485
0.2188687027
0.2033540159
0.1923956573
0.3214162588
0.2543604076
0.0525978804
0.1806834340
0.1887663752
0.1892304718
0.1982329786
0.1873771399
0.0189591255
0.9167442918
0.1868262589
2.1042959690
0.1911891103
0.1661139727
0.2008240670
0.3172391057
0.6994489431
0.1966244280
0.1867765933
0.1931916177
0.1790359914
0.1692004651
0.1853484809
0.1749829948
0.2028556913
0.1843150407
0.5776934028
0.2468058765
0.1990035921
0.0023164575
0.1940000653
0.7372123003
0.1845823973
0.1977295876
0.3842568696
0.3896156251
0.1885228604
0.1938776523
0.2074951380
0.3264556229
0.1839799881
0.2491915822
0.4333779216
0.1780255288
0.0389897749
0.1685136259
0.0164317973
0.3102184832
0.2954248190
0.1911717355
0.2036657482
0.1905868053
0.1983866096
0.1867479533
0.4481146932
0.2386292666
0.2238046080
0.2108202428
1.1831640005
0.2065838277
0.1879192442
0.2090248913
0.1973138601
0.1995096505
0.1935533136
0.2269197404
0.1898091584
0.2013868392
0.2043436915
0.0351188779
0.1813287139
0.1987027973
0.3603486717
0.1993314922
0.1937575191
0.1935862154
0.1491073668
0.3767121732
0.1901778430
0.1970384419
0.1747502089
0.1552699357
0.1772819608
0.1771883667
0.2019496709
0.6029270887
0.1669458151
0.1814259887
0.1982814819
0.0866490677
0.2144870162
0.1868151277
0.1740858406
0.1946547925
0.1781604737
0.1924681365
0.5827446580
0.7451127172
0.1666573435
0.0576338135
0.2032065839
0.1507968307
0.1958031803
0.0393279456
0.3061665297
0.1835156232
0.2131853253
0.4251416922
0.1845615357
0.3556212485
0.4622094035
0.4919755161
0.1467555910
0.0066425763
0.1803969294
0.2212843597
0.2031959295
0.0106094396
0.7298559546
0.1835184097
0.1713012308
0.1899354607
0.1981446594
0.2440733016
0.1031034812
0.2033956051
0.1778227091
0.2311600894
0.2286708504
0.1936502904
0.1862283349
0.1781860441
0.1243038028
0.2026423067
0.1816475391
0.0470903516
0.2049248517
0.1855674833
0.2020472735
0.1693830043
0.1180748269
0.2002620995
0.1851422191
0.1836388111
0.2763477862
0.1789599508
0.1944713742
0.1780165136
0.6214613914
0.1861436218
0.0722801760
0.2044465542
0.2001826316
0.1946385354
0.2142263651
0.1759196371
0.1874532551
0.2034328431
0.1937958300
0.2080312669
0.2019499391
0.2003958970
0.1869598776
0.2700631320
0.1465830505
0.1840467900
0.0727814734
0.1814945638
0.0151285753
0.3681580424
0.1583726555
0.1440828443
0.1761899143
0.1980546415
0.1923268139
0.2176806033
0.4428594410
0.2021890581
0.2081174701
0.2201556265
0.1563916653
1.0100524426
0.1835665703
0.1855802238
0.1963824183
0.1953604072
0.1975372136
0.2020444572
0.5183648467
0.2669291794
0.1761828214
0.4560517669
0.2154716849
0.1777058244
0.1687347442
0.0354669392
0.6156098843
0.7009394765
0.2922260463
0.2152667642
0.3602430820
0.1830395460
0.1848006397
0.1460369229
0.1544634998
0.4884575605
0.1803999841
0.0037196190
0.1871709973
0.1910500526
0.1996938437
0.1941708773
0.1831328720
0.2144699544
0.0203672107
0.1818488836
0.2064288110
0.1494884342
0.3499028385
0.1860691905
0.1742233932
0.1838743091
0.2058747560
0.4379808605
0.1801569760
0.2827636898
0.4607908130
0.1882648170
0.1980574727
0.1910935640
0.1677269042
0.4518405795
0.1599959433
0.1908319741
0.1729336083
0.1895422339
0.1825527102
0.2077614665
0.1794556826
0.2084803879
0.2020464987
0.6715423465
0.3508295119
0.1835975200
0.1853613704
0.2217428982
0.2380992025
0.0269093532
0.1683747023
0.4074042141
0.1942104846
0.1918276846
0.2171711922
0.1991734505
0.3375339806
0.2288744897
0.0305922404
0.1230134293
0.0173348971
0.0060912031
0.0142531693
0.2013504505
0.1974989176
0.2251172066
0.1853621006
0.3355461061
0.1981298327
0.3178662658
0.4789564908
0.2023882419
0.2165493071
0.1901245117
0.7959573269
0.1999598145
0.1925986111
0.1817827076
0.2605858445
0.3647322357
0.2020657957
0.0785341859
0.1757714748
0.0733671486
0.1972775608
0.1852256209
0.1820070744
0.1890806258
0.1734384894
0.1634481102
0.1843744516
0.2256270945
0.1907026023
0.1962733865
0.1895093024
0.1896802038
0.1989835948
0.1740150750
0.2697871923
0.2295779884
0.1707770526
0.1658405215
