0.0474349111
0.1914899200
0.1831028312
0.0151924118
0.1937896013
0.0837799236
0.1783305705
0.3422295451
0.1855114251
0.1891232133
0.1684824228
0.1763481200
0.2154577971
0.1779053062
0.1899568588
0.1805515289
0.4838750660
0.1895294189
0.1919964105
0.1861539483
0.1871514022
0.1745483428
0.4394953251
0.1666695923
0.2024769634
0.1751378924
0.1116413474
0.0442023054
0.1784669757
0.1874069273
0.1815772653
0.1821573675
0.3853483498
0.0970252305
0.1660451889
0.1830160171
0.1871000528
0.1878183335
0.4133616090
0.1907112598
0.1917335093
0.0540696979
0.2624208331
0.1324175000
0.1720062494
0.1964362562
0.1797721088
0.0476656668
0.1817461103
0.1675324291
0.1785940975
0.0110254455
0.0537172332
0.1858804077
0.1883295178
0.2173097879
0.0334550440
0.1853720546
0.5049105883
0.1821149439
0.2048100978
0.1317325681
0.1950792372
0.1774968952
0.3009857237
0.6193844080
0.3249858916
0.0568656437
0.1914744228
0.1573575139
0.2013620287
0.1792052537
0.2158278525
0.1966693699
0.2067504525
0.0053959354
0.0430013947
0.2064337134
0.1879605055
0.1896742284
0.1835344434
0.2931750417
0.2000717372
0.1783959568
0.0121050077
0.1926256865
0.4598549902
0.2888853848
0.1756678522
0.1885812879
0.1948811263
0.1145020053
0.1933168620
0.1366211623
0.1854804456
0.2152665406
0.1288784891
0.1854648739
0.0480266660
0.3531790674
0.1894056648
0.1862132400
0.1996444017
0.1900597066
0.1872541904
0.1767703146
0.0470624305
0.2058910131
0.0393489972
0.0003933693
0.0089831306
0.1538329720
0.1803981364
0.1749856621
0.0464672558
0.0010713196
0.1591409147
0.1924185306
0.1746654809
0.1852584332
0.9148455858
0.4672293067
0.1868202090
0.1852187961
0.2035015672
0.0431748740
0.1533902586
0.1869212687
0.1843955368
0.2077007145
0.1834488809
0.1832033843
0.1519961953
0.1744132191
0.1746940762
0.0849465653
0.1042651907
0.3802740574
0.1818931103
0.1841209233
0.1678268760
0.3292012811
0.5744142532
0.1791464984
0.1694385856
0.1885320246
0.2112963051
0.1945518404
0.1847087741
0.1904335320
0.2011844367
0.2385492474
0.6704571247
0.1809846312
0.1876519322
0.1818876863
0.1911499649
0.1930203438
0.1694297642
0.2184081674
0.0069597620
0.2000648081
0.0268257558
0.1932436079
0.1595512331
0.1526625305
0.1987646371
0.0097927861
0.1856181473
0.1614674330
0.1899038553
0.1620318145
0.4090539217
0.1870052665
0.2992100120
0.1449975222
0.1847430915
0.1806791723
0.0014669901
0.1904869676
0.6671518683
0.1408610791
0.0172640160
0.1766110659
0.0493664555
0.1885109544
0.1992812157
0.1655731350
0.1973677278
0.2085946500
0.1826446801
0.1563336849
0.1939786524
0.6485362053
0.4799039066
0.1883080155
0.2453681976
0.1363853514
0.1822113693
0.1196935251
0.1514487565
0.1643660367
0.1922662705
0.1912372112
0.1842738688
0.1958945543
0.1871783137
0.1396555454
0.2079487741
0.0165900346
0.1818405688
0.1541808546
0.2420229018
0.1834850907
0.2603963614
0.0692589208
0.1848197430
0.1916158050
0.0057715424
0.1866815537
0.1621514857
0.1822463721
0.1581317633
0.2221866846
0.1875743419
0.1940511465
0.1866753846
0.1821728200
0.1781919301
0.3377513289
0.1758280843
0.1814395189
0.2061062455
0.1507357359
0.1919926852
0.1640836000
0.0175448954
0.1624899805
0.1961609274
0.1663487703
0.0961863995
0.0367758907
0.1910366863
0.1856998354
0.1806784868
0.1341021061
0.3563781381
0.1659596115
0.1900507808
0.2005467415
0.1889975965
0.1960069686
0.1887637526
0.1737586260
0.1821227223
0.1764315963
0.1412297785
0.2040799111
0.2052682042
0.2406149209
0.1714314818
0.3002664149
0.2532812357
0.2206099778
0.1451836228
0.1892793179
0.1810252219
0.1760392785
0.1983263046
0.3978284895
0.1795152426
0.2125980407
0.2864960730
0.1730243117
0.1896778047
0.1913473010
0.0148505345
0.1915334612
0.1888851672
0.4356433153
0.2541536093
0.1663708687
0.2981294990
0.1884212047
0.2010209560
0.3295994401
0.2097986192
0.4680516422
0.1967416406
0.1975172162
0.1986672580
0.1968284994
0.2992788553
0.3624864221
0.1967883408
0.1860660911
0.2763858140
0.5283900499
0.1827425957
0.0644897968
0.3585464060
0.3987543881
0.1694101095
0.1864354014
0.1851686388
0.1952791512
0.1948083341
0.1598977000
0.1750472039
0.1902018338
0.1810166091
0.1869724691
0.1949802935
0.1757503599
0.1400909573
0.1869165748
0.1483461112
0.1992320567
0.1767147034
0.1788923889
0.2428869903
0.0189604554
0.1828651130
0.1399011910
0.1794983596
0.1507641524
0.1983684152
0.1765166074
0.1911317557
0.1937861741
0.4052071869
0.1917992681
0.1644505262
0.4099087417
0.3474952281
0.7129855752
0.1811052412
0.1918125153
0.0911659300
0.6632471681
0.1953905821
0.1899643838
0.2824701369
0.0645271167
0.1868744940
0.1924508214
0.7772318125
0.1863744408
0.1894122362
0.3817005455
0.1746575534
0.1837949604
0.0098918527
0.0120543335
0.4828183055
0.1902814358
0.1746516377
0.1752422005
0.2056844234
0.1631008387
0.1016391590
0.0630881339
0.1245676205
0.1849441677
0.0108231632
0.1828507632
0.1877017021
0.0231048800
0.1685364544
0.1958339512
0.1910291612
0.0521923862
0.2071284056
0.1793129444
0.1952376217
0.1910076439
0.1465555429
0.1836863011
0.1855176240
0.5300139785
0.0111019360
0.1882770061
0.1912640929
0.1899503917
0.1990427673
0.0077790958
0.5936678052
0.1969793886
0.1767659634
0.1850254238
0.1816970706
0.1819278598
0.1807664186
0.1806566715
0.2723234296
0.2015811056
0.2606696486
0.0664250553
0.0832019970
0.1621916443
0.0038121927
0.5317170620
0.1852335036
0.5253630280
0.1864552051
0.1851878613
0.1678542644
0.1928435266
0.1989414692
0.1766296327
1.0721873045
0.1832896620
0.2583429515
0.0583967902
0.1890821308
0.1670989841
0.2329247147
0.1971226931
0.1891527474
0.2994026542
0.0304282643
0.1982156336
0.2958070040
0.2060249001
0.1966240704
0.2654439509
0.1867181510
0.3155059218
0.0309136920
0.1811335236
0.1612223983
0.0581388958
0.2395164967
0.1883819252
0.1965685189
0.0090715503
0.1473872364
0.1795628965
0.1907835752
0.0304805655
0.1361007392
0.1779367924
0.1973401308
0.1833208501
0.1919178218
0.0445069782
0.0443094335
0.1875273585
0.2297867537
0.1755595505
0.1858800501
0.2885288298
0.2451874167
0.0668896139
0.1881157309
0.2654008865
0.2113907188
0.2012261003
0.0100648347
0.1842429787
0.1538446397
0.1885276586
0.3087223172
0.1829591542
0.1921013892
0.1940121949
0.1674788743
0.1740008295
0.4726759791
0.2938779294
0.4513154030
0.2146459818
0.1859595776
0.1803645045
0.1603306681
0.1752541810
0.0717584491
0.2556538880
0.1493299156
0.7389232516
0.1929015368
0.1364935040
0.1967758238
0.0377676673
0.5473970175
0.1908495277
0.1778106093
0.1852557361
0.1742866486
0.1917333454
0.1793378145
0.1612374634
0.2060240060
0.1989158690
0.2301967442
0.0021927571
0.1955481619
0.1532217562
0.1945661604
0.3836304247
0.1887045950
0.1893357038
0.3623505831
0.2671581805
0.1950836182
0.2017477900
0.1637405306
0.3231973350
0.1932213455
0.1765771359
0.4638879299
0.1708449721
0.0105510280
0.1365743726
0.7720160484
0.1305005997
0.2158917934
0.1744309217
0.0206329450
0.1771059036
0.1863417774
0.1866468042
0.5231620669
0.1003419682
0.0198370032
0.0445495434
0.2245371491
0.1866782159
0.1690755785
0.1809048653
0.1901735514
0.1933429241
0.2046875507
0.1952374429
0.1854141355
0.1966423392
0.1830303520
0.0235400647
0.1733746231
0.1937359422
0.2646899521
0.1980303526
0.1947312206
0.2102291733
0.1418162733
0.1264333576
0.1920594871
0.1835894883
0.1909077018
0.1456779838
0.1777482480
0.2769333422
0.1929442585
0.3333773911
0.1509261876
0.1988286823
0.1812606901
0.3610530496
0.2125338614
0.1780599207
0.1578553468
0.1639983803
0.1818429381
0.1918940395
0.3413877785
0.3116673529
0.0122249639
0.1799009591
0.2075675875
0.0785033405
0.1825904697
0.2607601285
0.1192617044
0.1850775331
0.1648669094
0.3234674931
0.1913688779
0.1355553865
0.2586431801
0.0914563239
0.3505878747
0.0857286006
0.1973187774
0.1984980851
0.0469509959
0.0153582869
0.1855746359
0.1839682311
0.1752706915
0.1870706081
0.1994869858
0.2669456005
0.3540956080
0.2026136369
0.1830699146
0.0116645107
0.1544194371
0.1661160588
0.1967118680
0.1734896302
0.0569660962
0.1876396239
0.1968638897
0.0094204014
0.1921160966
0.1948917657
0.2046106458
0.1719790548
0.1958659142
0.1792747825
0.1817348301
0.1721232831
0.2595694661
0.1848632246
0.1775747240
0.1770832688
0.0066933823
0.1900577545
0.0224650037
0.1911038756
0.1880265623
0.1963101625
0.2228986472
0.1786456704
0.1859574914
0.1905368268
0.1821338236
0.2042569965
0.1915806681
0.1918497533
0.1884320527
0.2211496234
0.1067634672
0.1881755441
0.3544858694
0.1483223885
0.0441159382
0.4780859351
0.1358127892
0.0429223590
0.1689620316
0.3469461203
0.1870227456
0.0748406127
0.1956236213
0.2058169991
0.2017831504
0.0099729886
0.1262959838
0.0050673508
0.1777125895
0.1818016171
0.1873562485
0.1910486817
0.1876348257
0.1735029966
0.5598714352
0.3432967067
0.1926433593
0.3403228819
0.1977256835
0.0165305622
0.1637422144
0.1481913924
0.1783608198
0.0961393490
0.2085479200
0.2051452100
0.2686326802
0.1945697069
0.1818007082
0.3117865324
0.1532821804
0.5712141991
0.1831118166
0.1879432499
0.1869807690
0.1829439998
0.1601898223
0.1942590028
0.1780468673
0.0650159791
0.0226990208
0.1884554327
0.2021954060
0.0217566676
0.7932974696
0.1906258166
0.1347278953
0.1486391872
0.2003835738
0.2806662023
0.1619737893
0.2121311426
0.3366494179
0.1767108142
0.2063244879
0.1823366731
0.2547249794
0.2164499164
0.1752197146
0.1910408884
0.2095555514
0.1861990541
0.1752432436
0.1977587640
0.1573453248
0.1845272779
0.1847258359
0.0062436191
0.3130798936
0.1789448708
0.1817182302
0.2128079534
0.0820969045
0.0070725875
0.1826116890
0.2858234346
0.1881103218
0.1844156086
0.1836413443
0.1905523837
0.2461947054
0.1857571304
0.0145603595
0.0250139125
0.0360282995
0.0060394062
0.0076675271
0.1521766037
0.0340651199
0.2038347721
0.1751488745
0.3525354862
0.1855871379
0.3617960811
0.0052578449
0.1797942519
0.0815732554
0.1898439229
0.2652169764
0.1647177935
0.1874369979
0.1877784282
0.2544799149
0.2306885272
0.1858879328
0.0072520766
0.1702152938
0.0188505966
0.1884041429
0.1891099662
0.1854356080
0.1842029989
0.0543205366
0.0955081433
0.1904731840
0.0853048265
0.1906135827
0.1935627908
0.1875531375
0.1810610145
0.1942797303
0.1749287248
0.3099336028
0.2206470817
0.3740719259
0.1708904505
