0.1273766458
0.4456502497
0.0893868878
0.0539845116
0.1281898022
0.0794271305
0.0929321274
0.4822110236
0.3229786456
5.7179417610
0.6370842457
0.0755644590
0.0737578347
0.6822035909
0.1126131564
0.1107046828
0.1265607178
0.4247126877
0.0693354756
2.1686394215
1.0657745600
0.4946650267
0.0747159496
1.3951613903
0.1106037498
0.5383706093
0.2727400959
0.0592655130
0.0889125466
0.2703568041
0.6213128567
0.0732660219
0.1884041280
0.9808990359
0.1056217924
0.0836140662
0.4284686744
0.0790046155
2.3543243408
0.3505663872
0.1019784883
0.1034540534
0.3099817336
0.4297237992
0.0810749382
0.0781476274
1.0554203987
1.6186575890
1.0176457167
0.1191488877
0.0690201968
0.1147007644
0.1388660967
0.0709154680
0.3564099073
0.1177897677
0.2345011532
0.6274084449
0.1182473600
0.4175148010
0.1291382611
0.0679717138
0.1055033877
1.1983246803
0.0845575035
0.2166582793
0.0790687054
0.0622107536
0.1029414609
0.2216634005
0.0963750035
0.7431768179
0.1289357245
0.8127664924
0.1213113368
0.0863554329
1.1249889135
0.1178806350
0.1379240304
0.9065311551
0.2518154681
0.0656988174
0.5514016151
0.4011915028
0.1325123012
0.0953859761
0.5300236940
0.1094548181
0.9376265407
0.0639115945
0.1200812608
0.1368531287
0.1153537333
1.5151100159
0.3392201960
0.1305590570
0.1272700131
1.7177200317
0.8040452600
1.2154275179
0.0917949304
6.3572664261
1.0731527805
0.5552263260
0.1030760184
0.0756599382
0.7118151784
0.1217711195
0.9822098017
0.4120883048
0.8966373205
0.0892480239
0.1014894396
0.0912415683
6.2699675560
0.8687878251
0.0878269672
0.1021510437
0.4850555360
0.9355105758
0.1138174608
0.2747873664
1.3386236429
0.2275211066
2.0783007145
1.0639138222
0.0091623981
1.1658296585
0.7001159787
0.2229384780
0.1127164513
1.3028161526
0.0766469315
0.2643894553
0.2074237317
1.0079891682
0.1063808277
0.0813825950
0.0962425768
1.3815536499
0.0940518677
1.1052829027
0.1503020227
0.1246815324
0.0714529380
0.1212825701
0.7433713078
0.1249330491
0.8388778567
0.5405969024
0.0836461037
0.1480155289
0.1171470657
0.0941649750
0.0929460153
3.4561574459
1.5104942322
0.0877287835
0.0559091941
0.0974821299
0.1261229515
0.8487366438
0.1100540161
0.8703539968
1.9094393253
0.0765121579
0.1042555943
0.1557561904
0.0840374827
0.0437511653
0.0784009099
0.0992541015
0.0748330578
0.4041402042
0.1094266996
1.0545473099
0.0733536109
0.9686903358
0.1778133810
0.1336986870
0.0792263448
1.1627330780
0.0914897621
0.1192289069
2.6703796387
0.1084861904
1.2634274960
0.0557115190
0.1358665526
0.0817425922
0.6414630413
0.2581242025
0.0898670778
0.9418706894
0.0640553609
0.1237318963
0.4926508367
0.0646471083
0.2081020027
0.0866234899
0.0777795166
6.2770862579
0.5520575047
0.8206973672
0.1149848625
1.1264873743
0.0905421525
1.1406649351
2.0783143044
0.8957347274
0.0719878972
0.4199988246
0.1230554506
0.1216374338
1.0724446774
0.1734987795
0.0838138759
0.0704477578
0.1170245111
0.0882413760
0.0806065500
1.8668382168
0.1129354909
0.8675083518
0.7983635068
0.1202196404
1.0107257366
1.7024407387
0.9161913991
1.7432324886
0.0689218566
0.1097753569
0.1117918640
1.5647680759
1.4588027000
0.0714697465
0.2402666658
0.0935338661
1.2423527241
0.4817255735
0.1576637924
0.1092437506
0.0790280104
0.9742225409
0.9892336130
1.3914998770
0.0953724533
0.0978523269
0.1364301890
0.2254397124
0.1046585664
1.0424002409
1.3596293926
0.1266494393
0.1345507801
0.1296990812
1.6102565527
0.0607118979
0.0894983038
0.1413075328
0.1292440742
0.0274788830
0.2640360892
0.1390006393
0.9021159410
0.3582511842
0.0810619220
0.1331152767
0.0736581683
0.0658310950
1.3730946779
0.0745259374
0.0890299603
0.9348679781
0.1268925667
0.2579500079
0.7697211504
0.1078018919
0.7866820097
0.0786818713
0.1104146242
0.1136308238
0.0766564980
0.2262679785
0.2214393169
0.0966200605
0.5001795292
0.0756942928
2.7965228558
1.1457953453
0.0772923678
0.0232314728
0.0896776989
0.0856075883
0.0695523247
0.2513252199
0.1114922836
3.7270684242
0.1178639159
0.0703136995
0.0842815265
0.1226156875
0.1316028982
0.0561968312
0.0969485044
0.5629760027
0.3831090629
0.0726756454
1.4279110432
0.1359189749
0.1354917586
0.2510266602
0.8153513074
1.3510428667
1.0066676140
0.5575876832
0.1161774397
0.1025279984
0.1156249940
0.5360430479
0.0861521736
0.0983748958
0.0806057528
0.0916049182
0.1296280026
0.1415304840
0.1062154844
0.0883996561
0.0693149269
0.1172850281
0.2210728079
0.1149622276
1.0318259001
0.1323251128
1.3563814163
0.1166721806
0.1154299006
1.0167467594
0.3280605376
0.3073054254
1.2640032768
0.1184916571
0.1007745564
0.0884105638
1.7849781513
2.8420994282
0.0797504261
0.8544502854
0.1032802537
0.1873758435
0.1110631898
0.0780906379
0.8161951303
1.9686211348
0.1473044902
0.1266812235
0.3862377107
0.0767421722
0.1282649338
0.9429789186
0.0937011018
0.4744070470
2.0868477821
0.0571764410
0.1187684536
0.1198087782
0.0851352587
0.1344596297
0.8755239844
0.0769308731
0.5036742687
0.0908322036
0.2538336515
0.3658210039
0.2492411286
0.1032556370
0.0691950321
1.0798245668
0.0946870744
0.1407063901
1.1662356853
0.0756741315
0.9542444944
5.1256704330
0.0961308926
0.1869523972
3.1757767200
0.0835968107
0.1211723536
0.9025688767
0.0888245404
0.0683949441
0.8888241053
0.4000563323
0.1304846108
1.2821623087
0.1321565807
0.1338660121
0.1231695265
0.2088290006
0.0857562721
1.0684087276
0.1022250131
0.0452159382
0.0896567106
0.0667530298
0.1927815527
1.0232597589
0.3829653561
0.0752675310
0.7232442498
1.3110928535
0.0855349451
0.5683617592
0.1013299003
0.0877330899
0.7064438462
0.2327288091
0.1348105967
0.1205970719
0.1044703797
0.0078407554
1.3248827457
0.0817436501
0.8634678721
0.0969858691
0.0834026784
0.0622439124
0.2763817012
0.2519835830
0.1509094089
0.3569022119
0.1013934985
0.0913557708
0.1339376867
0.7571606040
0.0541969761
0.9682192206
0.7201691866
0.7578863502
0.0794128105
2.0652678013
0.0679053515
0.1125808954
0.6108055711
0.0914458483
0.0623069853
0.0822990909
1.2635585070
0.0681353360
1.5712989569
1.2711080313
0.1080589592
0.2418828607
0.1041894481
0.8572558165
0.0684007779
0.9379813671
0.7931250334
0.1029259935
0.0845006034
0.1416295022
1.6112052202
0.0894657001
1.4830458164
0.2834775150
0.3289788365
0.1303744018
0.9828274846
40.3082084656
0.1062068567
0.1243506670
0.1106181741
1.4654288292
0.0910934731
0.0771756396
0.1041181982
0.0978844538
0.2721702456
0.0965841711
0.2404111475
0.1133575588
0.0718602315
1.0092438459
0.2129266560
1.1684519053
0.0713881031
1.4075479507
1.3512318134
3.4718420506
1.1578179598
0.0861901566
0.0648926497
0.1026191264
0.1083481535
0.3498669863
0.1141428575
0.0856200159
4.2292327881
0.1212995723
1.1298913956
0.0792123377
0.9514492750
0.1264486760
1.0078661442
1.0849360228
0.0992113128
0.1302500814
0.0926010013
0.0920858085
0.0815170258
0.1112884283
0.6788128614
0.1362154186
0.9815008044
0.0744738281
0.0964340940
0.4573667943
0.5333555937
0.1278155595
0.3077827394
0.4687168300
0.1160770729
0.0821326748
0.0803271756
0.0648158491
12.1677427292
1.9824969769
0.6748175025
0.0710182786
0.5027955174
0.0771541595
0.2870953083
0.1263768375
0.1308322847
0.0918746665
0.0979615077
0.0802464858
0.0625810400
0.0955214426
0.0953727439
0.5297896266
0.0850273743
0.5104749203
1.1812264919
0.1546372324
0.0828081295
0.3097406626
0.0945060998
0.1356184483
0.8199276924
5.8055319786
0.1080910116
0.0944168344
0.1359235942
0.0933180973
0.0832539648
0.3610374629
0.6626503468
0.0729601830
0.0028177947
3.8693354130
0.0923727825
1.0065948963
0.0637396127
0.0768797472
0.1042599678
0.1060562432
0.5263639092
0.0902563408
0.3436464071
1.2417623997
1.0083160400
0.1249881387
1.0399882793
0.2780241668
0.1461752206
0.1112402156
0.1260476559
1.0051059723
2.1302273273
0.1601202935
0.1281678826
0.1109713465
0.0817503259
0.6813557148
0.4670419693
0.8483015299
0.1043173596
0.1276358813
0.0898463503
0.0643738136
0.1156572849
0.0756192952
0.0915615186
0.1058866009
0.0828026608
0.0906202123
0.1344581693
0.1169595867
0.8779326677
0.0610638410
0.2247140855
0.6686118841
0.1298898757
0.1279498637
1.4875500202
0.1382376701
0.7044230700
0.1250099540
0.0861569867
0.1347149163
0.0753911734
1.8956531286
0.9949232936
0.3087916970
0.1048148125
0.1268455833
0.1188373566
0.0650587007
0.0276925582
0.1252732873
0.1004984751
0.1178206727
0.0740549266
0.1111065075
0.1837159991
0.8756213188
0.0988507196
0.0816947967
1.2577886581
0.0891880244
0.1170848534
0.2019651979
0.0705581754
16.1893882751
0.0932766721
0.1199987531
0.1001113281
0.9449084401
0.1360286325
0.0762054697
0.0591748618
0.0772233531
0.2523086965
1.0137946606
0.0866518244
0.0996076092
0.1075330675
0.2512150705
0.7961911559
0.0650965869
0.0791481510
0.1385924369
0.8829811215
0.0766627640
0.7778512836
0.2551602423
0.4095378816
1.5472598076
0.0676155537
0.1299644113
0.2996095419
0.0930244029
0.1119225249
0.7337261438
0.0891673937
0.1057729721
0.4587843716
0.8817389607
1.1011524200
0.1314236224
0.1082650349
2.3294911385
0.1079195365
0.1265747696
0.0968098715
0.7185814977
0.0741882995
0.8996502757
0.4137852490
0.1052135080
0.1462476552
0.1359273344
0.1201055720
0.1100131199
0.1045912430
0.1953625977
0.1027880460
1.4210906029
0.0802025273
0.0833730921
1.3585524559
1.6544719934
0.8403409719
0.1292904168
0.1522865593
0.9681713581
3.6266975403
0.2547593415
1.0493724346
0.2312259078
0.2208585441
0.1379826814
0.4058954716
0.0966510251
1.2944737673
0.0787407011
0.1188854054
0.2038625628
2.3896780014
0.9630813003
1.0042303801
0.1290045232
0.0696950331
1.3306161165
0.1310003400
0.1315301657
0.1113875359
0.5818961859
0.4298507869
0.0991488397
0.3705673516
0.0831165612
0.9649984837
0.0909490734
0.1052596942
0.6965478063
0.1216301098
0.1284642965
0.5923501253
0.0947759151
0.1904302239
0.0876376554
0.0629553273
0.0691932589
0.2407557070
0.5432184935
0.0838340074
0.0562178344
0.7376874685
0.0563465953
0.1292108744
0.2241985947
0.1289949715
0.0720132291
0.1246812865
0.1060795560
0.2081367075
0.1212233305
0.1250050366
0.1226032525
0.0998559371
0.8114609718
0.6036528945
0.1146349609
0.1008088291
0.0822235569
0.1692565978
2.2120432854
0.1301835775
1.1020702124
0.0864629373
0.1009761915
0.1334318668
0.5937030911
1.1909506321
0.0805791542
