0.0697719678
0.0140074734
0.0509682670
0.0303463936
0.0393983126
0.0414106473
0.0449388810
0.0128219509
0.1502149850
0.0629763454
0.0118170865
0.0479376800
0.0484347977
0.0656716228
0.0555521399
0.0638478175
0.0737655014
0.0097083393
0.0389581025
0.1310023218
0.0044613956
0.0178311262
0.0428362042
0.0050396193
0.0680623949
0.0167018119
0.1526220292
0.0409001708
0.0559046753
0.0333352163
0.0940946564
0.0423101820
0.1678708196
0.0078413542
0.0579359233
0.0501914360
0.0593436211
0.0491681434
0.0920938924
0.0573092103
0.0496480837
0.0611021593
0.1282686293
0.0378468484
0.0501370095
0.0422154553
0.0354607180
0.0061493632
0.0699161068
0.0718025342
0.0589157641
0.0742557719
0.0475713573
0.0400804654
0.0068119732
0.0685507506
0.0109973177
0.0492590778
0.0708548501
0.0007417132
0.0836333632
0.0439612828
0.0508896001
0.0264711585
0.0450812057
0.0706393346
0.0432564318
0.0767317861
0.0537111014
0.0254785679
0.0549307801
0.0034531278
0.0741451830
0.0076309871
0.0695777908
0.0454906486
0.0383881778
0.0744828656
0.0857424363
0.0033332291
0.0805456564
0.0379870012
0.0865316465
0.0398510508
0.0677429512
0.0492597744
0.0117673632
0.0601894483
0.0832618698
0.0466201827
0.0597162992
0.0779657289
0.0667729080
0.0031874513
1.1260858774
0.0614494048
0.0809996501
0.1096418500
0.0360923260
0.0097493688
0.0455533490
0.1110144854
0.0257735550
0.1379224658
0.0518739596
0.0393069834
0.0447228849
0.0666695833
0.0273004193
0.2142373025
0.0090472726
0.0474899895
0.0585914068
0.0601032637
0.1546338648
0.0383202806
0.0538924672
0.0511474535
0.1284666806
0.0045433333
0.0604434349
0.2250714749
0.0096508069
0.1061497927
0.0071071102
0.0722647607
0.0018017766
0.0929099023
0.0355874151
0.0691538602
0.0589589179
0.0372693129
0.0438093022
0.0399608165
0.0113826953
0.0074816849
0.0659663677
0.0413217731
0.0566351935
0.0249829534
0.0477547236
0.1462654471
0.0903913453
0.0674942806
0.0412136577
0.0692933351
0.0154534588
0.0660595447
0.0016776233
0.0634393319
0.0512342714
0.5478342772
0.0658938810
0.0558499433
0.0508197173
0.0121858772
0.0738610551
0.0462407283
0.0441753305
0.0511856712
0.0687021613
0.0122224316
0.0636352748
0.0035861928
0.1205732971
0.0413334407
0.0477055870
0.0439915396
0.0490180664
0.0251193307
0.0429676585
0.0790035203
0.0495146737
0.0583662912
0.0714043304
0.0003795899
0.0426392965
0.1046529710
0.0299277455
0.0670863315
0.0425041616
0.0063497922
0.0472338609
0.0689765438
0.0987916961
0.0569628477
0.0714893043
0.0390276760
0.0288766418
0.0490287058
0.0586094894
0.0077794413
0.0558202155
0.0006070129
0.0387624018
0.0686610863
0.0634495690
0.0453243330
0.0376971290
0.0521193519
0.0416105688
0.0995548144
0.0894541889
0.0126482323
0.0832213387
0.0018705407
0.0460797101
0.2887331545
0.0998152494
0.0178230889
0.0380110741
0.0509355403
0.0709286779
0.0588293932
0.0102285566
0.0111663816
0.0473870859
0.0438307673
0.0291575473
0.0456629135
0.0480069108
0.0161756892
0.0504427142
0.0020308611
0.0746171847
0.0611791424
0.0241156388
0.0354279652
0.0288761798
0.0746133253
0.0430237018
0.0598950461
0.0603903644
0.0009184909
0.0006771234
0.0400855988
0.1870526075
0.0610968620
0.0724129379
0.1813451499
0.0502904579
0.0544996634
0.0400476269
0.0187838878
0.0670540333
0.0007008690
0.0457430892
0.0493919551
0.1729200929
0.0127418265
0.0555490926
0.0016650992
0.0231505875
0.0664832294
0.0666656345
0.0786564946
0.0296952352
0.0357290022
0.1136514321
0.0792707503
0.0715274289
0.0010384109
0.0262051709
0.0858068541
0.0021492902
0.0114518395
0.0409838855
0.0809126794
0.0483737364
0.0381784700
0.0563294962
0.0396574400
0.0473058149
1.4249169827
0.0657937080
0.0143808229
0.0426585861
0.0449100919
0.0591008961
0.0345247909
0.0579367690
0.0611652881
0.0450355038
0.0020088993
0.0220135581
0.0522567295
0.0009875536
0.0460330360
0.0241537057
0.0057468577
0.0430068895
0.0003382703
0.0497065894
0.0462427065
0.0413817726
0.0133640300
0.0597502999
0.1014179736
0.0664908737
0.0471953079
0.0497203879
0.0641798824
0.0737551898
0.0831678659
0.0501398258
0.0551735796
0.0163644068
0.0446337387
0.7522360086
0.1302287132
0.0773563758
0.0515910760
0.0231081471
0.0138813872
0.0212013405
0.0405208133
0.0739669725
0.0562415756
0.0609698109
0.1268460602
0.0544846281
0.0497830771
0.0459952243
0.0545546822
0.0253996849
0.0720642358
0.0500730351
0.0458734557
0.0350919776
0.0725554675
0.1047993600
0.0511145927
0.0244176611
0.0708703026
0.0036898979
0.0698072389
0.0600846075
0.0001359607
0.0094411392
0.0156835336
0.0028144612
0.0578876920
0.0598122552
0.0605257303
0.0221975353
0.1081761792
0.0475205220
0.0019540011
0.0489481315
0.0605215840
0.0624866560
0.0408802070
0.0831201747
0.0822159871
0.0442090444
0.0732710510
0.0196996778
0.0523391329
0.0643742010
0.0079069538
0.0482206233
0.0335836336
0.0246211365
0.0372321233
0.0563905425
0.0710701123
0.0489604101
0.0664062724
0.0007916582
0.0346591808
0.0054737171
0.0648217946
0.0144138206
0.0896553099
0.0222809557
0.0516060442
0.0459751450
0.0024857910
0.0493927337
0.0930420086
0.0753499940
0.0578809567
0.1585562229
0.0971633121
0.0576792806
0.1183180660
0.0705147982
0.0477946848
0.0751924738
0.0030217222
0.0458776727
0.0369138196
0.0770432651
0.1676675379
0.0713362023
0.0177739449
0.0785316378
0.0698150918
0.0687522590
0.0195149276
0.0526031740
0.0262082629
0.0630299971
0.0295323581
0.0475617461
0.0378485732
0.1171474606
0.0194980372
0.0071288827
0.0476415604
0.0639377609
0.0559015460
0.0456877239
0.0465745963
0.0701551065
0.0520708263
0.0048800786
0.0296117831
0.0756219029
0.0671882853
0.0566839986
0.0022737533
0.0343325958
0.0493711010
0.0402492173
0.0559722930
0.0501538217
0.0453802533
0.0213558860
0.0812355056
0.0981235504
0.0001311832
0.0586786270
0.0561386198
0.0656036586
0.0034901786
0.0372507907
0.0075644343
0.0525187701
0.0151956230
0.0416064560
0.0402039364
0.0447624549
0.0612908155
0.0019810977
0.0512180291
0.0368981361
0.0453503877
0.0798606947
0.0434838347
0.0007014515
0.0819639117
0.0662952065
0.0092961779
0.0587769113
0.0017062778
0.0376403555
0.0104658967
0.0025857883
0.0581916273
0.0499965474
0.0793023109
0.0251573212
0.0474848785
0.0427308939
0.0161461029
0.0315460339
0.0770112649
0.0770869851
0.2235488892
0.0597838610
0.0756114423
0.0608469285
0.0340558328
0.0480381027
0.0483955964
0.0492200740
0.0635086223
0.0245877896
0.0568517335
0.0981232375
0.0691525862
0.0445172824
0.0201581493
0.0062052389
0.0100363586
0.0429900959
0.1143613830
0.0217145067
0.0487455316
0.0036173018
0.0528746694
0.0385333784
0.0522429608
0.0611526705
0.1017941684
0.0703868717
0.0509031042
0.1367538273
0.1446791589
0.0029539340
0.0481401645
0.0971421599
0.0728762895
0.0254269019
0.0042647109
0.0566804707
0.0215621274
0.0540189743
0.0532735139
0.0465912409
0.0610801727
0.0558829680
0.0755120665
0.0005361610
0.0400918946
0.0511016920
0.0494883843
0.0048147035
0.0837541521
0.1537251323
0.0893455818
0.0593697429
0.0255055968
0.0492757112
0.0514199696
0.1040142253
0.0078015220
0.0542815439
0.0468041450
0.0388511829
0.0492574982
0.0166973826
0.0722247139
0.0642656460
0.0482772999
0.0576319620
0.0484955050
0.0394695550
0.0481233709
0.0536563024
0.2682510614
0.0344058126
0.3903199136
0.0294551011
0.1694587022
0.0454556122
0.0009469891
0.0506161191
0.0986073911
0.0490653105
0.3422238231
0.0599656329
0.0540250391
0.0030672795
0.0450008698
0.0448489785
0.0737700611
0.0012609152
0.0467951410
0.0444355421
0.0131714335
0.0480782092
0.0091723558
0.0404283591
0.0499693267
0.0536694489
0.0525953770
0.0759641603
0.0455934480
0.0059583131
0.0439060293
0.0103666820
0.0772093683
0.0094933053
0.0614891611
0.1121026054
0.0589906648
0.0710996911
0.2384832352
0.0395746492
0.1318473667
0.0738029927
0.0653218478
0.0429163836
0.0778251588
0.1149935499
0.0037185338
0.0528767779
0.0610858798
0.0488694422
0.0407605730
0.0667984560
0.0462563224
0.0487494394
0.0681434497
0.0432072915
0.0531241745
0.0674168468
0.0592622496
0.0054008057
0.0373317450
0.0230157338
0.0834569111
0.0773813277
0.0707991943
0.0788463056
0.0755698159
0.0235019438
0.0587616488
0.0491925031
0.0649198368
0.0461409688
0.0754969344
0.1138032675
0.0173385236
0.0570917353
0.0638725832
0.0543900840
0.0412985161
0.0723290220
0.0583781339
0.0978852510
0.0724360198
0.0482081622
0.0629678816
0.0979004204
0.0044616596
0.0862967223
0.0523993373
0.1196099818
0.0463790745
0.0658743680
0.0140307080
0.0441878103
0.5252434015
0.0356352553
0.0657245740
0.0542419180
0.0557966530
0.0525921881
0.0381982438
0.0518202558
0.0494820178
0.0382526182
0.0540255941
0.0473425575
0.0592055134
0.1025073901
0.0125625981
0.0051614102
0.0379243642
0.0433853939
0.1305373758
0.0154092442
0.0445870273
0.0217963122
0.0197441634
0.0233133473
0.0132288001
0.0438406132
0.0674275905
0.0247946661
0.0513249934
0.0635473505
0.0410613827
0.0470295958
0.0516157448
0.0100821014
0.0305796545
0.0689851493
0.0709943622
0.0603248999
0.0936509818
0.0591352060
0.1034454033
0.0527870506
0.1744460911
0.0443566069
0.1400350481
0.0325717479
0.0692709610
0.0862462595
0.0699981824
0.0725314766
0.0573693402
0.0580983832
0.0705936924
0.0479554385
0.0024226410
0.0515555777
0.0839704946
0.0016298343
0.0928621963
0.0556362756
0.0623426437
0.0264007878
0.0102329496
0.0609850474
0.0205763616
0.0149186822
0.1009391025
0.0987309441
0.0741921142
0.0146605428
0.0545498729
0.0004236825
0.0451264679
0.0679700598
0.1402916759
0.0950144753
0.0003182247
0.0625254959
0.0759639740
0.0414501727
0.0340063758
0.1185308695
0.0610721260
0.0807670280
0.0095960209
0.0811278820
0.0591355674
0.1537963152
0.0525333956
0.0144864749
0.0522264317
0.0499559343
0.1099605858
0.0627051815
0.0764691904
0.0129623404
0.0472689420
0.0594773591
0.0513545759
0.0377629958
0.0476260372
0.2204584628
0.0502625071
0.0418493785
0.0430416800
0.1237404943
0.0417227596
0.0710899457
0.0135054402
0.0774945021
0.0412440486
0.0619813241
0.0521277525
0.0892279893
0.0662150681
0.0756234676
0.0664722696
0.0521968044
0.0070433537
0.0474337153
0.0669944510
0.0566223599
0.0535690822
0.0499037839
0.0055376259
0.0751471221
0.0639054999
0.0542182066
0.0641366318
0.0693850219
0.0647238493
0.0190015472
0.0473297536
