0.1929071099
0.2312572449
0.1062779129
0.0909118801
0.1810414344
0.2078762501
0.1632467508
0.1912477016
0.0108867465
0.0085580954
0.1162199825
0.2508190274
0.1696775258
0.1522483528
0.0877197683
0.0874444321
0.1754980981
0.0930306837
0.0543543920
0.1590058357
0.1349361539
0.1159123480
0.1072174832
0.2530794144
0.1000067666
0.0663040280
0.1072704270
0.1631518900
0.1222705469
0.1968183517
0.0498513281
0.0951950997
0.1030103043
0.1996869743
0.0537267588
0.4129132032
0.1595798284
0.1844325662
0.1012996212
0.1900544614
0.1440573782
0.0850400031
0.1236988232
0.1407486945
0.0959316641
0.1860241741
0.0120844729
0.0969971865
0.0128981089
0.1069689617
0.1435053647
0.2116590738
0.1777757853
0.1258247197
0.0740599334
0.1201209500
0.0850143656
0.1077148244
0.1810925901
0.1085222587
0.0574875474
0.1928689480
0.0568775348
0.1065676585
0.1477115154
0.0571640618
0.0443396419
0.2037706971
0.1581582576
0.0286205485
0.0405570082
0.1685863435
0.0471035913
0.1196004599
0.1036419496
0.2066287398
0.0476800539
0.0391684547
0.1439957321
0.0733334944
0.1007194445
0.1155596599
0.0924580693
0.0279798247
0.1145962998
0.2086033076
0.1383251101
0.1336796880
0.1969948709
0.0013558483
0.1070688069
0.2288904488
0.2479141802
0.0520052575
0.1927653402
0.0274252780
0.1789842844
0.1708612591
0.1226661280
0.1404109746
0.1880820692
0.1348276734
0.1355327964
0.1291628778
0.2281912565
0.0964261368
0.3004648387
0.0090466449
0.0155927315
0.1575260013
0.0780577138
0.1417313367
0.1006484106
0.1329715103
0.1331460029
0.0958350599
0.0829696655
0.1036293507
0.1479786783
0.0330067985
0.0871099681
0.1945819855
0.1364583224
0.1354838312
0.1415469050
0.2266435474
0.1176393554
0.0488552675
0.2007592171
0.2507678568
0.0515904911
0.0361083932
0.0021281061
0.0027615707
0.0608440898
0.0717561916
0.1541768610
0.0372769162
0.0914340690
0.0111600831
0.0938094333
0.0839894339
0.1012955979
0.3187811077
0.1226130649
0.1126050204
0.0139893880
0.0059601306
0.0460448191
0.0779461190
0.2124695480
0.1723940670
0.1488162726
0.0311587285
0.0269560050
0.1744211614
0.1473326534
0.0430722013
0.0688652918
0.0236938838
0.1440756172
0.2404666245
0.1512942612
0.0738123804
0.1119931787
0.2929081619
0.1500193328
0.1623387486
0.0891615674
0.1198502555
0.1706514955
0.0311259236
0.1530931592
0.1501839012
0.0767679587
0.0835605860
0.0947446600
0.0018885243
0.1020247564
0.0321278721
0.1841632724
0.0929108784
0.1469071060
0.1396883875
0.1375042498
0.0969218165
0.1351249516
0.1200689524
0.0537022240
0.0030498058
0.1834912300
0.0015720432
0.1023633927
0.2581812441
0.2357628644
0.1996601075
0.1893340200
0.1396625638
0.1073838621
0.0721757710
0.2261035293
0.1703234166
0.2043994665
0.0288100392
0.0093202507
0.0671590716
0.0797368661
0.1904173940
0.0319818333
0.1317775846
0.0872408226
0.0648702905
0.0406189263
0.1414680034
0.0320044234
0.1402339190
0.0946481228
0.0066012871
0.2219267637
0.1008775905
0.0657894686
0.1403895617
0.1056462973
0.1277234554
0.1079665497
0.2034932226
0.1994467527
0.1162455305
0.0457690470
0.0428668149
0.1207463294
0.1220551729
0.0695469901
0.0264094044
0.0762330517
0.1630563736
0.1263865083
0.3186921477
0.0808868855
0.0944576710
0.2354509383
0.0691583231
0.1737902462
0.0201586578
0.0753730536
0.0591791160
0.2114813328
0.0964071825
0.0595299564
0.1343280077
0.1672536880
0.0053053484
0.2442660332
0.2025124580
0.0569428876
0.0906030014
0.1582934111
0.1892005503
0.2488558292
0.1893896908
0.1919403672
0.0979608297
0.1182524636
0.0479857512
0.1155553609
0.0212903228
0.0923356935
0.1055783853
0.0720846057
0.1452188641
0.2745441496
0.0141889835
0.1350261271
0.4055960774
0.0586874261
0.1157642603
0.0919774622
0.1223637238
0.1398527026
0.2627521455
0.1640934348
0.0025662726
0.1535295695
0.0968074128
0.0889403298
0.0886816680
0.0432705395
0.1728572249
0.1006625369
0.0083458507
0.0612913482
0.0957870558
0.5595861077
0.1006890610
0.0632126406
0.0096738478
0.0426994972
0.0504502431
0.0290360488
0.1772979498
0.1697331667
0.1280467510
0.0978607535
0.1389622092
0.2640848458
0.0979368016
0.0524997860
0.1350997239
0.2635549307
0.0219760668
0.0332576707
0.0720344633
0.1284988821
0.2250149995
0.1996340752
0.0919195041
0.1105792895
0.1176255271
0.0886397958
0.1178528145
0.1174308211
0.1256414950
0.1957622319
0.0613411255
0.2122782171
0.0014042439
0.2192779779
0.0956906304
0.1800755411
0.1393402666
0.0984432623
0.0120161846
0.0184956864
0.0206010062
0.1017470434
0.0873688534
0.0728724524
0.1734430343
0.1220148429
0.0963906422
0.2058674842
0.1825134903
0.2089652866
0.0838714615
0.1339236796
0.1283140332
0.0014305763
0.2858632505
0.1893167645
0.1036187559
0.0815222412
0.1352404505
0.3008891046
0.1988603324
0.1073265150
0.1030196846
0.1696915329
0.0647409111
0.1214978471
0.0228299387
0.0181609020
0.0977756679
0.1260205209
0.0513030216
0.0424762368
0.0878250152
0.0433976054
0.0083817011
0.0024204701
0.0675198659
0.0713649169
0.1713601947
0.1507534981
0.1117200181
0.2115670294
0.0781987831
0.0283046309
0.0003390480
0.1613601446
0.1448280811
0.1973783672
0.0766239539
0.0541237593
0.1850892752
0.0559561178
0.1217543185
0.0183231886
0.0909543708
0.0707720593
0.0661030859
0.2147651911
0.0111100879
0.0989074558
0.1135687381
0.0520048700
0.1949737072
0.1301987916
0.1848382652
0.1562792510
0.1891304851
0.0858195722
0.0677851364
0.1089505553
0.1766943187
0.4222448766
0.2026134729
0.0752214491
0.1398278773
0.0206232015
0.0566586219
0.1067565754
0.2811851203
0.0648773760
0.1394845992
0.1435966790
0.1285894364
0.1310779452
0.1465201378
0.1764416546
0.1379568726
0.1910568178
0.1516813040
0.0129838428
0.2041167170
0.1032204181
0.0872331634
0.1743934900
0.0227641463
0.0776770636
0.1390945166
0.0002613979
0.1530549675
0.1781104058
0.0028932404
0.0745372474
0.1003263816
0.0285169315
0.1646831483
0.1912207007
0.0058601680
0.1407016665
0.0965823531
0.1125621647
0.0171407592
0.1305674016
0.0698760301
0.2033282965
0.1773880869
0.0016681806
0.0946390778
0.0990338624
0.1729167104
0.1237471923
0.1373848617
0.4125551879
0.0898350403
0.2290822268
0.0409907140
0.0538792573
0.1415694207
0.0079031950
0.0745245218
0.1104287356
0.2339500338
0.0073013417
0.2145887017
0.1043536216
0.1619551182
0.0004370222
0.1474682689
0.1091514304
0.0164688881
0.0854470804
0.1860186011
0.1233572885
0.0533786230
0.1015165374
0.1158563569
0.1500492841
0.0509876534
0.3848793209
0.0120443599
0.1208734661
0.1122357398
0.0994100124
0.0952567458
0.0108606406
0.0705860257
0.2113510221
0.0114428746
0.1045252010
0.1831836849
0.0193772912
0.1824988872
0.1138086021
0.1478020996
0.0686608031
0.1199491546
0.1354539692
0.3053161204
0.1302187592
0.0014149521
0.1492281705
0.1043881625
0.1557037383
0.1500643194
0.0386170745
0.0603949763
0.1734313220
0.1960096061
0.2425336987
0.1059671268
0.1181942001
0.2099939287
0.1063613594
0.1154072806
0.2054341882
0.1346759051
0.1023966298
0.1165262535
0.0313674584
0.1907544136
0.0408140905
0.0071471874
0.1030908898
0.0538757220
0.0078658117
0.1911957562
0.0607196465
0.1644589007
0.0041710343
0.1025183499
0.0465027392
0.1191975549
0.0288289953
0.2030421793
0.0483830199
0.1640143692
0.1190316752
0.0101590119
0.0784638226
0.0365404412
0.1724095494
0.1511028856
0.0326424167
0.0990894511
0.0375623479
0.1126554459
0.1679625064
0.2857612967
0.1439803243
0.0082386592
0.5824497938
0.2348001152
0.1179970354
0.1059788465
0.1568076760
0.0990073234
0.1075446904
0.1052897573
0.1640498489
0.0092735179
0.0527199730
0.2890323997
0.0773869529
0.2486206889
0.1890073568
0.0588867553
0.0628495961
0.0570654720
0.2071808875
0.2252682000
0.1139455214
0.0052824202
0.1492100358
0.0998649001
0.2078952044
0.2148112208
0.0053237732
0.0724350214
0.1219407842
0.0539760664
0.0834854692
0.0186152793
0.1775199026
0.1824144423
0.0168142468
0.1058221906
0.0804701447
0.1312265098
0.1568828523
0.0959527642
0.0158333629
0.2589255571
0.0934780240
0.1164242029
0.2491963804
0.1691734195
0.1751808822
0.0973316953
0.0299556889
0.0388807245
0.1532744169
0.0335829481
0.3471723497
0.1035800949
0.1577975750
0.0561271459
0.0304292347
0.2064565122
0.2078725696
0.1127534732
0.0718341395
0.1594934613
0.1439074278
0.0219557583
0.0026579944
0.1326242387
0.1377280802
0.0350883193
0.1702303886
0.0901858285
0.1622440517
0.0878020898
0.2819401324
0.1132292524
0.0198734384
0.1321340948
0.1078579873
0.1026982740
0.1072115377
0.2198939025
0.3583842218
0.1656489968
0.1482914835
0.0302477963
0.1120595485
0.7494637966
0.2455241531
0.1506662369
0.0227271821
0.2278459370
0.1025462672
0.0578235760
0.1216288507
0.2250863314
0.3489187062
0.0216017570
0.1377926618
0.1215873286
0.0702877566
0.2697266638
0.1060997471
0.0604848973
0.0936889201
0.0674414560
0.0010118468
0.0926108733
0.1748763025
0.2822353244
0.0577760115
0.1542505026
0.1098121777
0.0402066521
0.0190421008
0.0015356464
0.0036646069
0.0939839855
0.1752419770
0.0362694189
0.0629243404
0.1062023193
0.1850608885
0.0988610983
0.1537650824
0.1124916449
0.0884314328
0.1055180728
0.1845233738
0.0985641703
0.1848547608
0.1645418853
0.2494653761
0.0289754998
0.1357100308
0.1223390102
0.1198092401
0.1534598321
0.1013145670
0.2038354874
0.0012620597
0.0942816138
0.1587790400
0.1989814341
0.0018150243
0.0487127826
0.0063554249
0.0049401331
0.1628778577
0.1924959570
0.1567360461
0.1078458130
0.1585688591
0.1525270194
0.0904149488
0.0902621299
0.1151132435
0.0744361579
0.1494601369
0.0451077931
0.1505130380
0.1406724751
0.1097417325
0.0733229816
0.0033797526
0.0021579850
0.1555045545
0.1807682067
0.2776919305
0.0140794730
0.1387888789
0.1660720855
0.1725369245
0.0285284370
0.0367866904
0.1807201952
0.2942667007
0.0943170637
0.1184456646
0.0054921880
0.1008791178
0.0073134946
0.0007416996
0.2159250379
0.0010042131
0.0345094278
0.0656812787
0.0982642025
0.0227703191
0.0392518491
0.1046155542
0.0202793833
0.0592752248
0.0141565669
0.1574013382
0.1447003633
0.2438585162
0.1737554818
0.0112613542
0.2155664712
0.0911292657
0.0052558226
0.3380129337
0.2527472675
0.0955770686
0.1275823116
0.1204846650
0.1340927184
0.0045078793
0.1650882363
0.0864905268
0.0023426544
0.1296748668
0.2274508476
0.1250227541
0.1114343777
0.0310985781
0.2651114762
