0.1556235105
0.0545329340
0.0276008975
0.1445623040
0.0007166492
0.0087853996
0.0513160117
0.2544914484
0.0335474908
0.1902537048
0.0445643850
0.2325212359
0.0732405931
0.0004005063
0.2413771600
0.1567009985
0.1498138756
0.0435608514
0.2403712869
0.0271444153
0.1929483414
0.1126746833
0.0323918909
0.1205694452
0.1403690577
0.0132892979
0.0037887357
0.0106957294
0.1252198070
0.0713770464
0.0368133113
0.0003824726
0.1450652927
0.1393569559
0.0022629616
0.1061771512
0.0093342913
0.1829232424
0.1324871629
0.1762836277
0.0169383530
0.1510940343
0.1539218128
0.1799371392
0.1402349025
0.0087386947
0.0291001610
0.0123713361
0.0423501097
0.0033299644
0.1178606600
0.0005289005
0.0372000448
0.1944638342
0.1579540372
0.2444808483
0.0113911713
0.1518346518
0.0036123991
0.0792942420
0.1792937815
0.2692106068
0.0702199340
0.0129367383
0.0007577638
0.1676654071
0.2123482823
0.1379814595
0.1941198707
0.1166845933
0.1147448793
0.0372504219
0.0231438670
0.1387043446
0.0578165986
0.1584716886
0.0521208197
0.0087569598
0.0591513142
0.2093694806
0.1679790318
0.1383787990
0.0632038265
0.1884992570
0.1102253124
0.1006422341
0.1063487455
0.1862959266
0.1293379664
0.1282773912
0.1464857459
0.1643636227
0.0534566008
0.1907413304
0.0333554856
0.2029760629
0.2610337436
0.1141093001
0.0093674194
0.1441714168
0.0268080421
0.1215860322
0.2059116662
0.0197874233
0.1599152833
0.1645593047
0.0268974137
0.0182978343
0.0008597428
0.1800852567
0.0109370714
0.1126914695
0.0459288917
0.1269738078
0.1581915170
0.1383256167
0.0005118627
0.0033146252
0.2616668344
0.1413744837
0.2394486368
0.0950125828
0.0103853988
0.0045267311
0.1513654590
0.1724906564
0.0002895935
0.0052026710
0.0046288944
0.0256946366
0.1366421580
0.0545393191
0.2062358260
0.0256855991
0.0257626045
0.1838065982
0.0099103628
0.1395404488
0.1300687492
0.0569474623
0.1536062956
0.0213534385
0.0704057738
0.3354164362
0.1194626987
0.1674995124
0.0691310763
0.0111247767
0.1155996099
0.1390921921
0.1748841107
0.2056966275
0.4429089725
0.0007976058
0.1732125431
0.1408198029
0.1351897568
0.0475113131
0.0207120366
0.0550472215
0.1301373690
0.0812136158
0.1258093715
0.1259626895
0.2022171021
0.1348349303
0.0221637711
0.0947378427
0.2072566897
0.0179958995
0.2153109461
0.0636532158
0.0165960249
0.1566460133
0.1264582425
0.1589754820
0.0758548304
0.1652730703
0.0190434624
0.3914018571
0.1589520872
0.0982779190
0.1369007379
0.0057485388
0.0362836383
0.0111006740
0.2053942680
0.2098350823
0.2149766237
0.1943093538
0.1582047492
0.0530585535
0.0978673324
0.0021712037
0.1624165624
0.0190101825
0.0245034937
0.1548994631
0.1759688407
0.0683554858
0.0040557380
0.1297085136
0.0168410763
0.1200431436
0.0484451056
0.2039061040
0.2367901653
0.1305475831
0.1585256457
0.0850706249
0.1373847425
0.0010166967
0.0236240085
0.0053174524
0.0317937918
0.0023211050
0.0980975851
0.1323062032
0.2442084104
0.1538994908
0.1262228340
0.0027519136
0.0294203646
0.0014212274
0.1144656390
0.2695391774
0.1811686158
0.2955291867
0.0057881507
0.1868907511
0.0558434501
0.2200263888
0.0017484281
0.0352645554
0.1667386293
0.0147818718
0.1662120521
0.1595757157
0.0006364057
0.1909852773
0.0333012529
0.1494385004
0.0832617581
0.0351233073
0.0874819979
0.0047597387
0.1909712702
0.0607862137
0.1926846653
0.2041328251
0.0116652949
0.0338363349
0.1706262976
0.0016103886
0.0662055239
0.0256637633
0.0312900655
0.0223363657
0.1780163348
0.0109371301
0.0307157282
0.0490001366
0.2124375403
0.0452632904
0.1563856602
0.1438834816
0.1457778066
0.2062522769
0.0511703864
0.1077086180
0.1325567961
0.0996988863
0.0162632205
0.1690377742
0.1055390239
0.0092273159
0.0368375406
0.0835732147
0.1937144846
0.0007792332
0.2740930319
0.0021597648
0.0235866625
0.1517218947
0.0973996073
0.1442616433
0.1258963794
0.0861097053
0.0787839293
0.1542495787
0.1337647140
0.1373534501
0.0127063869
0.1792926788
0.1498724222
0.0977546275
0.0125840781
0.1567895710
0.0044326195
0.0496464446
0.2436447591
0.1390828788
0.1119300947
0.4229922891
0.0431496836
0.0122066028
0.2223840952
0.0143660130
0.0947042108
0.1582948565
0.0329719186
0.1508177519
0.1080718562
0.0167217720
0.2175850719
0.1158790141
0.0173504669
0.0253227260
0.0307017732
0.0108746570
0.0887660608
0.1232927144
0.1372374743
0.1193750724
0.0346634276
0.1708122045
0.1196029633
0.1341234744
0.1390762329
0.0100855399
0.0008721122
0.1261752248
0.1873577237
0.1379980445
0.1393882483
0.0093363449
0.2028391659
0.1676939130
0.0594316497
0.0197202433
0.1363793015
0.1588945091
0.1349875182
0.1625213176
0.2090026736
0.1032313630
0.1557362974
0.0713772550
0.0145669207
0.2233596295
0.1854417771
0.0025475894
0.2173914015
0.0521407872
0.1005586386
0.1967391819
0.0321104936
0.0071023665
0.0004932127
0.0308136996
0.1462963969
0.0119735915
0.0023150125
0.1515810490
0.1262918860
0.0294608530
0.0743609965
0.1385196596
0.0131691732
0.1282427162
0.0508014634
0.0578477085
0.0782400370
0.1505804360
0.1691004336
0.0358976498
0.1562447250
0.0292827524
0.1826255918
0.0122046061
0.1071809232
0.1551700681
0.0347491205
0.0118849613
0.0274787731
0.0621546060
0.0419699289
0.1548058987
0.0357076749
0.0179868992
0.2504567206
0.1154330149
0.1799450368
0.0052499110
0.0234740376
0.1453942508
0.1376782507
0.3201208413
0.0915720984
0.0541161671
0.0022477172
0.1504240781
0.0147503270
0.1144703403
0.1558693200
0.2464575171
0.1382995248
0.1223553047
0.1298937649
0.1519293934
0.0064733489
0.1530039012
0.0020787162
0.0401871726
0.0017147902
0.1405568272
0.1386844963
0.1123878658
0.1574255228
0.0908643827
0.1193832085
0.0426568948
0.0236351639
0.1112880260
0.0833364353
0.1237421706
0.0191376247
0.1097766384
0.1542151868
0.0014557174
0.1730892807
0.0501804538
0.0128766783
0.0159930568
0.0912762135
0.1699009836
0.0594879128
0.1955548674
0.2850255966
0.1660088152
0.1783235222
0.1338069290
0.0179792028
0.0194475241
0.0260729883
0.0183886755
0.0004328222
0.1572677046
0.1373538524
0.0191149507
0.0195459928
0.1879491210
0.0010098992
0.0689034462
0.2812469900
0.2383495867
0.1486530155
0.0153417820
0.0095905028
0.1425144225
0.0947709158
0.1937021762
0.1675858200
0.1573275775
0.0078561008
0.0580269769
0.2438424677
0.0924460813
0.2871161997
0.0372940563
0.0499910600
0.1847590655
0.0038216552
0.2070891410
0.0152295707
0.1481522769
0.1125032157
0.1307912916
0.0426513217
0.0492686816
0.1177104637
0.0700496882
0.0895382762
0.0017960742
0.0188733675
0.4016067684
0.0190656465
0.1066517010
0.0979514122
0.0056925011
0.0003542182
0.1523378789
0.1429968625
0.0018909579
0.1422349364
0.0028529018
0.1176432073
0.0081123570
0.0143661341
0.0114763351
0.1874084622
0.0027233821
0.0067686350
0.1924117506
0.0025347269
0.0392707065
0.0678750351
0.0532612056
0.1293845475
0.2170886397
0.1561128348
0.1527309567
0.2000979930
0.0171647687
0.0118824420
0.0940996110
0.1284182370
0.1380733252
0.1337043345
0.1364102960
0.1922413558
0.1569451094
0.0813820064
0.0050357860
0.0046117688
0.1560307294
0.0034474104
0.0048574372
0.0026711277
0.0242012069
0.1120240763
0.0484376736
0.0540446788
0.0761383101
0.0857429504
0.1718091667
0.0107636116
0.1388942748
0.0633992255
0.0403709337
0.1157762855
0.1547153741
0.1237433404
0.0235045608
0.1505566686
0.1502067149
0.0832599625
0.0445919447
0.0338089131
0.1356401742
0.0040216302
0.2052810043
0.0361991860
0.2862268686
0.0715571418
0.1723898947
0.0147806061
0.0020711320
0.1149239615
0.0221276004
0.1759000868
0.2022244930
0.0170023199
0.0097346576
0.0784321427
0.0396730043
0.0079213390
0.0845759213
0.1518742442
0.1003548056
0.0109404633
0.0015124024
0.0217256490
0.0038259146
0.0798653886
0.2188851535
0.2239030004
0.0698897243
0.0015614531
0.1734817773
0.1263787597
0.0204855539
0.0582761690
0.3991734982
0.1942239255
0.0012002031
0.1792565882
0.0890019014
0.0033231874
0.1532851309
0.0129119866
0.0333125144
0.0673762858
0.1902783960
0.1664038301
0.1336736977
0.1905418187
0.1412129551
0.7029926777
0.0050471006
0.1389371902
0.1952183843
0.1201365143
0.1703687906
0.2388490289
0.0960674062
0.1024255157
0.0003200594
0.0542431660
0.1283484995
0.2276926637
0.1055592597
0.0346406810
0.0470612869
0.0477682687
0.0877881870
0.1039641276
0.0035461783
0.1485819668
0.2391878814
0.1287826598
0.0183783770
0.0064822645
0.1456262320
0.0338211581
0.4947802126
0.0551075824
0.1742168665
0.0025171852
0.0970894843
0.1485592872
0.0118907327
0.0590841100
0.1205297485
0.1947139502
0.0182094350
0.0048422799
0.0298848934
0.0012460015
0.1215259358
0.1303961128
0.0938621238
0.1372482330
0.1830112934
0.0929689631
0.1899355948
0.1329883337
0.0295050386
0.1416363567
0.0034081778
0.0094188172
0.0335754901
0.1832133383
0.1977081299
0.0268126279
0.1424465477
0.1201860309
0.1592245847
0.0719503239
0.1626568437
0.0515593477
0.1360505521
0.2005257457
0.0867178291
0.0020021163
0.0107639441
0.5460278988
0.0006187580
0.0148835042
0.0006930407
0.0354208946
0.0034588512
0.0707770959
0.1219755039
0.0230267905
0.0157227013
0.0538548566
0.1623445600
0.2222280949
0.1184649765
0.0085599944
0.1536069810
0.1369024366
0.2156680673
0.0007204287
0.1813527048
0.1257340014
0.1997788846
0.0115699861
0.0179492626
0.0087730503
0.0025219293
0.1153103709
0.1485187858
0.1138847545
0.1603869051
0.0620150343
0.0496417172
0.1873912811
0.1590165049
0.0008123512
0.1556765586
0.2267625779
0.3802446127
0.1191227883
0.1312674433
0.1350611746
0.1261247098
0.1323001683
0.2203513384
0.0152074061
0.0006086872
0.1558022946
0.1292823106
0.2272960395
0.2159587443
0.0399329774
0.0196700487
0.1203661039
0.1577130854
0.2122537345
0.1773403138
0.1827470064
0.0412958004
0.1439297646
0.1312766224
0.0438120961
0.0724230185
0.1383464634
0.1734693497
0.0016116197
0.1293880492
0.0185686387
0.2188333273
0.4304822683
0.0084785279
0.1255975515
0.0053125527
0.0103346221
0.0136229973
0.1354683787
0.2316410691
0.2259010077
0.1997871995
0.0787626058
0.1546754390
0.0002871041
0.1578964293
0.1447318196
0.0349172801
0.1275203377
0.1144134626
0.1908467859
0.2171198726
0.0594204292
0.0298207793
0.0673965216
0.1808104813
0.0560310222
0.0216189157
0.0065000383
0.0305580907
0.1835781038
0.2094777673
0.0965149105
0.1664686054
0.0353463776
0.4996203482
