0.2072585374
0.0687918812
0.4402525425
0.1456788629
0.2666759491
0.1733166575
0.2226905078
0.1968852431
0.2568569481
0.1941816211
0.2836008966
0.1432104111
0.2786312103
0.2420094311
0.2120272368
0.5750257969
0.2134666294
0.1208352223
0.2691769302
0.2833221853
0.2499306947
0.2597900629
0.2297024280
0.1118314937
0.1712576598
0.1520671546
0.3704669476
0.1745113879
0.1007832512
0.1463498026
0.3026940525
0.2228203714
0.3088335395
0.1792518944
0.1590301841
0.2015632838
0.3118730187
0.1839752495
0.1408348233
0.1326782107
0.1068326384
0.1169847324
0.1512486488
0.1017183959
0.3087851405
0.2894174755
0.1530395001
0.0969598368
0.1960921586
0.1298373193
0.2159937918
0.2491887659
0.2672289908
0.1782564372
0.1434976757
0.1314391196
0.2320070416
0.3060958087
0.2644372880
0.1578534544
0.2117408514
0.2802755237
0.0982527584
0.1997869909
0.8868513703
0.2473340631
0.2154189199
0.4367601871
0.3006695807
0.1011996046
0.1389479339
0.1688860059
0.1638645232
0.2874908149
0.1414347738
0.3254661560
0.1390669644
0.2718987167
0.2467862219
0.2114890069
0.1879395992
0.2823795676
0.2722759545
0.1926933974
0.1075530201
0.4494742155
0.1118084937
0.1724983305
0.1543267965
0.2489956319
0.2398862541
0.1615093499
0.1447975785
0.6653958559
0.0738448352
0.1713076830
0.3111774325
0.1811473966
0.2701285183
0.3082184494
0.1928674877
0.0869806036
0.2413375229
0.1861282736
0.2702705860
0.5805616975
0.0985089093
0.2256364524
0.1257185638
0.1925927699
0.1856896281
0.1074915081
0.2006693631
0.2128996849
0.0556415878
0.2485195547
0.1270930767
0.2072882205
0.2942847311
0.2689656615
0.1930980533
0.1260256916
0.2746037543
0.0753301904
0.2176849544
0.1161289588
0.2143237293
0.1820815653
0.1465958506
0.2887334526
0.2619509101
0.2222654819
0.5506451726
0.1645122319
0.2410949320
0.2001966238
0.2851358652
0.4960505068
0.1942300051
0.1968415231
0.0883130729
0.2846119702
0.0706853271
0.2645955682
0.0936664790
0.2132630795
0.0793745667
0.2706456780
0.1205920354
0.2799730301
0.3138318062
0.1551005095
0.0927795321
0.1076133624
0.2798038423
0.1950287521
0.1095412448
0.0910850242
0.2227732241
0.1837847829
0.2895694673
0.3817132413
0.2452956289
0.1943415701
0.3197428584
0.1084535047
0.2304909825
0.3065812886
0.1346079409
0.1649105400
0.1934859455
0.2543039620
0.1816407442
0.1500591040
0.1695126295
0.0848095790
0.1274286360
0.1832027286
0.2113603652
0.1537450850
0.2447162420
0.1639732271
0.2882966399
0.2758736610
0.1311627924
0.2736844420
0.1822684109
0.3671874404
0.0842591673
0.2482634783
0.3983930349
0.0914842561
0.0735765249
0.1141239777
0.1216461584
0.2097972631
0.1651493162
0.1601882279
0.4040300846
0.1534963101
0.1899757087
0.1494665146
0.2692896128
0.4619261026
0.1296107173
0.3053685129
0.4534649253
0.5760202408
0.2673074603
0.2909372151
0.1998695731
0.2513859272
0.0658977181
0.5598759055
0.2351885140
0.4273417890
0.2135254741
0.2643607855
0.2379830182
0.1984720230
0.2126041651
0.1551497281
0.1733790934
0.1596974730
0.2001758665
0.2522298694
0.2204029262
0.1774371862
0.1795892268
0.1876335740
0.2133754492
0.2787973583
0.2359350622
0.4243625998
0.4081205130
0.3097743690
0.4961827397
0.2221990079
0.2848187983
0.2026638836
0.0205192994
0.1674814522
0.3064843714
0.1338593513
0.2567254007
0.2563210428
0.2363147885
0.2053223997
0.1205782071
0.1040383205
0.1618317962
0.1173367798
0.2046343684
0.2892247736
0.2659876049
0.2149134874
0.2699006200
0.2110530734
0.2556663454
0.1918816715
0.0957923457
0.2834411263
0.1395614594
0.1680903137
0.3113841712
0.2442878932
0.2358018607
0.2639515400
0.5106716156
0.2802422047
0.1916843206
0.5101380348
0.3436713219
0.1542107910
0.5864481926
0.1679294854
0.1413749158
0.0815012902
0.0942375138
0.1817344874
0.2255814075
0.2766399384
0.2573882639
0.1890883148
0.2047756165
0.1019947529
0.4104794264
0.1763693094
0.1497968435
0.2644086778
0.2932149172
0.1475945264
0.2861141860
0.2638280690
0.3327807784
0.2633767426
0.1145229638
0.2519869804
0.2955666482
0.2349289805
0.2585932612
0.1663192958
0.1976141781
0.2178950757
0.3176999688
0.1870559156
0.1245990619
0.5063703656
0.1325305253
0.2378942370
0.4973655045
0.3394882679
0.1406350881
0.1927627474
0.2548179328
0.3088537455
0.2404422015
0.2103653103
0.1395353973
0.1331065297
0.2163139284
0.3883189559
0.1836775541
0.1592140198
0.4810874164
0.5333243608
0.1433641613
0.3476874232
0.2781818509
0.4878090918
0.3674886525
0.2426283807
0.1418457776
0.6532527804
0.1657959670
0.3349215090
0.1932067871
0.1045193449
0.0778800994
0.1781112105
0.3008387387
0.3855425715
0.2997620106
0.2299262136
0.2945207059
0.3130411804
0.0767582953
0.1820282787
0.3267988265
0.2043740451
0.4422534108
0.2041735947
0.3393562734
0.2644218206
0.0887205154
0.2420943081
0.1591900587
0.2147927433
0.1491877735
0.2650379241
0.2593725026
0.2169535756
0.1364029348
0.1336782724
0.1226372346
0.4459868670
0.1105424017
0.1848468333
0.2564448714
0.0930012390
0.2843581438
0.0752309710
0.2902091444
0.1818462908
0.0799107477
0.0526062213
0.0943735614
0.2579759061
0.2430728078
0.1712164134
0.1311762631
0.2086232156
0.3108991981
0.5227681398
0.2149201035
0.3445595801
0.2640437782
0.2604556382
0.2449168861
0.3426458240
0.0981688574
0.2116028666
0.0889341757
0.4619323313
0.2630665898
0.2455282360
0.1878782809
0.2893348932
0.2382858992
0.1984360963
0.0680121034
0.3406147063
0.2883363366
0.1444101036
0.3309774101
0.5545768142
0.2404870242
0.2706975937
0.1527347565
0.1989609897
0.2708489001
0.2274091989
0.2454082072
0.1333384812
0.2163318396
0.1380434036
0.2215448469
0.2909215987
0.1919055879
0.2970683873
0.2390548736
0.2167142779
0.2514623106
0.0363252833
0.2517386973
0.2291811705
0.4877039492
0.2811140716
0.2446506917
0.2975898385
0.2637884617
0.2110035717
0.5040333867
0.2121808082
0.2594670653
0.3464617133
0.2632308304
0.2178050131
0.1789268851
0.2061048001
0.0634879172
0.2423529625
0.1736157984
0.2514580786
0.2795221806
0.2625579536
0.2356726974
0.1853724569
0.1958176643
0.2415039837
0.1915202141
0.1437813938
0.1403337568
0.2871036232
0.1311845928
0.2209279686
0.2615244985
0.3134845793
0.1472815275
0.2470782697
0.4825028777
0.3267598748
0.1501456499
0.1879069805
0.4015492499
0.2549786568
0.1805716604
0.3592191339
0.1337012947
0.2839104533
0.2470790893
0.2855559289
0.2597926557
0.0719758645
0.2370489836
0.2531912327
0.1257032305
0.1267290264
0.1538731456
0.1252365559
0.0687575042
0.1802392304
0.2089296281
0.2410635650
0.1196116880
0.1261748672
0.1733314991
0.2926875651
0.1905501783
0.2863752246
0.0562172718
0.2645371854
0.2057496309
0.3007849753
0.1255247444
0.3154187500
0.0495107472
0.3878555894
0.2724575698
0.2105146796
0.1902518719
0.1699905992
0.2327617854
0.1283647865
0.1953160018
0.5227900743
0.1861588210
0.1727684736
0.2155820876
0.2891815603
0.2542804778
0.1948862672
0.3903872669
0.1681359261
0.1646118313
0.4552673995
0.3917081356
0.2297411412
0.2705725431
0.0993556753
0.3042091727
0.1728694737
0.4000311792
0.1466533095
0.2770854831
0.1901425123
0.2739849091
0.2207941711
0.3599171340
0.3521829545
0.4149141908
0.1406691521
0.0789781883
0.0905170664
0.1576533765
0.1638078988
0.1010124311
0.1832439899
0.2089550644
0.5560672879
0.0496476069
0.1205534935
0.1751267612
0.1620382816
0.2621989548
0.0970255211
0.1737536192
0.4816454053
0.2832198441
0.2376527041
0.7914077640
0.1252280325
0.2731300294
0.2400473058
0.2232796401
0.3192679584
0.1134906635
0.5187400579
0.1669426709
0.2980349660
0.2030859292
0.3089022934
0.1580462158
0.3027183414
0.2460705787
0.1248218566
0.1430671215
0.1995214075
0.1930578649
0.2754384279
0.3040653765
0.0568741001
0.2731588185
0.3282258213
0.1242436618
0.5420652628
0.2145695090
0.1163551658
0.1015271395
0.1348492503
0.1381655931
0.1483271867
0.1551397145
0.3367018700
0.2457662672
0.5319255590
0.2529003918
0.1163883656
0.2695943117
0.2164893895
0.2453940213
0.3702471554
0.2515297830
0.1667079628
0.2176379114
0.1519079804
0.0954909772
0.1604557931
0.1877282113
0.2778331637
0.0864738822
0.1093802080
0.2003774941
0.4062485099
0.1714742482
0.1985939592
0.1080684140
0.2639966607
0.4525674880
0.1830972135
0.2817749679
0.2300225049
0.3019777834
0.3264642656
0.1593095362
0.2135259807
0.2352177352
0.2044304460
0.0865335837
0.2315401882
0.7184376717
0.1733444035
0.1301505417
0.2543309629
0.5753403902
0.0961674601
0.2526584268
0.2716877162
0.2585547566
0.3010321259
0.2797741592
0.2210243940
0.4339101911
0.2504259646
0.2187989801
0.2822427154
0.5305963755
0.0823595226
0.2318208665
0.4645780027
0.2454676479
0.1054575592
0.1363707334
0.3915995657
0.2189212888
0.1312637776
0.4963161349
0.1895927340
0.1789937913
0.2563064694
0.1141951233
0.2311462164
0.1742952615
0.2005212903
0.2593071461
0.1435797662
0.1949872375
0.4855051041
0.5590757132
0.2133625597
0.3057178259
0.0562202856
0.1114815027
0.2252956629
0.2439051121
0.2836587429
0.2858183682
0.1957660764
0.4822566807
0.1098059490
0.5336426497
0.2987771928
0.2603141367
0.1777740121
0.2428778261
0.1308170706
0.1119474769
0.2534339130
0.0941598490
0.1149259359
0.1711134464
0.1365362257
0.2075646222
0.1211679205
0.2181092352
0.2405514121
0.0909533203
0.3569765091
0.0961528271
0.4613385201
0.3140824437
0.2906629741
0.1486169994
0.3239533305
0.5711080432
0.1657616496
0.0971749425
0.2715533972
0.1933252215
0.0760583654
0.1049999222
0.2848680317
0.1849480718
0.1632104665
0.1593570113
0.2178894430
0.4121326506
0.4731381834
0.2919356823
0.2207948416
0.2280375063
0.2169836164
0.2694438100
0.2078163922
0.1126889661
0.1956684440
0.2432710230
0.5288968682
0.3680423200
0.1400892735
0.2790246308
0.1306597739
0.2716639340
0.0840522423
0.2898267806
0.5118101239
0.1998080015
0.1547736675
0.1819030195
0.2921783626
0.0762665123
0.2114579678
0.1892041266
0.2563240826
0.1252366602
0.2688851357
0.3987288475
0.2786916792
0.1302994639
0.2060751021
0.1635379195
0.1472282708
1.2349549532
0.2572095990
0.2432682663
0.1546743512
0.1798556894
0.2122651041
0.2528394461
0.2052169740
0.0898969546
0.1367257833
0.2279279381
0.2839738131
0.1672963351
0.3030852079
0.2159257531
0.2487711459
0.2648040652
0.2350233942
0.4609596729
0.3022564948
0.1612840295
0.1954128593
0.2849740982
0.1653644443
0.3143687248
0.1109525785
