0.0119149666
0.0465356149
0.1070705354
0.1926938146
0.2148961276
0.3173505664
0.1209033653
0.1800583452
0.1483559310
0.0411851704
0.1245399788
0.1916112304
0.0407429561
0.0898963735
0.1774200946
0.3046531975
0.1576281637
0.2979514599
0.0662860125
0.1120265350
0.3446968794
0.2028794736
0.1852090657
0.1476240158
0.1230666935
0.1948544830
0.2584331036
0.0848501101
0.2381390631
0.0924863443
0.2452333122
0.1402047724
0.0884531811
0.1488012522
0.0401106365
0.1446073800
0.0838951394
0.2391670644
0.2838706374
0.0549156442
0.1526831388
0.2052300423
0.2119785100
0.1725880653
0.0753989816
0.0655002743
0.1401826143
0.5459229350
0.0475210585
0.2108701915
0.1392906010
0.1973565370
0.0997648388
0.1723514497
0.2573541999
0.1254622936
0.1798369139
0.1877033561
0.1376324743
0.1729011983
0.2073939443
0.1593532264
0.1408531368
0.1345009804
0.1643784493
0.0582977310
0.1743713021
0.0063171713
0.2599186897
0.2180051655
0.1330084503
0.1298020631
0.1449724883
0.1607420743
0.1881189495
0.1992662698
0.2401243448
0.0593517721
0.1535118371
0.1076588780
0.0095280716
0.1401778609
0.1690159440
0.1215351522
0.1473180205
0.1005944237
0.1180421263
0.1172251776
0.1523356289
0.1526319087
0.1822326481
0.0912780762
0.2920909524
0.1686759740
0.1536125541
0.1585969925
0.1088302284
0.1269650906
0.1245195046
0.1410957128
0.1770662367
0.0733491555
0.1342933029
0.2460114211
0.1667167097
0.1593930721
0.1825952977
0.1969210058
0.2071020156
0.1204536036
0.1210359558
0.1610370427
0.1551523507
0.1056382209
0.2890285552
0.1870122701
0.1370427459
0.1861958802
0.1611626744
0.1448699981
0.1653710902
0.1181491911
0.2128150761
0.0346836634
0.0083400486
0.2515845597
0.1357464045
0.2072052211
0.0852295533
0.1156348512
0.1566302925
0.1981660575
0.1396188885
0.0754844844
0.1223780811
0.1948687583
0.1367716789
0.1549465656
0.1960214376
0.2500936091
0.1290319264
0.0633364394
0.1265816987
0.1396101713
0.1459363997
0.0099540642
0.1322578788
0.0982351378
0.2806164920
0.4253219068
0.1828615665
0.2507748902
0.1520469189
0.0442020074
0.1386814117
0.0014488564
0.0012197482
0.0076309782
0.0846533105
0.0356318317
0.1510904133
0.2589376569
0.1696585268
0.1335045695
0.1076204330
0.1734684110
0.2804612219
0.1453543305
0.1040555090
0.1327917278
0.2319534272
0.1310076118
0.1365707517
0.1481051147
0.2547822595
0.2182584554
0.2132090330
0.1141550168
0.2318917066
0.1447569877
0.0506090410
0.2295490205
0.0810983628
0.1934618503
0.1587395519
0.1275591701
0.2433068603
0.1378558129
0.2033309340
0.1244324595
0.2782769203
0.1435762644
0.2749911547
0.1291806549
0.0267723985
0.2041044682
0.1271209568
0.6537932158
0.1650115401
0.3397146165
0.2545266151
0.1868896782
0.0149122225
0.1889573038
0.1697772890
0.2286037356
0.2136557102
0.1643825769
0.1716435850
0.1253874600
0.1619287878
0.0940645933
0.2122365832
0.2295617014
0.0138109671
0.1813031137
0.2177149206
0.0135828508
0.1530741602
0.1419493854
0.1740817875
0.1216162443
0.3692554832
0.1590659171
0.0596527942
0.1217713133
0.1304724962
0.0910369307
0.1206240281
0.1871426255
0.1476929486
0.1742454022
0.1525550783
0.0741432235
0.0552755482
0.1631470174
0.0313534550
0.1744070649
0.1514514685
0.1674362272
0.1552697569
0.2628449500
0.2143760026
0.1900168806
0.1172556803
0.2558906078
0.1578854769
0.1234255433
0.0025845291
0.1864472032
0.1696709543
0.2350225449
0.1411832422
0.1605359167
0.2168912590
0.1434050053
0.2747885883
0.1584308147
0.1380018890
0.1668716073
0.1332182437
0.1322265863
0.1565069109
0.1379355639
0.1256711185
0.0039004651
0.0240184683
0.0754257217
0.1293419152
0.2307564318
0.1805551052
0.1694492549
0.0388123989
0.1939237118
0.2384546399
0.1079500765
0.1287694573
0.1415630430
0.4694406390
0.1734200865
0.0403053910
0.1973570436
0.2195653617
0.1236385778
0.1164378151
0.3350309432
0.0918641463
0.1701974422
0.1542124748
0.1860552281
0.0360294133
0.2215215117
0.1537463516
0.0280047730
0.1622283608
0.0948592797
0.1295259744
0.1892971247
0.0021296081
0.3101760447
0.1973297745
0.0594863556
0.0933905393
0.1362167597
0.1577376425
0.1951983124
0.1347595751
0.0908745229
0.1177351102
0.3268493712
0.0336815156
0.0347328112
0.0349219628
0.1842168868
0.1813972145
0.1941781193
0.1626163870
0.1586803198
0.1398564428
0.3115890324
0.4130330682
0.1768828332
0.1465512812
0.2584846914
0.1847653538
0.0802509487
0.1552722156
0.0311591681
0.0523304231
0.0500788912
0.1251613498
0.1438141018
0.2077113390
0.1240056232
0.0229691248
0.3019116819
0.1921451688
0.1106488258
0.1980986297
0.1941888332
0.1615099162
0.0368844829
0.0593005195
0.1429082006
0.2060574144
0.0370329395
0.1491715163
0.1873340160
0.1653305441
0.0889952779
0.2018948197
0.0854113922
0.1403830498
0.1472734511
0.0270724837
0.1433228254
0.1477524340
0.2124514431
0.1363915950
0.0753556713
0.0799079537
0.2379349917
0.2123770565
0.1991959661
0.1516393423
0.1385191977
0.1583260447
0.1025698259
0.1784110665
0.1359142810
0.0763238743
0.0685319826
0.2182307988
0.1876226515
0.1569973081
0.2922312915
0.1274462193
0.1755693853
0.1138387471
0.1206289828
0.0154880378
0.1964697242
0.2875224948
0.1511029005
0.1538479179
0.1891896576
0.0799672231
0.1340412945
0.1403032839
0.2561176121
0.2183383852
0.0893430337
0.1404638588
0.1183035970
0.0982297286
0.0112223299
0.1603531092
0.1441317499
0.2773467004
0.1648554504
0.1423050463
1.1440190077
0.1480031461
0.1801795959
0.1718979180
0.0230600759
0.0877998993
0.1707211435
0.1011219546
0.1472673863
0.2143204510
0.2304633409
0.1907800138
0.1406035572
0.1630003303
0.0181360375
0.1526191980
0.1486867964
0.1081212312
0.1882166564
0.1548525244
0.1734300256
0.2486816496
0.1039644554
0.1436420381
0.0016917455
0.1863775998
0.1093034372
0.1554836333
0.2323149294
0.1198997945
0.1460344344
0.2182311863
0.2823810577
0.0203484949
0.1561786979
0.1711662859
0.0568573922
0.2305842042
0.1200176552
0.1505575478
0.1596035957
0.1798727810
0.1902619302
0.2032221854
0.1575030982
0.1335417181
0.2996994555
0.1083859876
0.0348308682
0.1453784406
0.0853437185
0.0163797773
0.1073027551
0.0303568672
0.1502206922
0.1155369505
0.0113711823
0.0484039225
0.1414163858
0.1801754534
0.1557319164
0.2131487578
0.1356405765
0.1428992003
0.1670133621
0.2064713985
0.2148680687
0.0970845371
0.1392285079
0.1288737208
0.2224628180
0.1628377885
0.5924360752
0.1410468221
0.1149041206
0.1555079520
0.0090747373
0.2261600196
0.1565027386
0.1811340302
0.0324083380
0.1300015450
0.1561589092
0.1318926960
0.1150251552
0.1429936588
0.1402242184
0.1673548967
0.3201522231
0.2241332680
0.1745695621
0.1591158211
0.1559798717
0.1625256389
0.1626227647
0.2245098352
0.0838089213
0.1381180137
0.1688667089
0.3332564533
0.0753692463
0.1401147246
0.1897291392
0.1448957473
0.0926527753
0.1325480044
0.1942844242
0.0441147424
0.1518662274
0.0612511598
0.1494728774
0.2480082214
0.1679573208
0.1756817549
0.2353624701
0.2326673567
0.1392660141
0.2116745561
0.1406020969
0.1691017896
0.1476131380
0.2023055851
0.0548526682
0.0014545518
0.1418174803
0.0919639245
0.0256650001
0.1752871424
0.2049036473
0.2328765094
0.0919898301
0.1096560434
0.5774816871
0.1741206348
0.0701755285
0.4922291338
0.1749139577
0.2399365455
0.1262935102
0.1623640954
0.2148380429
0.1570927948
0.1463603824
0.0680920705
0.0601695664
0.1652117372
0.1271945089
0.1565961242
0.1527395099
0.1757154465
0.1400152445
0.2033183128
0.5459311008
0.1498934329
0.1622806937
0.1900451779
0.0854226351
0.1605090946
0.1400349140
0.0907039121
0.1147374362
0.1942014247
0.0468182638
0.1244790405
0.1579629481
0.1434789449
0.0335739069
0.2008095384
0.0556971170
0.1989494711
0.0792499408
0.1495252550
0.1973631978
0.1865446568
0.1490323842
0.0007128307
0.1420623809
0.0845945403
0.2294839770
0.2202349007
0.1558960527
0.2318518609
0.0075247213
0.2210563570
0.1395239979
0.1823079139
0.1769769937
0.2346488833
0.1590300053
0.0737411827
0.1352048814
0.0699229613
0.1981168687
0.2320518643
0.2235404551
0.1678154320
0.1337607950
0.1530671865
0.1855137050
0.2762402892
0.0389158465
0.1732749492
0.1569990367
0.2059369534
0.3402962089
0.1857715398
0.2323199958
0.1424627900
0.1640744358
0.0176646411
0.2240062207
0.2842178941
0.1465473324
0.1884952337
0.1403261423
0.2850896120
0.1289224029
0.2214651853
0.0302251466
0.1268715113
0.0966200382
0.0009382311
0.0602389276
0.1538366079
0.2102219164
0.1456741691
0.1011715829
0.1968216449
0.3061045408
0.1254750490
0.1073557809
0.1600131541
0.1686193496
0.1667465270
0.2178359628
0.0149228722
0.1444288790
0.1604298651
0.1545541883
0.0442606360
0.2013403326
0.1957587004
0.1448959112
0.1285625100
0.1492818743
0.1166594923
0.1328272074
0.1364312619
0.1482834220
0.1294962615
0.1937178820
0.1655381769
0.1440232992
0.0107168639
0.1836491525
0.1122483686
0.0767260566
0.2274680734
0.0808686242
0.2937338352
0.1772441864
0.0698186457
0.1254162043
0.1850773841
0.0496759377
0.1801766753
0.1302814782
0.3201226592
0.3007702827
0.1359051168
0.1326864511
0.1062584147
0.2170363963
0.1351374686
0.1648283899
0.1894794405
0.1661873609
0.1971829832
0.0085544270
0.1878560632
0.0049573500
0.1800237298
0.0920892581
0.1338466257
0.1475958526
0.1511341333
0.0994196534
0.1415804923
0.2561605871
0.0457079262
0.0421420187
0.2978703380
0.2528438270
0.1016659513
0.1927492917
0.1983623207
0.1676880121
0.1587634087
0.1377657354
0.1773596555
0.0543546602
0.2689597309
0.1575990766
0.1507094502
0.1749229580
0.1259664148
0.0466377996
0.3453331888
0.0767318383
0.2973203659
0.1510490775
0.1565954685
0.1851767749
0.1395899355
0.1181270257
0.2067006528
0.1979610622
0.0009947957
0.0427131057
0.1295228302
0.1912925392
0.1299034655
0.0391659960
0.1971269697
0.1377925426
0.1255834252
0.1280563474
0.1319109797
0.1893633306
0.1377454996
0.0889072269
0.0641634762
0.2077117413
0.0448836125
0.2531945407
0.0897358581
0.1954302341
0.1882272959
0.0925670788
0.1951313615
0.1869674921
0.1685253382
0.1477159560
0.2187826186
0.0196635909
0.1937487572
0.0878582001
0.1645315886
0.3523776233
0.2102341354
0.0184586160
0.2483566850
0.1408922523
0.1530229449
0.1084052399
0.1430481076
0.1145987958
0.1152710617
0.2977957129
0.1787563413
0.1121434942
0.1989703327
0.6085007191
0.0267960168
0.1528591365
0.1794027239
0.2662894726
