0.4537201524
0.3415796757
0.3747681677
0.3622807264
0.2240643054
0.2616630793
0.2128411978
0.3051249981
0.1377016157
0.4013575613
0.4190679193
0.3603317142
0.2077810019
0.2707644403
0.3802413344
0.2716812789
0.2351195514
0.1690915078
0.2940135300
0.3118197322
0.3016025722
0.2381215990
0.2985464036
0.2093390077
0.1964639574
0.2730056047
0.2474107146
0.3510872722
0.2262510806
0.1992108375
0.3095954657
0.2117432803
0.2613921762
0.2546121478
0.4741762578
0.3409185410
0.2449029982
0.3455650508
0.2869467139
0.1600626260
0.2605982423
0.3303304315
0.2928365767
0.1995834261
0.2175330669
0.3443214297
0.2943590581
0.1682770997
0.2787765861
0.2430036366
0.2638512552
0.3554648161
0.2910564840
0.2864766717
0.2269312143
0.6406473517
0.2761893570
0.2046559155
0.3403762579
0.2931874096
0.2314548790
0.4250629842
0.2313183099
0.2895865142
0.2500350475
0.2272829413
0.3033776581
0.2394659817
0.1914626360
0.2787346542
0.4440984428
0.2561185360
0.2490718961
0.2110470831
0.2507624030
0.1942805797
0.2294104844
0.2011640817
0.5619657636
0.3309462667
0.3009963036
0.2386910915
0.3293973505
0.3147296011
0.3263883889
0.2577120960
0.2617138922
0.6214541793
0.9107538462
0.2035026848
0.2207492888
0.3294839859
0.2825588286
0.1432116926
0.2132265419
0.2556303442
0.2811984420
0.5977504849
0.2772563398
0.4511106610
0.3229241073
0.3499806821
0.2868500352
0.2386272997
0.2254784107
0.1638723761
0.2945178747
0.2366997749
0.3387480974
0.1552291960
0.2021535039
0.3316106200
0.3108177483
0.3618078530
0.2961658239
0.3270477057
0.2059193999
0.3053694665
0.2225914150
0.4641945660
0.1959646195
0.2264873534
0.2334243953
0.2401228994
0.1724612713
0.2854407430
0.4731641710
0.2267662734
0.2100150734
0.2230628431
0.4371845722
0.2702100277
0.2947235405
0.4143508673
0.2054489702
0.2827595174
0.3303961456
0.2627702355
0.2360683531
0.2190725356
0.3314872384
0.2533178926
0.3298524022
0.2373919487
0.2342112362
0.2062936872
0.3755928576
0.2710045278
0.3886244893
0.2370354980
0.2306999117
0.2178705484
0.3792282045
0.3661426008
0.2362494618
0.2569510639
0.3121357858
0.3604923487
0.2937877774
0.2254143059
0.2847541273
0.3486027420
0.3163403869
0.3986132443
0.3056567013
0.2389501333
0.3056489229
0.2076793164
0.2377869040
0.2315827459
0.2733853459
0.3992508948
0.3895269930
0.3375416994
0.3080113530
0.3178722560
0.2481112480
0.2353391647
0.3471163809
0.2635545135
0.2992488146
0.2057373971
0.3846510947
0.2310484201
0.2419523299
0.2653010190
0.6864939928
0.3854639828
0.1919365227
0.1747068614
0.2593048215
0.2622510791
0.3729976416
0.2897366583
0.3164683282
0.2186464071
0.1684032381
0.1855168492
0.2837350368
0.9406220913
0.3038033247
0.3081719279
0.3481738269
0.3345109224
0.2408530116
0.2610898614
0.3215090036
0.1915731579
0.3528777063
0.3706576228
0.4148610532
0.3801188767
0.2664975226
0.3556781411
0.3335350454
0.2316468805
0.2759524584
0.3311724961
0.1272812635
0.2654981911
0.1631911695
0.2595329285
0.2085597068
0.2713147700
0.2449788898
0.4777499735
0.1399310082
0.2550136149
0.1806351840
0.2595868409
0.1896740943
0.3437744081
0.5236912966
0.4084697664
0.3205117583
0.1854243129
0.2887559831
0.5412231684
0.1817686558
0.2095960975
0.2897087634
0.2790013254
0.3924829960
0.3489965200
0.2112369388
0.3779937923
0.2313732505
0.3398092985
0.3011842668
0.2989336848
0.2797408700
0.3438102305
0.2782050967
0.5389031172
0.3257879317
0.2772583365
0.1443885714
0.3185627460
0.2081684917
0.3370584846
0.2750353813
0.3443111777
0.2415292114
0.2743653655
0.2697467208
0.2311712205
0.3821378350
0.2853089273
0.2802358866
0.2386323065
0.4305607677
0.4209290743
0.3051142693
0.5872023702
0.2828858495
0.6696158051
0.3514891267
0.5130660534
0.1811654270
0.3839733005
0.3174690604
0.3010555506
0.2145127207
0.4081057906
0.6241159439
0.2690899670
0.2668600976
0.2274652869
0.2039936334
0.2856116593
0.2525748312
0.2236973196
0.2700966597
0.3273898363
0.3456650376
0.2350259721
0.2885262668
0.2984791696
0.3023278117
0.2713976800
0.3873379529
0.2494258285
0.3586717844
0.2416619211
0.2815454006
0.2954108417
0.4244726002
0.2442018092
0.1898076683
0.3162284493
0.3433085084
0.2229367644
0.2992754281
0.3036581874
0.2747779191
0.2743899524
0.2083896697
0.2638613284
0.3214564621
0.3508697450
0.1591877490
0.6571038365
0.2630627155
0.3460739553
0.3013975322
0.2055522501
0.2991156578
0.1341467500
0.2909128070
0.3481968939
0.2372223735
0.6177694798
0.2894195318
0.2237140834
0.2060160190
0.1907289177
0.4923549294
0.4122169912
0.1891230345
0.2782703340
0.2256045491
0.4543059468
0.2851846516
0.3427875340
0.2051278800
0.4933098555
0.3330550492
0.1822756678
0.5283176899
0.2389362752
0.2814103067
0.2695754170
0.2141761333
0.6586998105
0.2737710774
0.1704103351
0.3309626579
0.2910767794
0.3731955588
0.2718376219
0.2538719773
0.3141939342
0.3233414590
0.1235795170
0.3533460498
0.2562757432
0.2466455698
0.3854231834
0.4084674418
0.2127523869
0.3882013261
0.2936579585
0.5070293546
0.2671798170
0.2629362941
0.2602236271
0.1799442917
0.2104036808
0.2259790897
0.1553090066
0.2252168059
0.3454295695
0.3916434944
0.1987353712
0.2410593927
0.1386475414
0.2337934077
0.2643274367
0.3233707845
0.2606009841
0.2675643265
0.5214113593
0.3129110336
0.2682942450
0.2811996341
0.2237217873
0.3250192702
0.4642033875
0.2594376504
0.2860033810
0.2497176975
0.2841920257
0.3057213724
0.6292520761
0.2161950618
0.1632121056
0.3301995695
0.1873704642
0.2355163991
0.2255240530
0.3711786270
0.2340675145
0.3944976330
0.7246366739
0.1689753383
0.2527007759
0.2687380314
0.3063758016
0.1811935753
0.1880116612
0.2672171593
0.2158761472
0.2406172901
0.2186564356
0.2566352487
0.2837811708
0.3395963311
0.3469886780
0.4028542042
0.2223306894
0.3694430888
0.3143675625
0.3389442563
0.3223593533
0.3775140643
0.2207290083
0.2964374423
0.3831731677
0.3483898044
0.2980970740
0.2070395201
0.2935107052
0.2641453445
0.2939002514
0.2334935218
0.3323826492
0.1273062080
0.5215739608
0.2808472216
0.1602980047
0.2479559481
0.1765297800
0.2082585841
0.2391904294
0.2692822218
0.5760477781
0.2820096910
0.5929725170
0.2413116246
0.2635324895
0.2804342806
0.2532012761
0.2647043765
0.3372842073
0.1687173992
0.2234785557
0.4240135550
0.6275703907
0.2587800324
0.4474607706
0.2303833961
0.5833205581
0.2853703499
0.1907445341
0.5391600132
0.2497247010
0.2307237983
0.2846884429
0.3721143603
0.1702174395
0.2837046981
0.2396029979
0.3349272609
0.2626987696
0.1966783404
0.2725374997
0.2312721014
0.3324768245
0.3437792659
0.2409920990
0.3349692225
0.2754436731
0.2957647741
0.3025686741
0.2864567041
0.2038534284
0.2622826993
0.1601382494
0.1735451967
0.2521283329
0.4082588851
0.3030634820
0.2842968106
0.3997488022
0.3278138936
0.2197600305
0.4255538285
0.3365916312
0.2829177976
0.5100860000
0.2780954242
0.6320391297
0.2273577303
0.3612844348
0.1907508671
0.3047896028
0.3015749156
0.2300429195
0.1933597177
0.2081745416
0.1883304119
0.1804789603
0.1680365354
0.4125773311
0.2613582313
0.1956586689
0.4264799058
0.2715626657
0.2885703743
0.3290600479
0.4109008908
0.2435209453
0.3725691438
0.2175557613
0.2770040035
0.1643233448
0.3113066852
0.3152989149
0.2822086811
0.2466542572
0.1664216667
0.2076706290
0.4370231926
0.2851851285
0.2537650168
0.3604422510
0.4806480706
0.2517206073
0.3125593960
0.1919408590
0.2627575397
0.4278553724
0.2646459937
0.2846580446
0.2699884772
0.4357389808
0.1887521893
0.1738668233
0.3954411149
0.2186215222
0.3588201404
0.3308359087
0.4156041443
0.2652658522
0.3280066252
0.1843764931
0.3955233395
0.5697009563
0.2628150284
0.4257991910
0.2277925014
0.3324026167
0.2690216899
0.1616066247
0.1998079270
0.3694770038
0.2409754395
0.2843053043
0.3263847828
0.3225690424
0.3586429060
0.2547069788
0.2422162592
0.1801536381
0.2501809895
0.3494077623
0.2025875747
0.3002730310
0.2516190708
0.2337007821
0.2301483601
0.2236639708
0.3381942213
0.2259937674
0.2446024567
0.2773806453
0.3406887054
0.3266346455
0.3279970586
0.2836217880
0.1937027574
0.2008347958
0.2248919308
0.2943997085
0.3104093671
0.2859427035
0.2641995251
0.2296025157
0.4192176461
0.5686711669
0.3526485860
0.2881022394
0.2820846438
0.3082329333
0.2566005290
0.1424275786
0.2472030371
0.2767192423
0.3665956855
0.3424709439
0.3535422981
0.3883119226
0.2604794800
0.2657952905
0.2529689372
0.2281009257
0.3732822239
0.2927503884
0.2030605525
0.2766834497
0.2701110542
0.3147034347
0.2430173159
0.2688583136
0.1758805662
0.2682657838
0.1688319147
0.1849216074
0.2763694227
0.3228683174
0.2358252704
0.2806977034
0.7305712104
0.2677091658
0.2505563796
0.2897985876
0.2773543298
0.3235859871
0.2297052741
0.1684193313
0.2886981368
0.1356895566
0.4154784083
0.3387973905
0.2222739607
0.2996020019
0.2774957716
0.3253587186
0.2245832384
0.2098209262
0.2141083777
0.3321622014
0.4348767102
0.3693789840
0.3165867031
0.2319305688
0.3566656113
0.8748447299
0.1953547150
0.7900233865
0.3675056696
0.2193465680
0.2053198665
0.4175631702
0.3353051245
0.3120385408
0.1328779012
0.2484692037
0.3929868639
0.3574303091
0.2665758729
0.4407386780
0.2802876234
0.3779997230
0.3311199546
0.2285568267
0.2761099935
0.3108532727
0.5715465546
0.1790666431
0.3106156886
0.2467661947
0.3640995324
0.2263593525
0.2952480614
0.2676252723
0.2927485704
0.2387268096
0.1637106240
0.2561729550
0.1769985855
0.2330517471
0.4502662718
0.2633165419
0.3891888559
0.2006319165
0.3760152161
0.2284355015
0.1725616306
0.1905318201
0.2139549553
0.2204459608
0.7389606237
0.5034974217
0.2677944303
0.2553040981
0.2601058483
0.3475337327
0.1295124143
0.4694047570
0.2206145674
0.3198110163
0.4979421198
0.2192503065
0.3864581287
0.2829757035
0.3504685163
0.3134814799
0.4257440865
0.4398691952
0.3667814434
0.2716460228
0.1765978187
0.4099551141
0.2735500932
0.1840382367
0.2898066044
0.3844821155
0.1946568191
0.4034267962
0.3175436258
0.3556551933
0.1868880987
0.2234061211
0.2432901561
0.1451542377
0.3965593278
0.3323783875
0.1902621239
0.2334448397
0.2929255366
0.2055756301
0.3285976052
0.2613238990
0.2501280308
0.6689758301
0.2845847905
0.2633849382
0.3312907517
0.3876132369
0.5913925171
0.4329950809
1.0844308138
0.1878446788
0.2798555493
0.3420141637
0.3189731240
0.3009711504
