0.1406397671
0.1852875054
0.3196175694
0.3155969083
0.1896868646
0.2466845959
0.0451858230
0.2207914144
0.6342766285
0.1968416572
1.4654608965
0.2610476613
0.2791953087
0.3208959699
0.3829226494
0.9192087650
0.1810083687
0.1918826997
0.1599658579
0.3351833224
1.7975357771
0.1740573943
0.7461832166
0.2173864245
0.1723082960
0.2504191995
0.1717057824
0.2148933709
0.2468593866
0.5081989765
0.2706349790
0.1697824448
0.1590504199
0.1767186373
0.5475062132
0.1723148525
0.1671536714
0.1672393084
0.1493502855
0.2136554420
0.1284603626
0.3071454763
0.1459117085
0.4040959477
0.1723141521
0.3781339228
0.2181229144
0.1596452594
0.2115395218
0.2315617353
0.1890516430
0.1967242509
0.1508279741
0.1503581256
0.2105221152
0.0137341740
0.2585612535
0.2492495179
0.2215123475
0.4533566236
0.1920594275
0.1825941801
0.1809605807
0.3489261568
0.2118967474
0.7551009059
0.4304497838
0.2062736899
0.1841690838
0.1602574438
0.1687703282
0.2179205716
0.3325377405
0.2623098493
0.2192491293
0.2696523964
0.2287115306
0.4543484449
0.1774798483
0.2764173746
0.2106353939
0.1058768034
0.3024283350
0.1469649971
0.2116686553
0.0263886936
0.1564284116
0.1864579469
0.1878752261
0.1393289864
0.1787144244
0.5666729212
0.3997484148
0.2001536191
0.1911206841
0.1609392613
0.2077296674
0.4403987229
0.2123694718
0.2006022781
0.0899750441
0.3214289546
0.2351471931
0.6781968474
0.2961102724
0.1471257359
0.2090996802
0.1944010556
0.1594738960
0.1728665233
0.1872318834
0.1576592624
0.3611622155
0.1481089294
0.1419024616
0.2535264194
0.2027275860
0.2019917220
0.2083753496
0.3760688305
0.4346108139
0.3558793962
0.1959353983
0.1541323662
0.1945463419
0.4090186656
0.1349323392
0.1133960485
0.1706338972
0.2237910181
0.1816259921
0.1858596355
0.2315199524
0.1638797969
0.5973010063
0.0605544113
0.1182295531
0.3397867084
0.1596703827
0.1444719583
0.2230533212
0.1798491180
0.7923130393
0.4156439602
0.1681395471
0.1527022868
0.1702188253
0.1523927003
0.1873225570
0.1881769001
0.4748381376
0.6412184238
0.2139765322
0.3034811616
0.1600663215
0.1320896000
0.4079186022
0.4423130751
0.1356477886
0.2572343647
0.5466306210
0.2408556789
0.4542315602
0.1655787528
1.3665698767
0.2159206122
0.3423426449
0.2459519506
0.2087701857
0.2209950835
0.1398831159
0.1832470745
0.1745682210
0.3001387417
0.2780355513
0.2417192459
0.3871195018
0.1520999968
0.0293348040
0.3113355339
0.1152076796
0.4339724481
0.1933487654
0.2239899635
0.4230915010
0.1307976544
0.1790571213
0.1429239511
0.2705043554
0.3547352850
0.0209375992
0.1793693751
0.1990633011
0.2599717677
0.1381896287
0.7652710676
0.2211727649
0.1512158960
0.2005171031
0.2076044381
0.3077600598
0.3237737119
0.2102732658
0.1491679251
0.2780709863
0.1361061037
0.2254136056
0.1639711261
0.1626216322
0.2324698567
0.1883326620
0.2623763084
0.1906962544
0.4915257990
0.4432496130
0.1952599138
0.1965870857
0.3861676753
0.2112497240
0.2460950911
0.2228292376
0.1737564355
0.2915981710
0.4520663321
0.1904672533
0.1638586521
0.1483706832
0.1537385434
0.2077250332
0.2396446615
0.3789556623
0.5769008398
0.1645694971
0.3743340373
0.3378956020
0.1750932187
0.2357359678
0.4434631765
0.0345042907
0.1439807862
0.0430513546
0.1077460125
0.1818074286
0.3586980402
0.1896590441
0.1844852269
0.1601103693
0.1115107387
0.1054285392
0.1701611578
0.1473583579
0.2091208100
0.6166869402
0.2904985845
0.4330223203
0.2066401839
0.3905176520
0.3658798039
0.3911820948
0.1543987840
0.2303078473
0.1809972227
0.1864376366
0.2220343500
0.2508101463
0.1741829216
0.2309810370
0.1215080917
0.0529610813
0.0415783525
0.2065467983
0.2489438802
0.0292843059
0.1739670038
0.1503787041
0.2189567834
0.1251119524
0.2259372026
0.1947141141
0.6099954247
0.2162287682
0.1566388309
0.3259694874
0.0404304564
0.1942386627
0.2618293762
0.6064656973
0.1264039874
0.2233155519
0.1162588000
0.1905702055
0.1816711575
0.2290082127
0.1564558446
0.2047102302
0.1840483546
0.1817547828
0.1246917918
0.2413793653
0.2781798840
0.1448991895
0.1944922656
0.1767138243
0.1942449510
0.1796605736
0.2052946538
0.5830373168
0.1565830708
0.4917168617
0.1563648283
0.2293240726
0.1809411496
0.1799918711
0.1899204105
0.1528448462
0.2094644159
0.1865302771
0.1688820422
0.2545713782
0.2095499188
0.3855222762
0.1507500857
0.3046200573
0.2101386338
0.3346164525
0.2257314473
0.1615999788
0.1778825223
0.2075666040
0.2283955365
0.1758448184
0.1143976077
0.2284471691
0.0456325226
0.2342259735
0.0610821471
0.3714148104
0.1991221607
0.1524467319
0.1619305313
0.0160836019
0.3226931691
0.3181953132
0.1746418923
0.1575302482
0.1741284430
0.0071870377
0.3813776076
0.0151667725
0.2555241287
0.4279637933
0.2720293999
0.1724461913
0.1372102350
0.2693113089
0.4627417922
0.0655335113
0.1702462584
0.4120583534
0.1591141075
0.1336993873
0.1663329005
0.1805946380
0.1757010669
0.2445389330
0.3417426944
0.2050037086
0.4519312084
0.5205036998
0.2095787078
0.2120715678
0.2028976977
0.3448005617
0.1519156694
0.2998460531
0.2462001145
0.1587676406
0.1286115497
0.2233701497
0.1644794792
0.2086495906
0.1668745577
0.2018423080
0.2013144046
0.1625504345
0.7758511305
0.1661044806
0.1537921727
0.1911422014
0.1864199042
0.1276752800
0.0843494236
0.3811649382
0.1921304017
0.2365223020
0.1659324318
0.8303955197
0.2839501202
0.2551583648
0.2343270183
0.3150631487
0.1553578228
0.2707746327
0.3996782005
0.1808958501
0.1891733259
0.1441997588
0.0719739273
0.4635874927
0.1322325766
0.0078545501
0.2177848816
0.1612484753
0.1632739604
0.1800391227
0.1759144962
0.4578619599
0.1775829792
0.1767808795
0.1630621254
0.1605390012
0.1885795295
0.2978994250
0.3289863467
0.1890418977
0.1308761090
0.2032795250
0.2473495156
0.1792579293
0.1627749503
0.1741940975
0.3386102915
0.2266483754
0.2191832960
0.0966366678
0.2203557044
0.1628073901
0.3093574345
0.3669466078
0.2126698345
0.1925384700
0.1742001176
0.1927335858
0.1872366369
0.1327243298
0.1492535621
0.1923795491
0.1881468147
0.4098371267
0.3310967386
0.1972281784
0.3740115166
0.2144392878
0.1200351566
0.1556781679
0.1537573636
0.1282701790
0.2984033525
0.2304909080
0.2006522566
0.3690029383
0.5408848524
0.1351528466
0.9082162976
0.2110081464
0.3287016451
0.1873238385
0.2898958027
0.1657557487
0.0822238773
0.1604054719
0.1878039390
0.3313828111
0.2293017954
0.2397172600
0.1525675058
0.1783166677
0.1947612315
0.0246437602
0.2213519961
0.2060230225
0.2308279574
0.1359793842
0.1547175050
0.2219354808
0.3736549020
0.1814102083
0.2132166028
0.2451869100
0.1733732522
0.2679496408
0.7312717438
0.1954556555
0.1189834997
0.0565933883
0.1921304613
0.4266752601
0.2158549428
0.5138043761
0.1677698940
0.2171263695
0.2274848372
0.1675388813
0.1459965706
0.2719429433
0.1877824515
0.3950636387
0.0943157747
0.1857959032
0.1523997635
0.1577185392
0.0270940103
0.2123377472
0.1807288975
0.2659302354
0.3709574938
0.4100385904
0.1710328609
0.1948715299
0.3938880265
0.1711008102
0.1767736822
0.4417992532
0.1722061783
0.2622182667
0.5450267196
0.1229563132
0.4245613813
0.2973064482
0.1523805708
0.1767907590
0.1296722144
0.1457853913
0.7118958235
0.1724778116
0.2083210498
0.1706284285
0.5430589914
0.5043804049
0.2837057412
0.2384707779
0.3242796659
0.2452101260
0.1631677449
0.1816118360
0.1546377689
0.1664007455
0.1206119582
0.1404997855
0.1974149495
0.4203836620
0.1784500927
0.1347374767
0.1863780022
0.1528256536
0.6114582419
0.3234421313
0.2888711393
0.1757552326
0.2144821137
0.2407727838
0.2050253898
0.3523314595
0.1651477367
0.1454289109
0.1098273769
0.0081771780
0.4483964443
0.1425883174
0.1730461270
0.3315881491
0.1382619739
0.2050293535
0.0901265517
0.1270212233
0.2863129377
0.2521942854
0.2119654417
0.2142239809
0.1013753042
0.2523646355
0.1743454635
0.1359721720
0.0677577332
0.2748036087
0.1720938534
0.6868861914
0.2847560346
0.2984877527
0.2162964344
0.1418694854
0.4036884904
0.4468069971
0.1781081259
0.0556547381
0.2366434634
0.2825867534
0.1269354075
0.1692241430
0.2383166105
0.2048036158
0.2439004630
0.3688444197
0.1983633190
0.4000468850
0.2218651772
0.2262719572
0.1902195215
0.1664822251
0.3881775439
0.0719768107
0.0321080275
0.5346016884
0.4177815914
0.3016539812
0.4014424682
0.2249934226
0.3960793316
0.1620187014
0.1739865392
0.2093763202
0.1706695557
0.1800626516
0.2997501493
0.1987127364
0.1759437472
0.1598578840
0.4504476190
0.4455752373
0.1833567172
0.4155876040
0.1657191366
0.3886958361
0.6095819473
0.1993766278
0.2689022124
0.2093786150
0.2015825510
0.2506076694
0.2331218421
0.4261754453
0.1663184166
0.2253267616
0.2098809332
0.1739624441
0.1504269689
0.1441050768
0.2629257441
0.2989175618
0.1260077059
0.3931937516
0.1660249680
0.1582182199
0.2970715761
0.1242958978
0.3040656149
0.0789439678
0.1796329170
0.2060874104
0.2377803028
0.2337394953
0.5880354047
0.1040246710
0.1372324377
0.3069976866
0.5905885696
0.1538455039
0.3671142757
0.0266624056
0.1442346126
0.1768812537
0.2127513140
0.4460878372
0.1996203065
0.1713808477
0.1696583927
0.2358375043
0.0267694313
0.3598859310
0.5568665862
0.3861378729
0.1496547014
0.3719804883
0.2531826198
0.1270416081
0.1641307473
0.4458046257
0.2079634815
0.4991725385
0.1417004913
0.2714626789
0.0208212007
0.1690307409
0.1949944943
0.3248314559
0.3727412522
0.1961005479
0.2413248718
0.1807066947
0.2146300375
0.5030593872
0.2540650368
0.1825440824
0.2820634842
0.1793090850
0.2020019442
0.3649648428
0.1602669507
0.2139704823
0.2296546996
0.2058916390
0.2125787437
0.1774067879
0.1688232869
0.2735732198
0.1733400822
0.1615098864
0.2202678025
0.1925461143
0.3767041266
0.2261511236
0.1729377508
0.2296164483
0.1534880698
0.3952777088
0.2375087589
0.1603804976
0.1829830110
0.1911116540
0.1592873931
0.1900744140
0.4503144026
0.1367333233
0.1545067579
0.3316217661
0.1431228220
0.2803634107
0.4070841670
0.1835836917
0.4462301433
0.1606814712
0.2306499928
0.7741529942
0.1981517375
0.1871008873
0.1372008324
0.2081757188
0.3427291811
0.2383180410
0.3088700175
0.1675794125
0.3455480635
0.1919972748
0.1908731461
0.1881843656
0.2381249666
0.1435284764
0.2425505370
0.1552828997
0.2374337763
0.0415543579
0.2114021778
0.1758837402
0.6966299415
0.3680177629
0.1755225956
0.0542781316
0.3852375448
