0.2131570429
0.1690802574
0.2023788393
0.2002682388
0.1722368002
0.1507996023
0.1789330691
0.2252110541
0.2110267729
0.2311713696
0.4258896410
0.2111883163
0.2257191837
0.2655919194
0.1675007939
0.2024503946
0.1732767969
0.0185407791
0.1704466343
0.1308241785
0.2318872958
0.1601535380
0.2778243721
0.2099176496
0.2154040188
0.1614293903
0.1807667613
0.1835639924
0.3225760162
0.1576481164
0.1788979769
0.2172104716
0.2611007690
0.2175961733
0.0011774221
0.2707288861
0.1503093839
0.1373585910
0.3241041005
0.1591650099
0.1872138828
0.1967151016
0.1778862923
0.1535987407
0.1949054450
0.0356066301
0.1747029871
0.3262446821
0.1779901832
0.2053245008
0.2087294459
0.0786994547
0.1384087950
0.0900827125
0.1911040246
0.1562470496
0.2222447395
0.2317175418
0.1800012589
0.2080783695
0.1967101544
0.2331945449
0.1380664408
0.6581872106
0.2111813128
0.2548464239
0.1350498348
0.0783368498
0.2232526243
0.1901726276
0.7311744094
0.1848701239
0.1754124165
0.0763645768
0.1878288984
0.2156865448
0.2383088320
0.3562026322
0.2327902317
0.2042380720
0.1711849123
0.2057173848
0.3354346156
0.3089326620
0.2025237381
0.1723596007
0.4748509824
0.4345830977
0.0609809384
0.3769352436
0.0856660306
0.1877475530
0.0228505954
0.1869591326
0.2659081221
0.1821022034
0.0092882570
0.0757730454
0.1447045356
0.3055775464
0.1264165342
0.2322921753
0.0335346460
0.2441228777
0.2166471928
0.0112835830
0.1416163594
0.1902240068
0.0881141499
0.1897440702
0.1661333591
0.1249583587
0.1200746000
0.0596340671
0.1843585819
0.1325631291
0.1132693812
0.0998443291
0.1539367288
0.2108834982
0.2341797203
0.0963048637
0.2165266573
0.1875389963
0.2333423942
0.2227057219
0.2047036290
0.2429293245
0.1995540559
0.2430121303
0.0877556652
0.0568778664
0.0034218191
0.0369854011
0.3192951083
0.2332534045
0.1611620635
0.2462779135
0.2364432812
0.4003143609
0.0667010024
0.2295642644
0.2061180919
0.2129897922
0.0715728626
0.1913238913
0.0097341472
0.2469996512
0.2407688498
0.2480586618
0.0629321113
0.0293804687
0.1973498315
0.2031491399
0.2768382132
0.1910395622
0.1555635184
0.1731199920
0.1603927016
0.1240829676
0.1783704460
0.2977357507
0.2020570934
0.3312079012
0.0910307541
0.0901259333
0.4433619678
0.2721282542
0.0933591947
0.0321791656
0.1761450619
0.2556120455
0.2562216222
0.0280503947
0.2728920579
0.1838322580
0.1533419490
0.2259661257
0.1338291913
0.2056248486
0.2428760976
0.1743429452
0.0920602903
0.2462835610
0.2386854589
0.1983771920
0.2399413437
0.2650564909
0.2033035457
0.2311450690
0.2658715844
0.1755350381
0.2552615106
0.2291308641
0.2825433612
0.1034078151
0.2192883492
0.1954290718
0.1144428328
0.2005435675
0.1879382282
0.0220215935
0.6462998390
0.0165692847
0.3023346364
0.1825668812
0.1663306952
0.1738416553
0.0305612106
0.2009763569
0.2096625865
0.2350229025
0.1967962086
0.1512114108
0.1886089295
0.0907057896
0.1326762885
0.2568816245
0.0474133231
0.3446693420
0.0674068257
0.3551651537
0.0533752553
0.0911457315
0.1825334579
0.2314820737
0.1372164786
0.2026806176
0.1831124276
0.2500009239
0.2292761356
0.1125225350
0.2287257463
0.1496725827
0.1456786394
0.2181264609
0.1279694587
0.1901223958
0.1157003567
0.5177783966
0.2315822244
0.2563082278
0.2083771527
0.2361935526
0.1995267570
0.5884178281
0.1981530339
0.3319559991
0.1577762067
0.1901817322
0.5670845509
0.2243551314
0.2209187448
0.1470185369
0.1841860563
0.2222083211
0.0028336840
0.2419079840
0.1857622415
0.2162120044
0.1813014150
0.1179928035
0.2369076461
0.2316950411
0.1898116767
0.1231177151
0.1956334710
0.2341041714
0.2582097948
0.0763963014
0.0661279708
0.3081353605
0.2401892096
0.1979388893
0.2001938671
0.2036831677
0.2139946818
0.1978975236
0.0483279154
0.1817326695
0.2075102776
0.1194126382
0.2789320350
0.4826109111
0.0264828298
0.1342816055
0.0521735884
0.0844915137
0.1994453371
0.3467806876
0.0705778152
0.0511948802
0.2880333364
0.1903202385
0.1608023643
0.2188025564
0.2730284929
0.2121093422
0.1833035946
0.2312858105
0.2131469399
0.2260640413
0.0042728079
0.1952269375
0.2302358001
0.0286864731
0.1338526160
0.0336982533
0.2380183637
0.1924831122
0.1576778442
0.1732280254
0.1474912614
0.1443327069
0.0229648445
0.1969971806
0.1213558465
0.2724679112
0.1906936616
0.2158525288
0.1982673258
0.2384814769
0.2083910406
0.1815066338
0.2133520842
0.2132984996
0.2537513673
0.3395965993
0.2376983762
0.1519448608
0.1335365176
0.2570270300
0.1726928651
0.3002756238
0.2106873244
0.0959537774
0.4108212888
0.1896336377
0.1891766489
0.0593819246
0.1731293797
0.1360600591
0.0535845011
0.1968248487
0.5064014792
0.1965119690
0.2010222673
0.2019138187
0.2782341242
0.1834062189
0.2344291359
0.2659614682
0.0539656878
0.1334650218
0.1019036248
0.4471228421
0.2831637561
0.2267461717
0.2162946612
0.1480487436
0.0332776122
0.2417427301
0.1298342645
0.2636884451
0.1636278033
0.1903046668
0.1852908134
0.1273766756
0.0861046538
0.1501417458
0.3789346516
0.2644126117
0.3518976867
0.2185715586
0.2432181388
0.6486259103
0.0940957740
0.0068694521
0.1755568683
0.2468692213
0.1014569476
0.2204674184
0.1447603703
0.2560488284
0.3196112812
0.2339990586
0.1756836474
0.1950252205
0.3782340884
0.1778565049
0.1857211143
0.1571589708
0.2779605687
0.2061449438
0.2078185081
0.2340855151
0.2073515356
0.0282227322
0.2585680783
1.4288710356
0.2166943699
0.0803374350
0.1265069395
0.1813295782
0.0906198919
0.1995528638
0.1241887435
0.1498103291
0.1374777853
0.1401968747
0.0358716771
0.2086935341
0.2417684197
0.2103801221
0.1372148991
0.2136749923
0.0115547646
0.2967505753
0.2070007622
0.1914867461
0.2309817076
0.1455190778
0.2515513897
0.1022217497
0.1726835817
0.2241332680
0.0736665949
0.4741854072
0.4971182644
0.1846280545
0.1984459907
0.2211749107
0.1663224101
0.1820548028
0.1419480592
0.2029258013
0.1850797385
0.1913292706
0.1863683015
0.2259396315
0.2443662882
0.1525832415
0.0159348492
0.2748009264
0.2387654632
0.3655930161
0.2020336390
0.0826805308
0.1958824992
0.1720941812
0.2030955106
0.0287597347
0.2200222015
0.2029601783
0.1905644983
0.2062996924
0.0843869224
0.1549180895
0.1053225920
0.1111128181
0.2278435081
0.1660080701
0.1374750733
0.1229002178
0.1891236901
0.2374409437
0.3238979876
0.2032935917
0.1999634057
0.1984532923
0.2300365418
0.2292161733
0.1994964331
0.1228942201
0.2312933803
0.2510048449
0.2798386812
0.1367174238
0.1570911705
0.0854689777
0.0428533815
0.2370656431
0.1441465467
0.2663522661
0.0542719960
0.4299062788
0.1786635518
0.2191312164
0.1967321038
0.2057436854
0.2072706223
0.1543582529
0.1368809938
0.0611616746
0.2198695242
0.2007869035
0.2165101916
0.2283429056
0.1746219546
0.1755251586
0.0604739338
0.0131162656
0.0942682028
0.2437294722
0.0198615678
0.2053278685
0.1737116277
0.1477164626
0.2333380431
0.0101060914
0.1925741732
0.2378928214
0.0831056312
0.2888177037
0.0106878458
0.1799515337
0.1947156489
0.1428165883
0.2163318098
0.4825251698
0.2281425595
0.0595321022
0.2558121383
0.1688702404
0.4406161606
0.2061590254
0.2036538720
0.1405283064
0.2426440567
0.3203152120
0.2865244448
0.0884100497
0.2120638341
0.0819904730
0.1966428310
0.1803634614
0.2915110886
0.1332749575
0.2340803295
0.1928153932
0.2169728577
0.2085262239
0.1992267817
0.0735386461
0.2042922974
0.2333439738
0.2025654316
0.1737599224
0.0998637900
0.2175038159
0.0676621273
0.2022940516
0.2094103545
0.2442771047
0.1324948221
0.0433441363
0.1205445528
0.1224465743
0.1875845045
0.1144188792
0.2056516111
0.1570891142
0.1699020565
0.1206540242
0.2138187587
0.2678153515
0.2714101970
0.2419256121
0.2069220394
0.2095775902
0.2074566185
0.1953596622
0.1867477894
0.2161615491
0.1621076912
0.1588935554
0.2157762945
0.2146304995
0.1552822292
0.2062691003
0.1759646982
0.3417097032
0.1819528639
0.6590021253
0.1755461842
0.2155567855
0.2094513625
0.1841166019
0.0677359179
0.1048058122
0.1283959746
0.2305898368
0.2125051022
0.1982146204
0.1960694939
0.1688607484
0.1771331429
0.1659877896
0.2665549517
0.4879923761
0.2020091414
0.1792032719
0.1814084500
0.2791962028
0.1559407115
0.1557260305
0.0970891938
0.2783821225
0.2234858423
0.2113652676
0.1989545822
0.1581708491
0.1489437371
0.1300455332
0.2303737551
0.3593791425
0.1961408406
0.0931639597
0.2020338476
0.2310614139
0.1843708307
0.2210425735
0.2156946361
0.0583665371
0.1390114725
0.0177935623
0.2165645510
0.1448631734
0.1043132767
0.1484560221
0.3103193343
0.5317853689
0.2368771434
0.2306302786
0.0289199557
0.2318872362
0.1383117884
0.1623387486
0.2347029150
0.1763817668
0.1984824687
0.1930543482
0.1451783031
0.1427854300
0.3709453940
0.0089478679
0.1723724157
0.2111524791
0.1766489446
0.1633615196
0.0911189914
0.1826875210
0.2536493242
0.2190182656
0.2161894143
0.2737556696
0.1511516720
0.2326655537
0.2120154053
0.1967133880
0.5539382100
0.1638359278
0.0814081654
0.2446733713
0.0474681370
0.1951804459
0.3383736312
0.1849724501
0.1445987374
0.2172010392
0.2039761394
0.2192816138
0.1444211453
0.0995330364
0.2030857503
0.1868559718
0.3028481901
0.0703446642
0.0491956025
0.1602388620
0.0587370023
0.2289535552
0.0805653632
0.1879948378
0.3753325939
0.1707917750
0.1804246604
0.2309470177
0.1845578253
0.1508305520
0.1558241993
0.1479546875
0.2667224407
0.0787259266
0.1657648534
0.2319383472
0.2553420961
0.0796868429
0.2732072771
0.0377291851
0.2498032749
0.1861957014
0.2360867858
0.1287626475
0.2226022929
0.3220685422
0.0210528243
0.2206691206
0.1192684099
0.0980149731
0.1340514719
0.2679294348
0.1070881709
0.1153451055
0.2124706209
0.1804392487
0.1877017617
0.1781919748
0.0876783878
0.1518237889
0.1298290342
0.1646741927
0.0522688366
0.1706846356
0.2868698239
0.2093383521
0.4433469772
0.1599842161
0.0046589547
0.3310360909
0.3150526583
0.0526333824
0.3343192935
0.2522196174
0.1383046508
0.1572264284
0.2351659387
0.2125218362
0.2660590112
0.2204424739
0.1847678572
0.1760020405
0.1999122053
0.1967154294
0.1720043421
0.2476528883
0.1954519302
0.1915719658
0.0103261741
0.1688444465
0.3639935255
0.1270744801
0.0343933105
0.0587750711
0.2793773413
0.1961323619
0.0981232077
0.0126534970
0.0747399107
0.1052236184
0.2284586281
0.1061434299
0.1282591969
0.2100570798
0.5393338203
0.4898910820
0.2269473225
0.1862255484
