0.9739617705
0.9756644964
0.9762005806
0.9763118625
0.9760868549
0.9760966301
0.9762715697
0.9765644073
0.9764586687
0.9766316414
0.9766026735
0.9767585397
0.9769197106
0.9776784182
0.9776378274
0.9763951302
0.9761313796
0.9758828878
0.9757688642
0.9759466648
0.9760445952
0.9763196707
0.9761348963
0.9762239456
0.9761341810
0.9760694504
0.9762783647
0.9771188498
0.9773584604
0.9762938023
0.9761428833
0.9759895802
0.9759926200
0.9759256244
0.9760534167
0.9761441946
0.9761710763
0.9759854078
0.9759588838
0.9761899114
0.9763451815
0.9769045115
0.9773550630
0.9762037396
0.9759429097
0.9758649468
0.9758306146
0.9759044051
0.9759361744
0.9760541320
0.9761161804
0.9759338498
0.9759459496
0.9762564301
0.9762421846
0.9769042730
0.9771063924
0.9761531949
0.9760875106
0.9758901596
0.9757421017
0.9758921862
0.9759161472
0.9761464000
0.9760612845
0.9761241674
0.9761862755
0.9763121009
0.9764416814
0.9770800471
0.9774283767
0.9763428569
0.9761955738
0.9760431051
0.9760442972
0.9760908484
0.9761939645
0.9762927294
0.9760301113
0.9760191441
0.9760038853
0.9761286974
0.9762691855
0.9769005179
0.9773510695
0.9762992859
0.9761272669
0.9760765433
0.9760401845
0.9760575891
0.9760329723
0.9761203527
0.9760183692
0.9758575559
0.9759474993
0.9759746790
0.9761865735
0.9772273898
0.9765196443
0.9765854478
0.9762418270
0.9760244489
0.9758962393
0.9760035872
0.9761638641
0.9760234356
0.9762507677
0.9761600494
0.9759735465
0.9758126140
0.9759056568
0.9760896564
0.9769473672
0.9773517251
0.9762522578
0.9760556221
0.9758871198
0.9759835005
0.9760529995
0.9761247039
0.9762580395
0.9759535193
0.9758294225
0.9758327007
0.9760062695
0.9761053920
0.9768550396
0.9775611162
0.9764462709
0.9763202071
0.9763309956
0.9763272405
0.9762909412
0.9761363268
0.9762966037
0.9761857986
0.9760386348
0.9761184454
0.9760869741
0.9762261510
0.9769801497
0.9777525067
0.9766754508
0.9764456153
0.9763619304
0.9765401483
0.9766575098
0.9765700698
0.9766561389
0.9765138030
0.9764062166
0.9762828350
0.9763107896
0.9763453007
0.9773024321
0.9780285954
0.9770735502
0.9767921567
0.9767373800
0.9768210053
0.9768536091
0.9768548608
0.9769310355
0.9767511487
0.9766683578
0.9766459465
0.9767712355
0.9769662619
0.9778985381
0.9785552025
0.9776133895
0.9773926735
0.9771946669
0.9773174524
0.9775177240
0.9775765538
0.9774973989
0.9774215221
0.9772900343
0.9773042798
0.9773117900
0.9777873158
0.9786207080
0.9798504710
0.9791816473
0.9790984988
0.9789301157
0.9788962603
0.9787812233
0.9788948894
0.9789781570
0.9790232182
0.9791319370
0.9793354869
0.9795556664
0.9799579978
0.9809850454
