0.6690095663
0.7316241264
0.7444767356
0.7500414252
0.7537490726
0.7569538355
0.7602189779
0.7635443807
0.7660596967
0.7691125870
0.7719761729
0.7741967440
0.7763449550
0.7770773172
0.7774274945
0.7813535333
0.7827956676
0.7837046385
0.7846211195
0.7849189639
0.7864145637
0.7870281339
0.7877619267
0.7888927460
0.7894152999
0.7906023264
0.7909681797
0.7895089984
0.7904809117
0.7931314111
0.7930473089
0.7937160134
0.7942038774
0.7953968048
0.7954260111
0.7959401608
0.7961811423
0.7964534760
0.7970572114
0.7984361053
0.7985801101
0.7963522673
0.7962366939
0.7982937098
0.7983161807
0.8000272512
0.8008425236
0.8014176488
0.8010371923
0.8014178276
0.8024528623
0.8021607399
0.8025771379
0.8024589419
0.8024939299
0.7999996543
0.8003057241
0.8027384281
0.8035382032
0.8046817780
0.8052236438
0.8052819967
0.8056155443
0.8053559661
0.8055751324
0.8057717085
0.8065274954
0.8066166639
0.8061130643
0.8035363555
0.8039733768
0.8062584400
0.8062065840
0.8072562218
0.8082372546
0.8082059622
0.8087520599
0.8089106083
0.8088357449
0.8084726334
0.8090159297
0.8089212775
0.8087440729
0.8057454228
0.8060722947
0.8085115552
0.8082817793
0.8094456196
0.8101474047
0.8108335137
0.8106485605
0.8105062842
0.8110226393
0.8105685711
0.8109207153
0.8111426234
0.8111541271
0.8097805977
0.7971946597
0.7979508042
0.8091965914
0.8105751872
0.8114191890
0.8118200302
0.8126558065
0.8120457530
0.8122717142
0.8125689030
0.8122448921
0.8126515150
0.8124489784
0.8123247623
0.8102251887
0.8102187514
0.8120882511
0.8125352859
0.8133096099
0.8137182593
0.8141428232
0.8140956759
0.8140705228
0.8141235709
0.8142828941
0.8140414953
0.8138138652
0.8139234781
0.8123715520
0.8118367195
0.8136466146
0.8143298030
0.8149448037
0.8155753613
0.8151842952
0.8151192069
0.8150063753
0.8150563836
0.8157160282
0.8153848648
0.8155896068
0.8158512712
0.8135064244
0.8124455810
0.8148469329
0.8157071471
0.8161625266
0.8170709610
0.8165279627
0.8162064552
0.8162234426
0.8167296648
0.8169162869
0.8166697621
0.8167715073
0.8169891238
0.8148459196
0.8139567971
0.8157824874
0.8169538975
0.8169134855
0.8175305128
0.8177873492
0.8178158402
0.8180417418
0.8181656003
0.8179924488
0.8181022406
0.8181181550
0.8181751966
0.8157477379
0.8155754805
0.8170819879
0.8177434206
0.8190242052
0.8192065358
0.8190398216
0.8188308477
0.8190337420
0.8194912672
0.8191623092
0.8198047876
0.8199396133
0.8201774359
0.8179129958
0.8192618489
0.8209092617
0.8217241168
0.8216620684
0.8216081262
0.8217572570
0.8226943612
0.8225398660
0.8228316307
0.8228866458
0.8235129118
0.8240745664
0.8247491121
0.8247554898
