0.8583288789
0.8546540737
0.8605779409
0.8639413118
0.8625865579
0.8656595349
0.8671302795
0.8685056567
0.8697909713
0.8702295423
0.8709969521
0.8716893196
0.8734618425
0.8830592632
0.9037030339
0.8937163353
0.8900541663
0.8862788081
0.8821885586
0.8817028999
0.8823992014
0.8822222948
0.8822399378
0.8820520043
0.8818956017
0.8818333149
0.8831180334
0.8916666508
0.9076425433
0.8971845508
0.8934752345
0.8901706934
0.8866184354
0.8860974312
0.8865564466
0.8864838481
0.8860841393
0.8855416775
0.8852972388
0.8850577474
0.8860111833
0.8943315744
0.9100160003
0.8997929096
0.8960601091
0.8931688666
0.8890008926
0.8885805607
0.8892324567
0.8893417716
0.8892190456
0.8885383606
0.8883843422
0.8878321052
0.8886420131
0.8962497711
0.9119499326
0.9016965032
0.8982594013
0.8949286938
0.8907046318
0.8901883364
0.8909925818
0.8906575441
0.8901871443
0.8894925714
0.8893464804
0.8890755177
0.8900105953
0.8972354531
0.9126950502
0.9022338390
0.8986232281
0.8956895471
0.8918775916
0.8911763430
0.8914742470
0.8910092115
0.8909151554
0.8900780082
0.8894167542
0.8896089196
0.8909791708
0.8979715705
0.9130306244
0.9026851654
0.8992860913
0.8964024186
0.8925157785
0.8920044899
0.8924513459
0.8922100663
0.8923820257
0.8910352588
0.8904954195
0.8901763558
0.8911167383
0.8964921236
0.8961541653
0.9078503847
0.9007545710
0.8988684416
0.8953775764
0.8918285966
0.8917337656
0.8922712207
0.8924881816
0.8919943571
0.8908590078
0.8904796243
0.8901098967
0.8910840154
0.8977209926
0.9133788347
0.9032276273
0.8996440172
0.8965516686
0.8927487731
0.8926132321
0.8931328654
0.8930783272
0.8923966885
0.8912475705
0.8907389045
0.8907741308
0.8918130398
0.8980054855
0.9134291410
0.9034801126
0.9002402425
0.8972986937
0.8933805823
0.8928930759
0.8933762908
0.8932006955
0.8924569488
0.8915073276
0.8911634684
0.8910477757
0.8920924067
0.8983216882
0.9131219387
0.9035540819
0.9004555345
0.8974515796
0.8937249780
0.8929380178
0.8931670785
0.8928977251
0.8923336267
0.8913699389
0.8910638094
0.8911012411
0.8918526173
0.8981333375
0.9125593901
0.9030812979
0.8996270299
0.8969275951
0.8934286237
0.8930453658
0.8930622339
0.8923377395
0.8919817805
0.8914516568
0.8910146356
0.8910465837
0.8920479417
0.8978073597
0.9126995802
0.9030368924
0.8994598389
0.8968857527
0.8933276534
0.8931847215
0.8930127025
0.8921789527
0.8920212388
0.8916175961
0.8913003802
0.8913856149
0.8925127983
0.8985698223
0.9146395922
0.9044044614
0.8999608755
0.8971418738
0.8934943080
0.8927132487
0.8925700188
0.8921056390
0.8914851546
0.8908390403
0.8911055326
0.8899345994
0.8889904618
0.8951007724
