0.2897410989
0.3850541711
0.4240530431
0.4464855492
0.4629032910
0.4766024947
0.4883626103
0.4975423217
0.5060794353
0.5136564374
0.5197163820
0.5247729421
0.5302472115
0.5356277823
0.5405903459
0.5434368849
0.5470312834
0.5499980450
0.5529835820
0.5559698343
0.5586356521
0.5610697865
0.5634953976
0.5659491420
0.5682388544
0.5701461434
0.5719470978
0.5739473104
0.5746135712
0.5755528212
0.5776348114
0.5795614719
0.5812063813
0.5829898715
0.5847424269
0.5864847302
0.5883176923
0.5898268819
0.5911171436
0.5921291113
0.5931630135
0.5942848921
0.5944551229
0.5948724151
0.5961136818
0.5973839164
0.5986343026
0.6000777483
0.6016334891
0.6030991077
0.6044105887
0.6056085229
0.6065966487
0.6074221730
0.6082133651
0.6087343693
0.6086928248
0.6089423895
0.6100820899
0.6110704541
0.6121479273
0.6134763360
0.6148899198
0.6161163449
0.6174336076
0.6184585094
0.6193051338
0.6199910045
0.6205213666
0.6209744215
0.6207946539
0.6208273172
0.6217159033
0.6225469708
0.6234901547
0.6245539188
0.6255504489
0.6266824603
0.6276612878
0.6286142468
0.6294792295
0.6300653219
0.6304699779
0.6308375597
0.6305022240
0.6304702163
0.6311928630
0.6319812536
0.6328122616
0.6335170269
0.6342985630
0.6352716684
0.6361795068
0.6369187236
0.6375839114
0.6380246282
0.6383390427
0.6384745836
0.6378366351
0.6363400221
0.6363465190
0.6368056536
0.6373218298
0.6380215287
0.6387870312
0.6395478845
0.6404117942
0.6411818266
0.6417440772
0.6421943307
0.6424591541
0.6427042484
0.6429381371
0.6425443292
0.6421995759
0.6424850225
0.6429643631
0.6435158253
0.6442012787
0.6448810101
0.6455750465
0.6462320685
0.6467757225
0.6472862363
0.6476527452
0.6478192806
0.6479585767
0.6475450993
0.6473815441
0.6477047801
0.6480824351
0.6484828591
0.6490179300
0.6496349573
0.6501678228
0.6507067084
0.6511106491
0.6514227390
0.6516654491
0.6519049406
0.6520677805
0.6516711116
0.6514425278
0.6517077684
0.6519373059
0.6522650719
0.6527659297
0.6532390714
0.6536814570
0.6541088820
0.6544083357
0.6546955705
0.6548916101
0.6550779939
0.6551417112
0.6546124220
0.6544483900
0.6546920538
0.6549259424
0.6552675366
0.6556998491
0.6560180783
0.6563453674
0.6566686034
0.6569277644
0.6571080089
0.6573017240
0.6573683023
0.6574249864
0.6570081711
0.6567457318
0.6570466757
0.6573460698
0.6576042771
0.6578990221
0.6581448317
0.6584203243
0.6586774588
0.6590146422
0.6593189836
0.6595192552
0.6597455144
0.6598678231
0.6595116854
0.6596227288
0.6601774693
0.6606466174
0.6611599922
0.6616231203
0.6621394157
0.6626490951
0.6631705761
0.6637320518
0.6643239856
0.6648327112
0.6654449105
0.6660674214
