0.7280337811
0.7732307315
0.7800630331
0.7835290432
0.7866261601
0.7883264422
0.7894019485
0.7919380069
0.7939096689
0.7954072356
0.7972872257
0.7979971766
0.7991982102
0.7976494431
0.7973320484
0.8025979400
0.8038788438
0.8049952984
0.8058780432
0.8061881661
0.8058577776
0.8060950041
0.8071514964
0.8087313771
0.8091025352
0.8088466525
0.8092695475
0.8066812158
0.8086086512
0.8117967248
0.8104858994
0.8116349578
0.8119102716
0.8124291897
0.8114629984
0.8123300672
0.8132139444
0.8134439588
0.8143263459
0.8148792386
0.8144504428
0.8120568395
0.8139768243
0.8173251152
0.8158646822
0.8164675236
0.8178060055
0.8174040318
0.8168364167
0.8170709014
0.8170298934
0.8175490499
0.8186087608
0.8190612793
0.8193867803
0.8168993592
0.8186903596
0.8215869069
0.8209132552
0.8220503926
0.8213825822
0.8203364015
0.8198571801
0.8198125958
0.8198472261
0.8210956454
0.8227791190
0.8234471679
0.8238004446
0.8211300969
0.8214999437
0.8256849051
0.8239815235
0.8247944117
0.8244138956
0.8245051503
0.8241044283
0.8241810799
0.8241148591
0.8247891068
0.8254286647
0.8260157704
0.8262082338
0.8240170479
0.8256763816
0.8280692101
0.8267431855
0.8277173638
0.8271957636
0.8263481259
0.8261873126
0.8262673020
0.8263823390
0.8274523616
0.8277245164
0.8279481530
0.8275224566
0.8240525126
0.7965561152
0.8111382127
0.8247756958
0.8279345036
0.8302649856
0.8298004270
0.8296214938
0.8279371858
0.8278989196
0.8287411332
0.8290355802
0.8299884796
0.8313187957
0.8319123387
0.8293232322
0.8287813067
0.8313236833
0.8313179016
0.8320759535
0.8320171833
0.8313663602
0.8314799070
0.8316009045
0.8318491578
0.8329124451
0.8330929875
0.8339006305
0.8331216574
0.8307394385
0.8306434155
0.8336359859
0.8336521387
0.8335833549
0.8341739774
0.8331811428
0.8332015276
0.8336160779
0.8342410326
0.8341876268
0.8349300623
0.8352482915
0.8355080485
0.8321700692
0.8315341473
0.8345370293
0.8345905542
0.8353618979
0.8353553414
0.8347958326
0.8356634378
0.8359321356
0.8358463049
0.8355931640
0.8355944157
0.8357350230
0.8356372118
0.8324449658
0.8325383663
0.8352435231
0.8346593380
0.8351225257
0.8355380297
0.8355147839
0.8359414935
0.8355365396
0.8360809088
0.8361662030
0.8358847499
0.8364896774
0.8352651000
0.8327543139
0.8329193592
0.8341570497
0.8345671296
0.8357419372
0.8361198902
0.8356215358
0.8354006410
0.8350154161
0.8353472948
0.8351159692
0.8358662128
0.8355180025
0.8350654840
0.8318248391
0.8323140144
0.8329510093
0.8353666663
0.8355457783
0.8351827860
0.8348376751
0.8350219131
0.8340100646
0.8343879580
0.8343207240
0.8345971107
0.8349101543
0.8349935412
0.8335695267
