0.2229058743
0.2756244838
0.3063049614
0.3264376819
0.3434133232
0.3574088514
0.3697358072
0.3803858161
0.3900757134
0.3979211748
0.4045067132
0.4111004472
0.4173418581
0.4228649735
0.4263505042
0.4304620922
0.4346622825
0.4389147758
0.4432494640
0.4473223686
0.4511765838
0.4547670484
0.4582462311
0.4614154696
0.4644542038
0.4671731889
0.4696226418
0.4710951447
0.4718140960
0.4740802050
0.4769136906
0.4793601632
0.4819440246
0.4847982526
0.4874557555
0.4901011884
0.4923736155
0.4943454862
0.4962616563
0.4979615808
0.4996814430
0.5004351735
0.5007598996
0.5022619963
0.5042609572
0.5061786175
0.5083081722
0.5103752613
0.5124911666
0.5147811174
0.5168595910
0.5186179280
0.5201374888
0.5215169191
0.5225912929
0.5230569839
0.5230207443
0.5241595507
0.5257322788
0.5272769928
0.5289765596
0.5309444666
0.5330533981
0.5352076888
0.5371848941
0.5387435555
0.5400330424
0.5410332084
0.5419300199
0.5422392488
0.5419939756
0.5427483916
0.5439143777
0.5451818705
0.5467517376
0.5483452082
0.5499800444
0.5517474413
0.5533468723
0.5547321439
0.5559328794
0.5567465425
0.5575138927
0.5576832891
0.5574502349
0.5581118464
0.5592134595
0.5603396893
0.5614392757
0.5626918077
0.5639959574
0.5655207038
0.5669562221
0.5680614114
0.5688890219
0.5696863532
0.5702159405
0.5702579618
0.5683306456
0.5674185157
0.5680259466
0.5689222813
0.5697886348
0.5708838105
0.5721414685
0.5732046962
0.5743200183
0.5753140450
0.5762311220
0.5769080520
0.5773615241
0.5778326392
0.5777613521
0.5772629976
0.5775176287
0.5781340599
0.5788207650
0.5796295404
0.5806118846
0.5815790296
0.5825724602
0.5834662914
0.5842148066
0.5848954320
0.5853254795
0.5857517123
0.5856755972
0.5853477120
0.5856944323
0.5863938332
0.5869134665
0.5874696374
0.5882313251
0.5890621543
0.5897025466
0.5903129578
0.5908559561
0.5913493037
0.5917490125
0.5922135711
0.5922116041
0.5918249488
0.5921153426
0.5926685929
0.5931723714
0.5935725570
0.5941253304
0.5946748853
0.5951562524
0.5956380963
0.5960901976
0.5964667797
0.5968409777
0.5972260237
0.5968932509
0.5964161754
0.5966670513
0.5971652865
0.5976187587
0.5981125236
0.5985080004
0.5988546014
0.5992370248
0.5995731950
0.5998417139
0.6001620889
0.6005294323
0.6008658409
0.6007608771
0.6003502607
0.6004803181
0.6008886099
0.6012644768
0.6016582847
0.6019028425
0.6022167802
0.6025592685
0.6029570103
0.6033523083
0.6036781073
0.6040347815
0.6044031978
0.6043122411
0.6042593718
0.6046659946
0.6052121520
0.6056889892
0.6062156558
0.6067538857
0.6073446274
0.6080134511
0.6086404920
0.6091853976
0.6097868085
0.6104195714
0.6111665368
0.6116856933
