0.2140566558
0.2880547047
0.3260145783
0.3514623940
0.3718914092
0.3885325193
0.4049334824
0.4172762632
0.4278619587
0.4373713434
0.4452024102
0.4519848526
0.4586187303
0.4648383856
0.4688294530
0.4732192755
0.4782146513
0.4831025004
0.4876491129
0.4922730625
0.4969566762
0.5012345314
0.5053889751
0.5092396140
0.5125448704
0.5161502361
0.5188912749
0.5214515924
0.5228813291
0.5247194171
0.5273908973
0.5298342109
0.5324603319
0.5353313684
0.5381334424
0.5408288240
0.5437157750
0.5464641452
0.5487755537
0.5510703325
0.5531782508
0.5546368957
0.5552452207
0.5564227104
0.5579109788
0.5595014095
0.5614882112
0.5636345148
0.5658566356
0.5682078600
0.5707179308
0.5731121898
0.5748625994
0.5764493942
0.5779078603
0.5789145231
0.5793325305
0.5799389482
0.5813129544
0.5824986696
0.5838869214
0.5855184793
0.5874028206
0.5892489552
0.5912991762
0.5927558541
0.5941246748
0.5952640176
0.5963127613
0.5971528292
0.5975289941
0.5978760719
0.5987271070
0.5996446013
0.6007664204
0.6020179391
0.6033273935
0.6047354341
0.6060940623
0.6073986292
0.6084917188
0.6093987226
0.6100416183
0.6105867028
0.6106960773
0.6108764410
0.6116353273
0.6125188470
0.6134244800
0.6143353581
0.6153675318
0.6166151762
0.6178840399
0.6189461946
0.6196250916
0.6203051805
0.6206553578
0.6207538843
0.6199727654
0.6187402010
0.6185355783
0.6188047528
0.6192430854
0.6199714541
0.6208344102
0.6217067838
0.6227174401
0.6237123609
0.6243898869
0.6249027848
0.6253138781
0.6256271601
0.6258638501
0.6256238818
0.6255692244
0.6258561611
0.6262706518
0.6267803907
0.6273573637
0.6280623078
0.6288388371
0.6295619011
0.6302189827
0.6307162046
0.6310688853
0.6313465834
0.6315971613
0.6313909292
0.6313551664
0.6316657066
0.6319857836
0.6322612166
0.6326355934
0.6331866384
0.6338400841
0.6343029141
0.6347818375
0.6352140903
0.6355423331
0.6358004212
0.6359857917
0.6357707977
0.6357298493
0.6359349489
0.6362565160
0.6365128160
0.6369087696
0.6374630332
0.6379630566
0.6383278370
0.6385943294
0.6389324069
0.6391653419
0.6394523382
0.6396247745
0.6393772364
0.6392734647
0.6394683123
0.6397351027
0.6401154995
0.6404509544
0.6407619119
0.6411404610
0.6414176226
0.6416857243
0.6419126391
0.6420899630
0.6422299743
0.6423088908
0.6420809627
0.6419119239
0.6420016885
0.6422989964
0.6425111890
0.6426765323
0.6429327130
0.6431921124
0.6434361339
0.6437765956
0.6440598965
0.6442286968
0.6444561481
0.6445848346
0.6443611383
0.6442112923
0.6443889737
0.6445137262
0.6446587443
0.6448101997
0.6450287700
0.6452838778
0.6454589963
0.6456459165
0.6459025741
0.6461468339
0.6464418769
0.6464516521
