0.6005014777
0.6535669565
0.6713460684
0.6856613755
0.6972931027
0.7068332434
0.7152912021
0.7225523591
0.7288872004
0.7349164486
0.7402200103
0.7450146079
0.7494453192
0.7536294460
0.7573757768
0.7604380846
0.7627650499
0.7652111650
0.7676955462
0.7699689269
0.7725818753
0.7751040459
0.7775785923
0.7798971534
0.7821082473
0.7841323018
0.7862331271
0.7881636620
0.7897332907
0.7908287048
0.7920830250
0.7934895754
0.7949222922
0.7963706255
0.7978647947
0.7994645834
0.8009614944
0.8025102615
0.8039805889
0.8054601550
0.8069700599
0.8083334565
0.8095824122
0.8103510141
0.8108994365
0.8118677139
0.8130258918
0.8141127229
0.8153123856
0.8163688779
0.8175262213
0.8187373877
0.8199744821
0.8210537434
0.8220616579
0.8230351210
0.8238885999
0.8244593143
0.8249379992
0.8256849051
0.8264840245
0.8272927999
0.8281552792
0.8289908767
0.8299808502
0.8309678435
0.8318582177
0.8326197267
0.8332903385
0.8339952826
0.8346953988
0.8350782990
0.8353972435
0.8359409571
0.8365830183
0.8372575045
0.8380315900
0.8387958407
0.8396260738
0.8404980898
0.8412739635
0.8418833613
0.8424345255
0.8429821134
0.8434564471
0.8436438441
0.8437994719
0.8442382216
0.8447623849
0.8453517556
0.8459907770
0.8467212319
0.8475378156
0.8482588530
0.8489189148
0.8493367434
0.8497897387
0.8492667079
0.8483313322
0.8475448489
0.8467710018
0.8465012908
0.8465836644
0.8469991088
0.8476254344
0.8482775688
0.8490262628
0.8498886824
0.8506697416
0.8514313698
0.8519650698
0.8525728583
0.8531129360
0.8535536528
0.8537694216
0.8540259004
0.8544499874
0.8549112678
0.8555146456
0.8560829163
0.8566955328
0.8573790789
0.8580330610
0.8585324287
0.8590186834
0.8594602942
0.8598688841
0.8602080941
0.8603596687
0.8605043888
0.8608664274
0.8612148762
0.8616575003
0.8620661497
0.8625470400
0.8631425500
0.8636844158
0.8641337752
0.8645218015
0.8648663759
0.8651983738
0.8655119538
0.8657076359
0.8658043742
0.8660486341
0.8663775921
0.8667000532
0.8670724034
0.8675702810
0.8680017591
0.8684145808
0.8687669039
0.8690738678
0.8693433404
0.8695934415
0.8698607683
0.8699511886
0.8700150847
0.8701911569
0.8704795837
0.8707621098
0.8710212111
0.8713192344
0.8716567755
0.8719553351
0.8722247481
0.8724799156
0.8727243543
0.8729757667
0.8731959462
0.8732175231
0.8732470870
0.8733888865
0.8735850453
0.8738177419
0.8740583062
0.8743148446
0.8745610118
0.8748131394
0.8751041293
0.8753556609
0.8756024837
0.8758264184
0.8759992123
0.8761023283
0.8762310147
0.8764411807
0.8766555190
0.8768634796
0.8771243095
0.8773765564
0.8776484728
0.8779438734
0.8782399893
0.8784789443
0.8787142634
0.8789399862
