0.1519669145
0.1793703288
0.2120559514
0.2348634154
0.2547150850
0.2717207968
0.2875006795
0.3004372716
0.3120644987
0.3221863508
0.3304691017
0.3382708132
0.3458540142
0.3525939882
0.3575751781
0.3621817231
0.3674792647
0.3728761077
0.3788539469
0.3843608201
0.3899084628
0.3953388333
0.4005974233
0.4054223895
0.4097248316
0.4139405191
0.4176909924
0.4209176004
0.4235216677
0.4260442853
0.4294562042
0.4330493808
0.4367329776
0.4406116009
0.4445307553
0.4485470355
0.4524449706
0.4560739994
0.4593933821
0.4623220265
0.4650334120
0.4675301015
0.4692560732
0.4709326625
0.4735014439
0.4762947261
0.4792870879
0.4822526574
0.4855064154
0.4889390469
0.4925172031
0.4957631528
0.4985930920
0.5011780858
0.5035001040
0.5054160357
0.5066713095
0.5079461932
0.5100561976
0.5124724507
0.5150170326
0.5176736712
0.5204645991
0.5235807300
0.5267030597
0.5294837952
0.5317970514
0.5339325070
0.5358456969
0.5374146104
0.5385507345
0.5394355655
0.5411074162
0.5430920720
0.5451490283
0.5473727584
0.5497027636
0.5521399379
0.5546039343
0.5570753813
0.5590341687
0.5607552528
0.5622832179
0.5635923147
0.5645068884
0.5653365850
0.5668435693
0.5686913133
0.5704889297
0.5721998215
0.5741116405
0.5763039589
0.5784404874
0.5803399682
0.5818035007
0.5831414461
0.5830993652
0.5809975266
0.5789751410
0.5782461762
0.5770108700
0.5754078031
0.5741817951
0.5746985674
0.5767527819
0.5782970786
0.5799610019
0.5816863179
0.5831733942
0.5844654441
0.5855122209
0.5864126682
0.5871856809
0.5875837207
0.5878740549
0.5887285471
0.5897717476
0.5909174085
0.5921426415
0.5935207605
0.5950271487
0.5964846611
0.5978124738
0.5989970565
0.5998798013
0.6006093621
0.6012116075
0.6014679670
0.6016841531
0.6024559736
0.6033756733
0.6042266488
0.6051581502
0.6063653827
0.6074703336
0.6085581779
0.6095224619
0.6103599668
0.6110539436
0.6116369963
0.6121630669
0.6123105288
0.6124944687
0.6131242514
0.6140391827
0.6148272157
0.6155920029
0.6165337563
0.6174291372
0.6182284355
0.6189757586
0.6196964383
0.6203283072
0.6208126545
0.6211056709
0.6211541891
0.6212461591
0.6217255592
0.6223914623
0.6231050491
0.6238180399
0.6245573163
0.6253098249
0.6260113716
0.6266530156
0.6272695661
0.6277500987
0.6282029748
0.6285970807
0.6287353635
0.6287957430
0.6291466355
0.6296617985
0.6302273870
0.6308097839
0.6313758492
0.6319833994
0.6325795054
0.6331712008
0.6337329745
0.6341913342
0.6346145272
0.6349727511
0.6350720525
0.6351828575
0.6356238723
0.6361423731
0.6366438270
0.6371702552
0.6377322078
0.6383290291
0.6388908029
0.6394858956
0.6400908232
0.6406387687
0.6412225366
0.6417073011
