0.9263645411
0.9329593778
0.9348548055
0.9362094402
0.9359481931
0.9366466403
0.9373422265
0.9375678301
0.9379844666
0.9382126331
0.9383246899
0.9385924339
0.9386753440
0.9385842681
0.9383196235
0.9379711151
0.9381852746
0.9387447238
0.9384667873
0.9383993149
0.9387053251
0.9390265346
0.9391083121
0.9397413135
0.9393709302
0.9395779371
0.9396542311
0.9401158690
0.9399450421
0.9394413829
0.9398310781
0.9396316409
0.9395465255
0.9398235679
0.9401292801
0.9403073192
0.9407814145
0.9406185746
0.9402052164
0.9406679869
0.9405506253
0.9407751560
0.9411894679
0.9405054450
0.9403952956
0.9402570128
0.9407441020
0.9406270385
0.9408883452
0.9411498308
0.9412738085
0.9413130283
0.9409678578
0.9410294890
0.9412289262
0.9415070415
0.9420680404
0.9413095713
0.9409667253
0.9407187700
0.9410139322
0.9412593246
0.9415656924
0.9415999055
0.9416357875
0.9419163465
0.9420049191
0.9417936802
0.9419531822
0.9421080351
0.9426720142
0.9423745871
0.9418950081
0.9422561526
0.9422147870
0.9421341419
0.9425280094
0.9427284598
0.9425495267
0.9425082803
0.9423018098
0.9421241283
0.9423975348
0.9428303242
0.9429761767
0.9422514439
0.9421068430
0.9422077537
0.9424800873
0.9422808290
0.9424776435
0.9427269697
0.9427360296
0.9426454902
0.9421922565
0.9425081015
0.9431098104
0.9429634213
0.9253861904
0.9393951893
0.9416633248
0.9416473508
0.9417061806
0.9418839812
0.9420940876
0.9421530962
0.9428151846
0.9427576065
0.9429695010
0.9425557256
0.9426779151
0.9426565766
0.9429902434
0.9439346790
0.9431580305
0.9427345395
0.9427099228
0.9431311488
0.9433161020
0.9434605241
0.9436512589
0.9435446858
0.9437056780
0.9433956146
0.9432842135
0.9435310364
0.9436769485
0.9443600774
0.9433578849
0.9429725409
0.9429699183
0.9434627891
0.9436122775
0.9436982870
0.9440033436
0.9436677098
0.9438292384
0.9437708259
0.9435439706
0.9437071681
0.9437844753
0.9446797967
0.9437015057
0.9431661963
0.9430707097
0.9431598186
0.9437426925
0.9440286160
0.9441339970
0.9440073967
0.9442903399
0.9439852238
0.9440510869
0.9442185163
0.9443072677
0.9453980923
0.9440450072
0.9444110394
0.9438477159
0.9435949326
0.9440247416
0.9446739554
0.9449389577
0.9451997280
0.9451574087
0.9447225928
0.9451057315
0.9449654222
0.9452903271
0.9457560778
0.9450019598
0.9442070127
0.9441291690
0.9443320036
0.9447045326
0.9456009269
0.9455812573
0.9456972480
0.9457087517
0.9454485178
0.9453893900
0.9456004500
0.9462350607
0.9470778108
0.9464448094
0.9465887547
0.9465379119
0.9465895891
0.9472385645
0.9475677013
0.9476284981
0.9479335546
0.9479718804
0.9481198788
0.9483769536
0.9493004084
0.9497925639
