0.5999842286
0.6447347999
0.6835674644
0.7064766884
0.7181705832
0.7239707708
0.7301045656
0.7350506783
0.7391825318
0.7438961864
0.7481043339
0.7487959266
0.7515045404
0.7519918680
0.7492239475
0.7491738200
0.7544319034
0.7582191825
0.7632172108
0.7660031319
0.7669820786
0.7692061067
0.7708724141
0.7732455730
0.7757666111
0.7771764398
0.7769749761
0.7760524750
0.7750434279
0.7769826055
0.7794529200
0.7822273374
0.7850346565
0.7871658802
0.7892029881
0.7897816300
0.7913075686
0.7930235267
0.7945923805
0.7963494658
0.7966774702
0.7944088578
0.7931327224
0.7951610684
0.7971277833
0.7985146046
0.8019542098
0.8039439917
0.8049219251
0.8061525822
0.8075394630
0.8086287379
0.8093096018
0.8095549345
0.8097450733
0.8082543612
0.8077980280
0.8089431524
0.8100549579
0.8122929335
0.8149161339
0.8162021637
0.8176655173
0.8187326193
0.8198428750
0.8208913207
0.8216332793
0.8220801950
0.8214930892
0.8203570247
0.8199184537
0.8201336265
0.8212891817
0.8229977489
0.8252840638
0.8273211122
0.8284528852
0.8293750286
0.8303152919
0.8308347464
0.8308953047
0.8311204314
0.8301004171
0.8292148709
0.8284096122
0.8294028640
0.8300127983
0.8318425417
0.8341614008
0.8353043199
0.8363618851
0.8375672102
0.8381917477
0.8385772705
0.8381907940
0.8384373784
0.8308833241
0.8159514070
0.8027488589
0.8006861806
0.8039906025
0.8093765378
0.8012354374
0.8118293881
0.8220368624
0.8245457411
0.8266329765
0.8281632066
0.8291753531
0.8293848038
0.8295841813
0.8298251033
0.8281669021
0.8273249269
0.8280528784
0.8291357756
0.8308739066
0.8331954479
0.8347505927
0.8358495235
0.8370116353
0.8381779194
0.8392185569
0.8396245241
0.8397652507
0.8388084173
0.8364899755
0.8356328607
0.8367040157
0.8378824592
0.8394129276
0.8414747715
0.8430483937
0.8438974619
0.8449456096
0.8458909988
0.8464923501
0.8468517661
0.8472253084
0.8467658758
0.8450844288
0.8439834714
0.8440083265
0.8445786834
0.8466938734
0.8488229513
0.8501731753
0.8505996466
0.8516454101
0.8524130583
0.8528424501
0.8530693650
0.8529695272
0.8525212407
0.8506479859
0.8496937752
0.8502405286
0.8509320021
0.8517989516
0.8538768291
0.8543845415
0.8555559516
0.8564522266
0.8568042517
0.8571099639
0.8571105003
0.8576413393
0.8569934368
0.8558585644
0.8551934958
0.8555058241
0.8560011387
0.8571725488
0.8589346409
0.8599234819
0.8601340055
0.8608247638
0.8615138531
0.8615881205
0.8616703749
0.8615972400
0.8614989519
0.8613603115
0.8616193533
0.8612232804
0.8608075976
0.8625183105
0.8635376692
0.8641142249
0.8645485044
0.8649159074
0.8652859330
0.8655835390
0.8657907248
0.8657930493
0.8660171032
0.8662476540
