0.3015191853
0.3489914536
0.3789938092
0.4007553458
0.4185056090
0.4343676269
0.4475698173
0.4594731331
0.4699546397
0.4784394205
0.4862903357
0.4933582842
0.4996870160
0.5051288009
0.5102510452
0.5156202316
0.5205982327
0.5262851715
0.5315145850
0.5365694761
0.5414147377
0.5464730263
0.5510771871
0.5547198653
0.5586650372
0.5626121163
0.5658283830
0.5695237517
0.5730057955
0.5757036805
0.5787483454
0.5819024444
0.5852050781
0.5882658958
0.5913262963
0.5944859385
0.5976109505
0.6006394029
0.6034310460
0.6058679223
0.6081936359
0.6106454134
0.6127592325
0.6146243215
0.6169009805
0.6193192601
0.6216613650
0.6240673661
0.6265428066
0.6290332675
0.6314459443
0.6336695552
0.6358240843
0.6379138827
0.6397315264
0.6414655447
0.6427878737
0.6441960335
0.6458689570
0.6476368308
0.6495123506
0.6514757276
0.6535376310
0.6556584239
0.6577106118
0.6594974399
0.6612013578
0.6627731323
0.6640008688
0.6655393839
0.6665526628
0.6675195098
0.6688401103
0.6702889800
0.6718032956
0.6734546423
0.6751100421
0.6767017841
0.6783605218
0.6798754334
0.6811989546
0.6824799180
0.6835058331
0.6847227216
0.6857095361
0.6866112351
0.6877766252
0.6890615225
0.6902821660
0.6915483475
0.6930099130
0.6944605708
0.6958141923
0.6970046759
0.6981021762
0.6992894411
0.6986231208
0.6994541883
0.7062610984
0.7043557167
0.7025715113
0.7049914002
0.7066528797
0.7072730660
0.7072300315
0.7073226571
0.7076606154
0.7080929875
0.7084863186
0.7087338567
0.7089808583
0.7092343569
0.7095866799
0.7099267840
0.7101683021
0.7107197642
0.7112631798
0.7118908763
0.7125861049
0.7133654952
0.7141762972
0.7149751186
0.7157544494
0.7164148092
0.7170398831
0.7175814509
0.7181858420
0.7186705470
0.7191244960
0.7197877765
0.7205073833
0.7212216258
0.7220011353
0.7227820158
0.7235413194
0.7243240476
0.7249853611
0.7256296873
0.7262514234
0.7268385291
0.7274771333
0.7278586030
0.7283177972
0.7290053964
0.7296877503
0.7303041220
0.7310337424
0.7317749858
0.7324331403
0.7330441475
0.7336614728
0.7342880368
0.7348421812
0.7352399826
0.7358733416
0.7362577319
0.7365973592
0.7370937467
0.7377225757
0.7383233309
0.7389109731
0.7395452857
0.7401656508
0.7407982945
0.7414529324
0.7419202924
0.7423709035
0.7428086996
0.7433125377
0.7437081337
0.7440280318
0.7444264889
0.7448912263
0.7454029322
0.7459508777
0.7465277910
0.7470685840
0.7476392984
0.7481719255
0.7486904263
0.7491302490
0.7495073676
0.7500215173
0.7502195239
0.7506092191
0.7511345148
0.7516046166
0.7520855069
0.7526397109
0.7531983256
0.7537568212
0.7543584108
0.7549362183
0.7554795146
0.7560222149
0.7566336393
0.7571686506
