0.8349061012
0.8630869389
0.8807682991
0.8889449239
0.8933410048
0.8959807754
0.8983532786
0.9001173377
0.9021893740
0.9043510556
0.9056839347
0.9064467549
0.9072273970
0.9072247744
0.9058507085
0.9070784450
0.9093530178
0.9112842083
0.9126706123
0.9132978320
0.9132282138
0.9138960838
0.9143814445
0.9150226116
0.9156545401
0.9160485864
0.9162144065
0.9152266979
0.9142705798
0.9149208665
0.9160809517
0.9177009463
0.9186312556
0.9190304279
0.9190331101
0.9188846350
0.9194902778
0.9201421142
0.9208720326
0.9219899774
0.9219416976
0.9206208587
0.9192770720
0.9196966290
0.9209744930
0.9219030738
0.9229306579
0.9234237075
0.9237326384
0.9238933921
0.9244753122
0.9250237346
0.9255617857
0.9257470965
0.9260724187
0.9250453711
0.9243067503
0.9244959354
0.9254304171
0.9265306592
0.9275091887
0.9280399680
0.9285264611
0.9287407398
0.9292110801
0.9293902516
0.9297046065
0.9301662445
0.9300019741
0.9289922118
0.9282821417
0.9286442995
0.9290724993
0.9302197695
0.9314221740
0.9319674373
0.9325298071
0.9331260920
0.9332150817
0.9333351851
0.9337687492
0.9338366389
0.9334176183
0.9325585365
0.9318869114
0.9323083758
0.9329408407
0.9341322780
0.9349797368
0.9353790879
0.9355182648
0.9360519648
0.9363736510
0.9365444779
0.9365929961
0.9310996532
0.9204151630
0.9179201722
0.9084747434
0.9147387743
0.9231363535
0.9129320383
0.9100964665
0.9206750989
0.9267011881
0.9285860062
0.9298296571
0.9310865998
0.9318909645
0.9325998425
0.9332327843
0.9333623648
0.9324729443
0.9320036173
0.9323548675
0.9333719611
0.9346165657
0.9358240366
0.9364795089
0.9372319579
0.9376902580
0.9381347895
0.9383951426
0.9385516644
0.9385879636
0.9381983280
0.9371746778
0.9362881780
0.9367191195
0.9372559190
0.9382842779
0.9392644763
0.9399878979
0.9404181838
0.9408875108
0.9410728216
0.9414635897
0.9417207241
0.9418182969
0.9417413473
0.9405591488
0.9392561913
0.9392687082
0.9398299456
0.9409224987
0.9419000745
0.9425426126
0.9426236153
0.9429107904
0.9433911443
0.9435895681
0.9435234666
0.9436299801
0.9433463216
0.9419403672
0.9409205914
0.9412111044
0.9417402744
0.9422784448
0.9432044029
0.9436691403
0.9439047575
0.9441583753
0.9442515373
0.9442560673
0.9443014860
0.9445018768
0.9442852736
0.9431027770
0.9422206283
0.9423612356
0.9428462982
0.9437296987
0.9448716640
0.9452533126
0.9451539516
0.9451059103
0.9455940127
0.9457707405
0.9458191991
0.9457515478
0.9455134273
0.9454260468
0.9449417591
0.9447426796
0.9448667169
0.9457034469
0.9462141395
0.9464201927
0.9465231895
0.9467532039
0.9468979239
0.9469750524
0.9471379519
0.9474691153
0.9476438165
0.9475619793
