0.1391371191
0.1715381593
0.1949885786
0.2131178230
0.2286342680
0.2432486266
0.2562279105
0.2673775852
0.2775298059
0.2860646248
0.2937874794
0.3011003137
0.3078206778
0.3136485517
0.3187643290
0.3243870735
0.3297959864
0.3356344700
0.3413357735
0.3470984101
0.3528548777
0.3584224582
0.3636604846
0.3681635261
0.3725616634
0.3768360317
0.3804372847
0.3836192489
0.3863569200
0.3896380663
0.3933779597
0.3972484171
0.4013383090
0.4053803682
0.4095527530
0.4137758017
0.4178215861
0.4215506911
0.4250138104
0.4282662868
0.4312483966
0.4335908294
0.4354773462
0.4380078614
0.4410493076
0.4443521202
0.4477631450
0.4512967765
0.4548653066
0.4584789574
0.4620554149
0.4653074443
0.4682805836
0.4711347222
0.4735231400
0.4754241407
0.4767868817
0.4788232744
0.4813983440
0.4842364788
0.4872119427
0.4902197719
0.4934137762
0.4967221916
0.4997732341
0.5024471283
0.5049555302
0.5073477626
0.5093533993
0.5111274719
0.5121770501
0.5137593746
0.5159369707
0.5181939006
0.5206500888
0.5232404470
0.5258095264
0.5283988714
0.5310973525
0.5335089564
0.5356594324
0.5376868844
0.5394182801
0.5408735275
0.5418947339
0.5433395505
0.5452935696
0.5474553704
0.5495289564
0.5516268611
0.5538703799
0.5561811328
0.5584178567
0.5603757501
0.5621196032
0.5638788939
0.5630261898
0.5604634285
0.5612316728
0.5601118207
0.5583404303
0.5605720878
0.5652517676
0.5687446594
0.5703321695
0.5719864368
0.5738197565
0.5755430460
0.5771083832
0.5784948468
0.5797936320
0.5809699893
0.5817415118
0.5821822882
0.5828809738
0.5840169787
0.5852704644
0.5865696669
0.5879895687
0.5895169377
0.5910531878
0.5925310254
0.5939404368
0.5951492786
0.5962278843
0.5972297192
0.5978741646
0.5982198119
0.5990046263
0.6001144052
0.6011718512
0.6022559404
0.6035103798
0.6047596335
0.6059652567
0.6071387529
0.6082454920
0.6092571616
0.6101821065
0.6109897494
0.6115564704
0.6118012667
0.6124014854
0.6133344769
0.6143083572
0.6151760221
0.6162279844
0.6173064113
0.6182886362
0.6192201376
0.6201128960
0.6209869385
0.6218032241
0.6224460006
0.6227993965
0.6229094863
0.6233482957
0.6241081953
0.6249659657
0.6257987022
0.6266592741
0.6274809241
0.6282879114
0.6290682554
0.6298874021
0.6305981278
0.6312379241
0.6318260431
0.6321546435
0.6322624087
0.6326135397
0.6332031488
0.6338778138
0.6345068812
0.6351193190
0.6357223392
0.6363673806
0.6370961070
0.6378224492
0.6384646893
0.6390554309
0.6396356821
0.6399523616
0.6401180625
0.6406053901
0.6412376165
0.6418520808
0.6424666047
0.6431293488
0.6437969208
0.6444582343
0.6451356411
0.6458433270
0.6465754509
0.6473010778
0.6480549574
0.6486723423
