0.9672906399
0.9890366197
0.9980446100
1.0013239384
1.0026962757
1.0032362938
1.0040320158
1.0046398640
1.0053879023
1.0058614016
1.0059726238
1.0067487955
1.0065540075
1.0050524473
1.0031734705
1.0057725906
1.0084722042
1.0102506876
1.0108896494
1.0100337267
1.0089474916
1.0094958544
1.0100533962
1.0103237629
1.0095819235
1.0095875263
1.0106015205
1.0086870193
1.0071035624
1.0078434944
1.0086824894
1.0106389523
1.0099058151
1.0096570253
1.0083990097
1.0082920790
1.0091624260
1.0090194941
1.0093613863
1.0100780725
1.0106304884
1.0094195604
1.0072491169
1.0080523491
1.0102883577
1.0108541250
1.0097774267
1.0102131367
1.0103176832
1.0098142624
1.0096608400
1.0096197128
1.0096151829
1.0101271868
1.0108016729
1.0093967915
1.0084596872
1.0082464218
1.0097734928
1.0110672712
1.0111649036
1.0115674734
1.0111591816
1.0104863644
1.0104293823
1.0095152855
1.0093582869
1.0098779202
1.0107873678
1.0102837086
1.0082997084
1.0091395378
1.0107374191
1.0121299028
1.0119007826
1.0115649700
1.0114619732
1.0109906197
1.0102233887
1.0100967884
1.0105317831
1.0111461878
1.0117170811
1.0105284452
1.0089747906
1.0090849400
1.0110074282
1.0132434368
1.0130563974
1.0122222900
1.0113891363
1.0112361908
1.0107239485
1.0100132227
1.0105184317
1.0037188530
0.9965848327
0.9945989847
0.9472092986
1.0041650534
1.0008219481
0.9734389186
0.9941332340
1.0058066845
1.0107907057
1.0122617483
1.0118117332
1.0109061003
1.0111500025
1.0113465786
1.0121904612
1.0123474598
1.0115591288
1.0101537704
1.0103698969
1.0129879713
1.0134569407
1.0133560896
1.0132590532
1.0144149065
1.0147409439
1.0141208172
1.0136187077
1.0133736134
1.0134066343
1.0137721300
1.0139660835
1.0116969347
1.0110911131
1.0132559538
1.0140954256
1.0141289234
1.0139509439
1.0146015882
1.0148789883
1.0141794682
1.0142884254
1.0142768621
1.0143887997
1.0148628950
1.0141341686
1.0125941038
1.0118936300
1.0138812065
1.0139812231
1.0140894651
1.0147644281
1.0150250196
1.0151197910
1.0152505636
1.0147632360
1.0149246454
1.0146070719
1.0146800280
1.0133361816
1.0116801262
1.0115509033
1.0140390396
1.0153893232
1.0149924755
1.0149291754
1.0150452852
1.0148867369
1.0148928165
1.0151075125
1.0150781870
1.0157748461
1.0161172152
1.0144050121
1.0116355419
1.0116301775
1.0149387121
1.0164103508
1.0166366100
1.0165753365
1.0156477690
1.0158513784
1.0166643858
1.0163180828
1.0156190395
1.0151321888
1.0159804821
1.0146331787
1.0108228922
1.0098145008
1.0132811069
1.0144993067
1.0147262812
1.0147907734
1.0148613453
1.0156871080
1.0152999163
1.0137497187
1.0137556791
1.0132973194
1.0132453442
1.0122385025
