0.9029945731
0.9080942869
0.9091429710
0.9124301076
0.9135706425
0.9131383896
0.9135399461
0.9140285254
0.9147740602
0.9154544473
0.9164087772
0.9169834256
0.9174130559
0.9232282043
0.9196618199
0.9162595272
0.9158489108
0.9167028666
0.9157586694
0.9150691032
0.9153733253
0.9156261086
0.9165122509
0.9173688293
0.9175621271
0.9178290367
0.9191034436
0.9270769954
0.9224838614
0.9179334641
0.9177387357
0.9177103639
0.9172282219
0.9166477323
0.9167041183
0.9169622660
0.9177777171
0.9177536368
0.9183568358
0.9194387197
0.9194176197
0.9277400374
0.9227904081
0.9183328152
0.9182543755
0.9184168577
0.9180706143
0.9168021679
0.9168193936
0.9172514677
0.9180685282
0.9180344343
0.9182488322
0.9196678400
0.9196594357
0.9285201430
0.9241858721
0.9194700718
0.9190708399
0.9186549187
0.9180172086
0.9174648523
0.9174528122
0.9178849459
0.9184375405
0.9188402891
0.9191606045
0.9202835560
0.9202311039
0.9281180501
0.9240300059
0.9195668697
0.9193676710
0.9196086526
0.9188864827
0.9180385470
0.9182416201
0.9181719422
0.9188600183
0.9187688231
0.9190589786
0.9199276567
0.9201823473
0.9287581444
0.9244533181
0.9195204973
0.9192947745
0.9194027781
0.9191381931
0.9178593159
0.9180057645
0.9184271693
0.9188064337
0.9192811847
0.9191682935
0.9204509258
0.9206107855
0.9279158115
0.9084379673
0.9166272283
0.9182770848
0.9183871150
0.9183359742
0.9185547829
0.9178534746
0.9176473022
0.9181819558
0.9189250469
0.9190632105
0.9190732837
0.9199780822
0.9202346206
0.9284402132
0.9245159626
0.9197046757
0.9193446040
0.9193705916
0.9196265340
0.9188138247
0.9186026454
0.9191335440
0.9196159244
0.9196690917
0.9197357297
0.9205340743
0.9208882451
0.9296392202
0.9255313873
0.9206662178
0.9200171232
0.9198290110
0.9200081825
0.9192340970
0.9191609621
0.9195098281
0.9191458225
0.9194220304
0.9200106859
0.9207346439
0.9212130308
0.9296630025
0.9248170853
0.9206053019
0.9205136895
0.9200582504
0.9200386405
0.9196303487
0.9196711779
0.9198377728
0.9198330641
0.9199194908
0.9205607772
0.9214612246
0.9218134880
0.9299907088
0.9258097410
0.9213986993
0.9211321473
0.9207318425
0.9202737212
0.9197674990
0.9198217988
0.9200620055
0.9205798507
0.9205484390
0.9210288525
0.9222394824
0.9221147895
0.9300702214
0.9264305234
0.9216733575
0.9207649231
0.9206708074
0.9203454256
0.9203410149
0.9202517867
0.9201689363
0.9210175872
0.9212963581
0.9214776158
0.9221934080
0.9228612781
0.9305517673
0.9262040257
0.9230290651
0.9225112796
0.9229332209
0.9223760366
0.9219899774
0.9222284555
0.9224417806
0.9229309559
0.9227077961
0.9234294295
0.9239395857
0.9237964749
0.9301397800
