0.6279988289
0.6701184511
0.6988385320
0.7108076215
0.7190483809
0.7259542942
0.7320160270
0.7370622158
0.7410086393
0.7439253330
0.7458323836
0.7469028831
0.7495231628
0.7537714243
0.7579143643
0.7582284212
0.7597210407
0.7601535320
0.7609021068
0.7618990541
0.7632129788
0.7639153004
0.7646692991
0.7650603652
0.7651073337
0.7655706406
0.7661239505
0.7685066462
0.7710211277
0.7709540725
0.7721171975
0.7721447945
0.7723249793
0.7726083994
0.7734132409
0.7738664150
0.7743291259
0.7743997574
0.7740211487
0.7738912702
0.7745534182
0.7764745355
0.7786428928
0.7779859304
0.7786357999
0.7784857154
0.7783200145
0.7785691619
0.7790998816
0.7793981433
0.7798763514
0.7798769474
0.7795925140
0.7794321775
0.7796756029
0.7811354995
0.7832381129
0.7824705243
0.7830585241
0.7826679349
0.7824658155
0.7825214863
0.7828947902
0.7832821608
0.7835580111
0.7833397388
0.7830701470
0.7828040123
0.7829838395
0.7844167948
0.7864187360
0.7859439850
0.7863414288
0.7859981656
0.7857052684
0.7857178450
0.7862657309
0.7864258289
0.7865104675
0.7863711715
0.7861415744
0.7858049273
0.7858094573
0.7873193622
0.7890866995
0.7880392075
0.7882550359
0.7878054976
0.7875019312
0.7874000669
0.7879983783
0.7880372405
0.7882597446
0.7881259918
0.7878458500
0.7877302766
0.7876927257
0.7885568738
0.7876029611
0.7847313285
0.7857382298
0.7867256403
0.7868297696
0.7866963148
0.7869073749
0.7875479460
0.7877446413
0.7880119681
0.7878883481
0.7877679467
0.7877605557
0.7877627015
0.7889832854
0.7906440496
0.7897241712
0.7900443673
0.7896170616
0.7894550562
0.7894980311
0.7900742292
0.7902470827
0.7905013561
0.7905068994
0.7902803421
0.7902335525
0.7902577519
0.7917615175
0.7930822372
0.7922132611
0.7923877239
0.7917819619
0.7915517092
0.7917435765
0.7921701074
0.7923146486
0.7923943996
0.7922741175
0.7919549942
0.7917948961
0.7918520570
0.7932043076
0.7949389219
0.7938591242
0.7939629555
0.7934193611
0.7931637168
0.7933335900
0.7937235832
0.7936675549
0.7938164473
0.7936123610
0.7933660746
0.7933049202
0.7933862209
0.7944604158
0.7960656285
0.7950788140
0.7953488827
0.7950518727
0.7947869897
0.7948757410
0.7951922417
0.7952633500
0.7952415347
0.7950655818
0.7947912812
0.7945441008
0.7946145535
0.7958084941
0.7974643707
0.7962948084
0.7964803576
0.7961432338
0.7958333492
0.7958607078
0.7961314321
0.7961832285
0.7963003516
0.7962418199
0.7961915135
0.7961615920
0.7960120440
0.7968955040
0.7985972762
0.7978848219
0.7981393337
0.7976995111
0.7975617647
0.7979942560
0.7985174060
0.7987431288
0.7988991141
0.7989640832
0.7990421653
0.7990167141
0.7995088696
0.8011929989
