0.6959300041
0.7773093581
0.8428885341
0.8424230814
0.8417606950
0.8496997356
0.8489555717
0.8503956199
0.8652872443
0.8634349704
0.8613420725
0.8597126603
0.8586232066
0.8586463332
0.8865033388
0.8939430118
0.8924983740
0.8844363093
0.8776213527
0.8754106760
0.8707346320
0.8688004613
0.8781391382
0.8749688268
0.8719198108
0.8691757321
0.8675681949
0.8658966422
0.8896008730
0.8967542648
0.8948323131
0.8871096373
0.8803932667
0.8781115413
0.8734285831
0.8714170456
0.8803550005
0.8775619268
0.8748049140
0.8722741604
0.8707435727
0.8691483140
0.8913942575
0.8984113932
0.8966026902
0.8888420463
0.8821858764
0.8799622059
0.8754521608
0.8735840917
0.8825414181
0.8798714876
0.8770261407
0.8744100928
0.8729367852
0.8711642623
0.8932325840
0.9004129767
0.8983488679
0.8905295134
0.8838795424
0.8816483617
0.8771678805
0.8752752542
0.8843036890
0.8816763759
0.8790399432
0.8766022325
0.8751694560
0.8736258745
0.8961981535
0.9029433131
0.9003354907
0.8924874663
0.8857662678
0.8833365440
0.8788757920
0.8768355846
0.8853505850
0.8827362657
0.8800169826
0.8774808645
0.8760377169
0.8744540215
0.8959012628
0.9027641416
0.9005842209
0.8928852081
0.8863599300
0.8841624856
0.8798508644
0.8779140115
0.8863257170
0.8836807013
0.8811025620
0.8786255121
0.8771142364
0.8753584027
0.8943251967
0.9000270367
0.8991054893
0.8948553205
0.8880664110
0.8825637698
0.8811619878
0.8775293827
0.8761628270
0.8852857351
0.8828665018
0.8804900646
0.8782590032
0.8769644499
0.8755196929
0.8968389630
0.9036213160
0.9014317393
0.8939589858
0.8876705170
0.8852591515
0.8809638023
0.8790423274
0.8868633509
0.8842962384
0.8816759586
0.8792528510
0.8778383136
0.8763281703
0.8972584605
0.9039722681
0.9016497135
0.8941824436
0.8879358768
0.8856353164
0.8815132976
0.8796334863
0.8872148991
0.8846817017
0.8820802569
0.8796132803
0.8783172369
0.8767742515
0.8978921175
0.9043199420
0.9019610286
0.8946180344
0.8884078264
0.8860331774
0.8818085790
0.8799241781
0.8874570131
0.8849076629
0.8823412657
0.8798816800
0.8784230947
0.8768203855
0.8974967599
0.9043876529
0.9022473097
0.8950649500
0.8888727427
0.8865280151
0.8823432922
0.8803763986
0.8873952627
0.8848701715
0.8823243380
0.8798798323
0.8784264326
0.8769468069
0.8974448442
0.9039837122
0.9022732377
0.8950480819
0.8890287876
0.8865976930
0.8824627995
0.8805775642
0.8878047466
0.8852918744
0.8827443719
0.8803563118
0.8787837029
0.8772630095
0.8982906342
0.9048972726
0.9024214745
0.8957362771
0.8901173472
0.8874225020
0.8833147287
0.8810364604
0.8850951195
0.8824579716
0.8799932599
0.8775052428
0.8759072423
0.8742417693
