0.9011341929
0.9109978080
0.9134140015
0.9143968821
0.9149588346
0.9157078266
0.9156242013
0.9163180590
0.9168438315
0.9173159003
0.9180395007
0.9182558656
0.9183425903
0.9204626083
0.9274702668
0.9248347878
0.9245733619
0.9233673215
0.9228098989
0.9226983190
0.9222173095
0.9223437309
0.9217397571
0.9221498370
0.9229121804
0.9226435423
0.9227431417
0.9234097600
0.9287341237
0.9256342649
0.9258933067
0.9249043465
0.9238451719
0.9231060743
0.9234152436
0.9230640531
0.9231447577
0.9235869646
0.9241164923
0.9241514206
0.9238283634
0.9248237610
0.9296054840
0.9268171191
0.9272970557
0.9258084297
0.9243398905
0.9238836765
0.9236209989
0.9236425161
0.9237204194
0.9240980744
0.9241302013
0.9238450527
0.9240701199
0.9256122112
0.9302703738
0.9277058244
0.9276070595
0.9258835316
0.9246554971
0.9239107966
0.9236421585
0.9235243201
0.9234384298
0.9237869978
0.9242187142
0.9242860079
0.9245412946
0.9257761240
0.9302729368
0.9274424911
0.9274338484
0.9265956283
0.9251608253
0.9242452383
0.9236063361
0.9236050248
0.9232685566
0.9235389233
0.9240963459
0.9245569110
0.9245653152
0.9261660576
0.9304559231
0.9273519516
0.9275525212
0.9263536334
0.9250197411
0.9238103628
0.9232916236
0.9232556224
0.9235177636
0.9237872362
0.9245612025
0.9244025350
0.9243267179
0.9261677265
0.9175983071
0.9240598679
0.9266967177
0.9271213412
0.9262226820
0.9248037338
0.9244333506
0.9237061143
0.9237126708
0.9233229756
0.9239354134
0.9247738719
0.9249440432
0.9249756336
0.9259816408
0.9305813909
0.9278357625
0.9277573824
0.9268963337
0.9255154729
0.9249810576
0.9244383574
0.9242849946
0.9240108728
0.9243624806
0.9251569510
0.9252622724
0.9255943894
0.9263172150
0.9310058951
0.9279282093
0.9278126955
0.9268392324
0.9255295992
0.9250642061
0.9249893427
0.9250330329
0.9247692823
0.9253832102
0.9254043102
0.9256311059
0.9257146120
0.9264496565
0.9305964112
0.9279509187
0.9282040596
0.9269750118
0.9254850745
0.9250497222
0.9248650670
0.9245822430
0.9247006178
0.9253309965
0.9256283045
0.9256327748
0.9254929423
0.9262310266
0.9305072427
0.9275503755
0.9277667403
0.9265856743
0.9252262115
0.9251720905
0.9248140454
0.9250484705
0.9253451824
0.9255505204
0.9255209565
0.9257392287
0.9257807732
0.9261406660
0.9303230047
0.9274002314
0.9274637699
0.9265694618
0.9256960154
0.9254564047
0.9248437881
0.9248942733
0.9250873327
0.9251475930
0.9254193306
0.9253383279
0.9252270460
0.9261531830
0.9303598404
0.9274049401
0.9268168211
0.9258100986
0.9250889421
0.9246044159
0.9245433807
0.9241157174
0.9243876934
0.9242812395
0.9242219925
0.9244017005
0.9241521358
0.9262114167
