0.3685813546
0.4158145785
0.5304345489
0.5639285445
0.5834698081
0.5967946649
0.6063652039
0.6150307655
0.6209569573
0.6264029145
0.6313895583
0.6357176304
0.6397263408
0.6442713737
0.6494321227
0.6544218063
0.6577399373
0.6603086591
0.6624521613
0.6642694473
0.6659094691
0.6676317453
0.6688932776
0.6701931953
0.6715168357
0.6728789806
0.6743384600
0.6758008599
0.6774247289
0.6791104078
0.6806072593
0.6821347475
0.6833477616
0.6842365265
0.6851059794
0.6860520840
0.6868622899
0.6876065135
0.6884036660
0.6892243624
0.6900237203
0.6908632517
0.6919551492
0.6930071712
0.6939022541
0.6946653724
0.6953168511
0.6959500909
0.6965165138
0.6969844103
0.6975287199
0.6981546879
0.6987265348
0.6995202303
0.7001427412
0.7007279992
0.7014508247
0.7021227479
0.7028524280
0.7034431100
0.7037650943
0.7041773796
0.7044453621
0.7046463490
0.7050648928
0.7054593563
0.7058513761
0.7062752843
0.7066825628
0.7072017193
0.7077746391
0.7083765268
0.7088335752
0.7092639804
0.7096208334
0.7099333405
0.7101262808
0.7103874087
0.7107225060
0.7110150456
0.7112475038
0.7114839554
0.7117524147
0.7119917274
0.7123301029
0.7127270103
0.7129736543
0.7132254839
0.7134739757
0.7136433125
0.7137997746
0.7139355540
0.7140480876
0.7142328024
0.7145220041
0.7146431804
0.7147938609
0.7150564790
0.7151302695
0.7153400183
0.7148726583
0.7149701715
0.7151104808
0.7152458429
0.7154353261
0.7155544758
0.7156650424
0.7157185674
0.7157985568
0.7159250975
0.7159458995
0.7160477638
0.7162810564
0.7165905833
0.7168476582
0.7169723511
0.7170985937
0.7171551585
0.7172489762
0.7173019648
0.7174357772
0.7174651027
0.7174717188
0.7175912261
0.7176184654
0.7176927328
0.7179135680
0.7181536555
0.7183281779
0.7183738947
0.7184998989
0.7185682058
0.7186222672
0.7186772227
0.7187542915
0.7187712193
0.7188658714
0.7189219594
0.7189447880
0.7190551162
0.7193284035
0.7195129991
0.7197124362
0.7197407484
0.7198067904
0.7198426127
0.7198689580
0.7199379802
0.7199788690
0.7200413346
0.7200651765
0.7200792432
0.7201224566
0.7201985717
0.7203876972
0.7205343246
0.7206989527
0.7207250595
0.7207710743
0.7208485007
0.7208962440
0.7209259272
0.7209957242
0.7210124731
0.7210331559
0.7210351825
0.7210415602
0.7211254835
0.7212311029
0.7213653922
0.7214580774
0.7214826345
0.7215043902
0.7215282917
0.7215454578
0.7215955257
0.7216277719
0.7216473222
0.7216951251
0.7217652202
0.7218427062
0.7219518423
0.7221055627
0.7222520709
0.7223605514
0.7223664522
0.7223743796
0.7223729491
0.7223444581
0.7223756909
0.7224024534
0.7224465013
0.7224840522
0.7225102782
0.7225862145
0.7226870060
0.7228003740
