0.6646572351
0.7350285053
0.7571666241
0.7704766393
0.7765989304
0.7822865844
0.7866181731
0.7900699377
0.7932092547
0.7955825329
0.7979003787
0.7993215322
0.8009318113
0.8022577167
0.8025214076
0.8070484400
0.8094826937
0.8114510775
0.8123392463
0.8131388426
0.8138504028
0.8145869970
0.8153805733
0.8159636855
0.8167540431
0.8167736530
0.8166902065
0.8167402148
0.8162236214
0.8187488317
0.8213528991
0.8228762746
0.8234489560
0.8238736987
0.8239334822
0.8242685795
0.8244484663
0.8247243762
0.8247029185
0.8247765303
0.8246249557
0.8244533539
0.8237744570
0.8259196281
0.8279023767
0.8289004564
0.8294214606
0.8296842575
0.8297865987
0.8298062682
0.8297483921
0.8296954632
0.8295854330
0.8295336962
0.8293551207
0.8290798664
0.8282880187
0.8308730721
0.8324605227
0.8335132003
0.8334349394
0.8336387873
0.8335359693
0.8334171176
0.8331732154
0.8330156803
0.8329061270
0.8329063654
0.8328522444
0.8325220942
0.8316573501
0.8342707157
0.8357125521
0.8363425136
0.8362999558
0.8360548615
0.8358919621
0.8357352018
0.8355825543
0.8354550004
0.8354311585
0.8352454305
0.8349273801
0.8347601295
0.8340460658
0.8368708491
0.8382284045
0.8385309577
0.8384389281
0.8380893469
0.8378759027
0.8378138542
0.8376462460
0.8374629021
0.8374623656
0.8372680545
0.8371837735
0.8371813297
0.8348307014
0.8330289721
0.8372161388
0.8390344977
0.8396536112
0.8398022652
0.8394513130
0.8393546939
0.8391436338
0.8388625383
0.8386416435
0.8386672139
0.8385396600
0.8385779858
0.8385009170
0.8378069997
0.8401631713
0.8410133123
0.8412658572
0.8414579034
0.8411213756
0.8410342932
0.8408352137
0.8406209350
0.8407388330
0.8406416774
0.8406318426
0.8403654695
0.8401424885
0.8393600583
0.8416967988
0.8427086473
0.8427240849
0.8428675532
0.8427438140
0.8425543904
0.8423630595
0.8421944976
0.8423298001
0.8421844244
0.8421383500
0.8418616056
0.8418054581
0.8411253095
0.8431420326
0.8440490961
0.8440237045
0.8441033959
0.8441368341
0.8439460397
0.8438240886
0.8435990214
0.8437162042
0.8435524702
0.8434935808
0.8432053328
0.8430650830
0.8423979878
0.8440747857
0.8451483250
0.8453789353
0.8453176022
0.8453006744
0.8450257778
0.8446801901
0.8447001576
0.8447875381
0.8446153402
0.8444905281
0.8442545533
0.8440723419
0.8435503244
0.8449355960
0.8462334275
0.8464784026
0.8465079665
0.8464080691
0.8462569118
0.8461891413
0.8462486863
0.8464320898
0.8463526368
0.8462735415
0.8459435105
0.8455154896
0.8453969359
0.8473021984
0.8484821320
0.8488420248
0.8488796353
0.8491104245
0.8493292332
0.8494269848
0.8495237231
0.8497287035
0.8497129083
0.8494104743
0.8492287397
0.8491336703
