0.6912660599
0.7158423662
0.7508307695
0.7611975670
0.7666234374
0.7706999183
0.7729955316
0.7757778764
0.7773336172
0.7794974446
0.7808717489
0.7832821012
0.7835813761
0.7824474573
0.7832570672
0.7894849777
0.7918751240
0.7945020199
0.7961124778
0.7979569435
0.7980346680
0.7989998460
0.7996024489
0.7998820543
0.7999732494
0.7997605801
0.8011675477
0.7971758842
0.7968662381
0.8004060388
0.8012784719
0.8051394224
0.8062713146
0.8069273829
0.8072943687
0.8069853187
0.8085258603
0.8087667227
0.8086876273
0.8088831306
0.8090703487
0.8050818443
0.8049947619
0.8082186580
0.8085415959
0.8104966283
0.8120461106
0.8136791587
0.8136002421
0.8131715059
0.8141860962
0.8141321540
0.8131901622
0.8136686087
0.8136467934
0.8106658459
0.8091885448
0.8125551939
0.8131660819
0.8159914613
0.8168876767
0.8175384402
0.8174840808
0.8170695305
0.8166308999
0.8174447417
0.8174572587
0.8181166053
0.8176696301
0.8148350716
0.8127405643
0.8163611293
0.8166635036
0.8188624382
0.8201827407
0.8216796517
0.8204483986
0.8205019236
0.8207390308
0.8210842013
0.8212776184
0.8220614195
0.8210690618
0.8176903129
0.8156790137
0.8193479776
0.8193107247
0.8208960295
0.8228396773
0.8235135078
0.8231561780
0.8223369122
0.8231852651
0.8243305683
0.8236196041
0.8235052228
0.8240351677
0.8226927519
0.7945597172
0.8166674376
0.8162143826
0.8231458068
0.8252326250
0.8262097239
0.8272391558
0.8264795542
0.8257389665
0.8263024688
0.8267234564
0.8274745345
0.8275294304
0.8262744546
0.8237030506
0.8223156333
0.8250769377
0.8248773217
0.8266863227
0.8284538388
0.8292325735
0.8292216659
0.8292064667
0.8290827274
0.8292574286
0.8296810985
0.8295228481
0.8288317323
0.8259130716
0.8232985735
0.8261615634
0.8265584707
0.8285604119
0.8302426338
0.8316214681
0.8310669661
0.8307352066
0.8314217329
0.8315700293
0.8324792981
0.8317735791
0.8317702413
0.8282355070
0.8256033659
0.8287357092
0.8296452165
0.8304601908
0.8319653869
0.8329444528
0.8323046565
0.8330914974
0.8330908418
0.8324655294
0.8327730298
0.8324277997
0.8320215940
0.8286888599
0.8268297911
0.8301989436
0.8298509121
0.8312575817
0.8329243064
0.8336400986
0.8338376880
0.8338456750
0.8342870474
0.8337682486
0.8333513737
0.8335433006
0.8326346874
0.8286753297
0.8266052604
0.8310261965
0.8304789066
0.8316857815
0.8326085210
0.8333503008
0.8336552382
0.8333725333
0.8342234492
0.8343078494
0.8340199590
0.8334392309
0.8326181173
0.8291354179
0.8279474974
0.8318893909
0.8296340704
0.8315233588
0.8324695230
0.8343330026
0.8339881301
0.8339980841
0.8336757421
0.8336931467
0.8340011239
0.8337090015
0.8324268460
0.8315384984
