0.4320498109
0.6342627406
0.3000288308
4.5369148254
0.2180804461
0.0892081857
0.4144883156
0.3568125665
0.3781302869
0.5004809499
0.4274863005
0.6232536435
0.5781021118
0.7325578332
0.4730843604
0.6333025098
0.1935877651
0.0954690948
0.1226267070
0.1849878430
0.3304546773
0.1559983492
0.2612579465
0.3294402361
0.0944388956
0.1612096876
0.2854090035
0.9071331024
0.3522115052
0.1049863473
0.1074689552
0.3141042590
0.3565169275
0.1195220500
0.0946248770
0.2397123575
0.2790339291
0.1933065504
0.1175559610
0.1054767892
0.6958450675
0.2556962073
0.3419260383
0.3888427019
0.4562778175
0.1756579578
0.2914714217
0.3218972385
0.7880097032
0.7686393857
0.5828135610
0.1794613898
0.4765887856
0.2079950571
1.1129198074
0.9215637445
0.8020465970
0.4121164680
0.2800986171
0.2022870034
0.3880706429
0.6891682744
0.6361030936
0.1866973490
0.2730582952
0.3207615614
0.7828850746
0.1639781296
0.2819812000
0.6471549869
0.5890107155
0.3216381967
0.5811080337
0.1215658560
0.4284359813
0.7384442091
0.5815060735
0.7864238024
0.3383430243
0.3418212831
0.2707951069
0.1237266809
0.6891686916
0.6301538944
0.0793864056
0.8861356974
0.1045658737
0.3068036437
0.6189246178
0.7152775526
0.2134439498
0.3669890463
0.2255025804
0.6246440411
0.4456120133
0.4736199081
0.8417192698
0.1042251512
0.6777855754
0.3254449368
0.2696649134
0.4970002472
0.5424266458
0.1748913378
0.3602275550
0.8112198710
0.6703996062
0.2920345366
0.6421755552
0.1272144765
0.3734369874
1.0174527168
0.8138849139
0.2098284960
0.6745473146
0.2138583362
0.2300021499
0.1272284687
0.5678479075
0.6911877394
0.0904242843
0.3413057923
0.3275860846
0.1221648529
0.6546916962
0.0889744759
0.2644449770
0.1416321993
0.3505182564
0.2193920016
0.1202039421
0.3666877449
0.1343118548
0.4780688584
0.4665395617
0.5225681067
0.1127773821
0.0824375972
0.0839019045
0.4290594459
0.6619870067
0.0550123975
0.2901892960
0.2297068983
0.4206022322
0.8498194814
0.1604247689
0.0806866735
0.1279636770
0.6945321560
0.1336182952
0.4357561767
0.5993906260
0.5668531060
0.8903957605
0.1251873672
0.6009261012
0.5208842754
0.2956579626
0.0915325731
0.2913097143
0.2389396876
0.6985889077
0.9312512279
0.7243991494
0.2796801031
0.6792498827
0.5587146878
0.0906966478
0.3749344349
0.3929076791
0.1304033548
0.1170528010
0.1718056649
0.8510643244
0.3915891051
0.5918930173
0.1466319412
0.1722229421
0.2294288725
0.3967600465
0.1268029958
0.1613965034
0.0033050468
0.3256654143
0.4515630603
0.3509592414
0.4331632257
0.2834636867
0.2054938376
0.1075187549
0.6634458899
0.0974494964
0.8266947865
0.2363425195
0.3452821076
0.6712110043
0.7830826640
0.5122578740
0.1266233176
0.0784394071
0.1342772543
0.5802101493
0.4536714256
0.7594637275
0.1905196458
0.5721315145
0.7596761584
0.1077993736
0.2295432538
0.3059616089
0.2808883786
0.1269887984
0.4712226987
0.8054714203
0.3992715180
0.0723339245
0.2597979009
0.1343446374
0.4875923395
0.3690518439
0.1073068678
0.3812877834
0.9819725752
0.1759032905
0.0990429893
0.7750479579
0.6767050624
0.0964170918
0.5954210758
0.5210608244
0.0891045332
0.1304474771
0.1076287329
0.1337300241
0.7259148955
0.3830306828
0.1975517869
0.4745327830
0.3454171717
0.2968694270
0.3490009308
0.2464633733
0.1768364161
0.2645186782
0.1081707701
0.1110927612
0.4712738097
0.2849759161
0.1826921850
0.2675420940
0.1139064133
0.1271733195
0.7755639553
0.3667943180
0.0302732922
0.6998827457
0.7602055669
0.3725224137
0.2658658326
0.2212029248
0.5804547668
0.1168526113
0.3722495735
0.3219053447
0.1380675286
0.6390338540
0.7287951112
0.1327641159
0.3425068557
0.1059250906
0.2552246153
0.4140183926
0.3323538303
0.2460108548
0.4798029959
0.6071645617
0.3277939856
0.4116773307
0.3736052811
0.7331489921
0.3605592549
0.7840523124
0.2162202448
0.7301398516
0.8566500545
0.2699568570
0.2579685152
0.6967390180
0.1163076013
0.6893935800
0.6972742677
0.1284813881
0.9113940597
0.1971345693
0.2700209916
0.1275264323
0.6729429960
0.9363865852
0.1092314050
0.1586026549
0.1048261374
0.1387708634
0.0849918202
0.0535374209
0.2627841532
0.1059535965
0.2801453471
0.1351333708
0.7015027404
0.0822262391
0.1114534885
0.3127146661
0.6576085687
0.1171610877
0.0883971304
0.7631499171
0.0755419806
0.6026771069
0.7819641829
0.3898496032
0.1851136535
0.0987590104
0.1895387173
0.4325897694
0.6904053688
0.3037773967
0.5505374670
0.0934092626
0.0908182487
0.2116503865
0.6153460741
0.1419010162
0.2644633055
0.5006963611
0.3268578947
0.6239801645
0.6145240664
0.6725369692
0.1921487004
0.0838759765
0.2983860672
0.2253113240
0.6629011631
0.2375746518
0.0990020111
0.2307472378
0.3576989472
0.5033581257
0.4363033175
0.1280941069
1.0384583473
0.0630122349
0.5704165697
0.1534349322
0.3670366108
0.5596262217
0.0803203806
0.2699554265
0.5612369776
0.3889493048
0.2793230712
0.6138277650
0.5502743721
0.6893712282
0.5863304138
0.4137089252
0.0970480591
0.5721657276
0.3850104213
0.6702896953
0.1195586994
0.9294893146
0.7976202965
0.5749800801
0.5667542815
0.5365857482
0.2980907857
0.4902995825
0.6772951484
0.6708979607
0.0379224196
0.6966220737
0.2309973687
