0.1089738458
0.1066716909
0.0537962355
0.7818964124
0.0806656182
0.0263017286
0.0854292363
0.1286647469
0.0788252652
0.0973380432
0.0545681641
0.0355292931
0.0229902435
0.0626477823
0.1201025248
0.0552747287
0.0553603582
0.0328361988
0.0341812894
0.0570242703
0.0489081815
0.0221126676
0.0923335850
0.0891656429
0.0298317522
0.0064620799
0.0492032245
0.3300509751
0.0577812791
0.0506854430
0.0334260128
0.0714537054
0.1699452847
0.1099827141
0.0283750538
0.0414185077
0.2160010785
0.1854466796
0.0362778232
0.1168699414
0.1741671860
0.2300158441
0.0667743459
0.0830246434
0.1126811430
0.0003738163
0.0849288106
0.0443379283
0.1022752374
0.0582478419
0.0626549348
0.0352663510
0.0287136901
0.0167903770
0.3131889105
0.0704368800
0.0752284303
0.0957026482
0.0541156307
0.2251947671
0.0274303202
0.0747799352
0.1659272313
0.1293433905
0.3066897094
0.0592982322
0.0682642832
0.0904584303
0.0888868347
0.0923551545
0.1026167274
0.2182876915
0.0590722859
0.1085623205
0.1034437492
0.0861611515
0.0074105221
0.0619183518
0.0458122641
0.0506014824
0.0484626368
0.0242392756
0.0671327785
0.0788983479
0.0584061630
0.1042638570
0.0082887113
0.0620296784
0.0276208762
0.0706804618
0.0509281978
0.0707214549
0.0360019952
0.0032644400
0.1728764176
0.0071049388
0.0794199482
0.0303976443
0.0713680163
0.0186301917
0.0766823590
0.1409529597
0.0251543075
0.1099360958
0.0727029368
0.0907040462
0.1232737973
0.0511542298
0.0224557668
0.0471319743
0.2833026648
0.1116717383
0.1040724441
0.1012625396
0.0707492158
0.1081828699
0.0147859165
0.0837157965
0.0826140270
0.0964848027
0.1590752900
0.0552579351
0.0640976653
0.0225429796
0.1427014321
0.0477086157
0.0126663614
0.1297347397
0.0992192701
0.0269798283
0.1452658623
0.0045909854
0.1467544883
0.0859383121
0.0736970454
0.0375869945
0.0265484415
0.0333327912
0.0261097979
0.0839236230
0.0397904254
0.0007628550
0.0249547902
0.0556661487
0.0703141168
0.0975513384
0.0762358606
0.0531805493
0.0276007783
0.0307332184
0.0290226024
0.0070262738
0.0547644049
0.0155933090
0.0755170211
0.0230190530
0.3184067905
0.1152013764
0.0757729933
0.0351660326
0.0673435181
0.0591994748
0.0714560449
0.0873041525
0.0589681417
0.1726895124
0.0734341145
0.1564021260
0.0264625624
0.0144463610
0.1617384255
0.0357839726
0.1089104041
0.2020183355
0.0737027973
0.0172484294
0.0312623233
0.0606126860
0.0986531600
0.0771181136
0.1056280732
0.0433821157
0.0688578337
0.2150248438
0.0576821938
0.0121215852
0.0657785460
0.0786512569
0.0499288104
0.0829334259
0.0422638990
0.1149089560
0.0275325645
0.1009060219
0.0034142605
0.0879812390
0.0326314829
0.0623597391
0.0763269290
0.0065129227
0.0017160965
0.0497558042
0.1438008100
0.0894331113
0.0805211738
0.0293680448
0.1190590560
0.0589287467
0.0309047140
0.0818244293
0.0083035259
0.1118663177
0.0825046077
0.0252265278
0.0620140322
0.0752583444
0.0028401630
0.0977552682
0.0171072520
0.0497518517
0.0765766725
0.1036052927
0.0303685665
0.1017525643
0.0571614876
0.0491501018
0.0575065129
0.0617959611
0.0550177246
0.1357725859
0.1352900714
0.0472043529
0.0375406072
0.0268677548
0.1293523908
0.0518382415
0.0360691026
0.0550793670
0.0986888036
0.0252904110
0.0971603021
0.0794712231
0.1390498430
0.1599668264
0.0380472839
0.0332230367
0.0872373357
0.0156910568
0.0623052232
0.1241886616
0.1117028370
0.0394275971
0.0233344007
0.1585475951
0.0840811282
0.0001892609
0.1669865996
0.1981675327
0.0821387619
0.0592404418
0.1660085768
0.0963676795
0.0439810194
0.0575049482
0.0638154969
0.0247430820
0.0533396825
0.0607242435
0.0160355568
0.0137339253
0.0242886990
0.0683915839
0.1029137596
0.0554368943
0.0274035018
0.0961834118
0.0316098258
0.0879504904
0.1772301495
0.0341555178
0.0802103058
0.0632472634
0.0793748423
0.0276894420
0.0681992620
0.0745367408
0.0552258641
0.1269640625
0.1333244145
0.1258092672
0.0002715910
0.0570933484
0.0449568965
0.0922533497
0.0504645258
0.0065334262
0.0392307118
0.1084258184
0.5053958893
0.0123432735
0.2084522247
0.0427021943
0.0364808924
0.0279608313
0.1006942615
0.0657244548
0.0383534022
0.1095067412
0.0322467498
0.0502119325
0.0303019993
0.0261291787
0.0940279886
0.0769575462
0.0529912785
0.0268723927
0.0989112556
0.0311055388
0.1119137183
0.0011198284
0.0611587949
0.0707894936
0.0263551008
0.0705275834
0.0292097814
0.0628952757
0.0427058004
0.0888807774
0.0260526929
0.0421684906
0.1506255865
0.0792682469
0.1179186553
0.0385519154
0.0511758514
0.0014603741
0.0577963293
0.0375321433
0.0522369482
0.0516509861
0.0365995392
0.0630424172
0.0456062183
0.0416911095
0.0645855069
0.0354726054
0.2429027259
0.0758351013
0.1067242622
0.2797299027
0.0252414849
0.0896471068
0.1362826675
0.0870849863
0.0065289307
0.0807063878
0.0664663836
0.0375141688
0.0795693398
0.0743088797
0.0901471674
0.0601650663
0.1268074363
0.1304000914
0.0981011391
0.0628823936
0.0555521101
0.0376774706
0.0692173541
0.1318693906
0.0522876158
0.0499590300
0.1028029993
0.0719991997
0.0243006684
0.0682919994
0.0950230658
0.1129229739
0.2702660859
0.0662406906
0.0165097769
0.0054062181
0.1290877163
0.0809166804
