0.1054128930
0.2092224061
0.2615714371
0.3732046187
0.1317410618
0.4088946879
0.1735679358
0.1876084805
0.3217683434
0.2358457744
0.2073117942
0.1561320871
0.2363934517
0.5165423751
0.1106484756
0.3917992711
0.2086399347
0.2330221534
0.2445615083
0.3518083394
0.1561128795
0.3587272167
0.1970738620
0.3132961094
0.3107577562
0.2538872957
0.2313985527
0.3136093915
0.1151273698
0.2647538781
0.2070027739
0.2180519998
0.1047319546
0.1601421982
0.1287685782
0.2463412136
0.2532704771
0.2397274077
0.2133858502
0.5247162580
0.1807102412
0.6963784695
0.2360627055
0.2589681447
0.2894880772
0.3152083158
0.1743835956
0.2336429805
0.2311263829
0.0499050766
0.2047103494
0.1373583525
0.2450863272
0.1999262124
0.2172589004
0.1825536340
0.2134510577
0.1505851746
0.2122578323
0.3081333339
0.1878763735
0.0681141019
0.1513922811
0.2105187476
0.3091273010
0.2255001515
0.3199415505
0.2486656904
0.2217767090
0.3021889925
0.0917819887
0.1823828965
0.5747369528
0.3297510147
0.3077508211
0.2734529674
0.1236878186
0.2346276194
0.2949778736
0.2823745906
0.2795456648
0.2059830725
0.2495443970
0.0991711393
0.1116454974
0.3253845870
0.2381795347
0.1986323893
0.1955630630
0.2722769678
0.0498917066
0.1908175945
0.3646088839
0.2664198875
0.2375460416
0.0072746840
0.3976487219
0.3799994290
0.3278501034
0.2200391591
0.3487919867
0.1238477230
0.3759243190
0.0926127806
0.1901901215
0.1063682735
0.0103034237
0.1716169715
0.1553752422
0.1368703544
0.1153537557
0.3875875771
0.2986155748
0.3147914112
0.2519995272
0.2270393074
0.1883297712
0.3921994269
0.2202668786
0.2027444839
0.1017100736
0.2643371820
0.2261980027
0.2244372219
0.1800018847
0.1498521864
0.0190269146
0.2507461309
0.2382482886
0.2108774483
0.1326332837
0.1713996381
0.2083356827
0.1863624603
0.2416854501
0.3799212575
0.1926338524
0.5360977054
0.1419232786
0.2573027909
0.2253196388
0.1241949573
0.1958121955
0.2471453995
0.3461099267
0.1199339479
0.2616695166
0.2095241696
0.2464007139
0.1326163858
0.6371574402
0.3072177172
0.1938212067
0.1870325208
0.2223014832
0.3139712811
0.3659839630
0.1980242133
0.2869638801
0.1114344895
0.1642368734
0.3660381734
0.1482552439
0.1882307231
0.1691138893
0.2706210911
0.1339644641
0.2923677564
0.5133978724
0.1116294563
0.2877483070
0.2044169903
0.1573358029
0.0350995958
0.1780264378
0.2277823240
0.1775965542
0.2678631842
0.4033973515
0.2675519884
0.5258295536
0.0798767060
0.1970360577
0.1735684723
0.3238053024
0.1334704310
0.2515490651
0.1650687605
0.0546511374
0.1148254871
0.1952095479
0.0491875336
0.4072584212
0.1764420867
0.0567162335
0.4040873349
0.1180050671
0.1701084375
0.0487807840
0.2261212617
0.2130782157
0.3102181256
0.2819581628
0.2733274400
0.4611710608
0.1584478915
0.3243194520
0.1655054092
0.3373100758
0.0827762932
0.1464570463
0.1080059484
0.0963776633
0.2441099435
0.2903208435
0.0183907617
0.1768418103
0.2859776616
0.2214497179
0.0849344730
0.1154519022
0.1857634485
0.1950885653
0.1719300747
0.2246159315
0.2505406141
0.2289327532
0.0777819231
0.2407321781
0.1155856848
0.2780434489
0.1837135702
0.1148177087
0.7164238095
0.1950803101
0.2071460932
0.1748451293
0.3155624568
0.3443044722
0.3201242685
0.2166069597
0.2279883027
0.2320784181
0.2429093570
0.4220819175
0.2784131467
0.2611272931
0.3042886555
0.2222907841
0.5209835172
0.5599234104
0.1217618957
0.0833349377
0.2960602939
0.1067921445
0.3091260493
0.4628777802
0.2924359739
0.2557938099
0.3227441013
0.2934037149
0.1542017609
0.2762354314
0.3051409125
0.2752068043
0.2211125046
0.1682695597
0.1979424655
0.2946716547
0.1253146380
0.0453671776
0.2058939487
0.0935717151
0.4705349505
0.4834491611
0.3023249209
0.1952952892
0.2758423984
0.2307829112
0.3747790754
0.2459955812
0.1592559218
0.3053116500
0.1911864728
0.0485464334
0.5783984661
0.1285123825
0.1419198960
0.2089549154
0.2443577051
0.0542614162
0.2793961465
0.2184007615
0.1611894518
0.2199210227
0.1598264575
0.1791078448
0.1201667562
0.1924733371
0.2996537387
0.2109080851
0.2562735677
0.1671827585
0.2662722468
0.2703654766
0.1326592565
0.2598941326
0.1937119067
0.0852871612
0.2068785280
0.1357528865
0.1677760929
0.2961210907
0.2538604140
0.3846174181
0.3725890815
0.4343122840
0.5879513621
0.2470245510
0.3282437027
0.1681802571
0.2289022356
0.0716020986
0.2483084798
0.0260946602
0.1782570183
0.1737864465
0.2373961359
0.2789246440
0.1918586046
0.1889604926
0.0825369060
0.3016693592
0.1667530239
0.1351439357
0.4211453795
0.3155830503
0.2107287943
0.2181142718
0.2637894452
0.5624697208
0.2574934661
0.1279591024
0.3194458783
0.1461621523
0.1086919308
0.2331870496
0.2377045453
0.0379605703
0.3729778528
0.0246725120
0.3742866814
0.2116117924
0.1505808979
0.0812536925
0.3064911664
0.2987142801
0.3283004165
0.2161170691
0.6188911796
0.2576956749
0.1331520379
0.3949340284
0.2050270736
0.2389285266
0.1884750873
0.1845441461
0.3813197017
0.2521104217
0.2658553421
0.0370880701
0.2064594179
0.1756049395
0.2560093105
0.1253603697
0.2902659476
0.2635191083
0.1858123839
0.3818356693
0.0904021934
0.2299320102
0.1772767305
0.1988554895
0.1321225613
