0.2689244151
0.1676924974
0.1806007177
0.2196475118
0.4003511667
0.4284008443
0.3302152455
0.2272605151
0.1093952581
0.4192959666
0.4324992597
0.3662822247
0.5046324134
0.5431276560
0.4686076939
0.2289962620
0.2255257368
0.4071706831
0.2436309308
0.2135474980
0.3474191725
0.4006573558
0.4364809692
0.2432657331
0.3710879683
0.2210677415
0.5999858975
0.3282470405
0.2444734424
0.1966799647
0.4878990948
0.4767012894
0.2075207978
0.3193545043
0.6159697175
0.5741779804
0.2114618421
0.4317685366
1.5971180201
0.4021176696
0.5140148401
0.3834132552
0.1498432457
0.4978671968
0.2650378644
0.5429871082
0.2669134438
0.8208079934
0.5532498360
0.4504409730
0.3948828578
0.3123102188
0.4451735020
0.5422553420
0.2744779587
0.5678693056
0.7319771051
0.1471904218
0.2164807320
0.7092607617
0.4236318171
0.2083601803
0.2115572393
0.5007281303
0.4423066974
0.6594027877
0.1923567206
0.6026002169
0.2288142443
0.5979245305
0.1772373617
0.3245373368
0.3455606401
0.4853636324
0.2768725455
0.1722798944
0.3147736788
0.4862410724
0.5547834039
0.3178561032
0.2414418906
0.4663009644
0.3342630565
0.2665966451
0.4525528848
0.1838591099
0.3527993858
0.3377560973
0.5509932041
0.3865231872
0.5043121576
0.1532146931
0.5493249893
0.2406082153
0.4274192452
0.3853572309
0.3696769476
0.4974941909
0.3508453369
0.3442133069
0.5220934749
0.3908694386
0.6338950992
0.4234950542
0.2698474526
0.4742318690
0.6042463779
0.4692945778
0.2102124989
0.4736207128
0.3308962584
0.3011800051
0.4026645720
0.3790276349
0.2970652878
0.4887503386
0.5827240944
0.2362238318
0.1982548088
0.1780548543
0.5450867414
0.4247073233
0.2482275963
0.4086362720
0.3885937631
0.5391401052
0.4360219240
0.2700843513
0.3344554007
0.4702059329
0.6305559278
0.4781704247
0.3167493641
0.6048144102
0.4289427996
0.1033528075
0.1623211950
0.4451893270
0.3777539432
0.4826211631
0.3368961513
0.4262596369
0.4090564549
0.4610885382
0.1932242513
0.3616845906
0.3786363900
1.0494096279
0.4497014582
0.1795715541
0.1399330199
0.2671548426
0.4786072671
0.2147021592
0.3738481104
0.4704927206
0.4090609252
0.1499229223
0.5827369690
0.4385272861
0.1099909917
0.4196945131
0.5203711987
0.5355773568
0.4003795385
0.4637368321
0.2609650791
0.3922902346
0.4687027037
0.5002775788
0.5111032724
0.2002909184
0.2095709145
0.4835057259
0.2217131406
0.4821397364
0.4894407988
0.2058592290
0.3719236553
0.2523474097
0.2257231325
0.4177986979
0.5428185463
0.4986471832
0.4509397447
0.3722630143
0.3678298891
0.7952305675
0.4147217572
0.2238351852
0.4061947465
0.4630369544
0.3966129720
0.2584227026
0.1515439600
0.9408684969
0.1989246756
0.5456373096
0.4894029200
0.2528166175
0.4079258144
0.3132367134
0.3629787564
0.6013551354
0.5227541327
0.4603239894
0.2041933984
0.4976033568
0.5037149191
0.1849444360
0.3897908926
0.5174258947
0.4328458905
0.3275143206
0.5002626181
0.1946057826
0.2983910441
0.2517460287
0.4452757537
0.2910811901
0.2858886719
0.7419884801
0.4502276182
0.3820808828
0.3320552111
0.4102423787
0.4555989802
0.4965817630
0.1558396071
0.2768045366
0.6537626386
0.4744018912
0.2426702529
0.5077821612
0.4046858251
0.3531654775
0.2550926208
0.2432550192
0.3942343295
0.2441352755
0.2279955745
0.6028554440
0.4136199355
0.3812015653
0.4988404512
0.7558758855
0.3485103250
0.4184080064
0.2014546990
0.1125748977
0.4507595003
0.1925425529
0.3394182324
0.5662357211
0.4009316564
0.4575804174
0.5179907084
0.2705912292
0.2807752192
0.4879274070
0.2588693202
0.4274371564
0.4384595454
0.4170092940
0.2264069319
0.5355743766
0.5147800446
0.3273841441
0.2950654626
0.1626700014
0.4339812994
0.9801475406
0.3431125581
0.6277540326
0.1378808320
0.3624577820
0.2688782513
0.4416787624
0.5417385697
0.1886560768
0.4667195082
0.4574435055
0.4757397771
0.3964927197
0.2846672237
0.5587091446
0.4562008977
0.2272366434
0.3491452932
0.4629006088
0.4370107353
0.3736100197
0.1756047606
0.4611667693
0.4734610915
0.2055513412
0.4601981342
0.2933096588
0.2649561465
0.5036759973
0.4461878240
0.5682842135
0.8122286201
0.1683328301
0.1774421036
0.3748072684
0.4108565450
0.2263973504
0.2448435277
0.4673832953
0.2189611197
0.4507274628
0.3129393458
0.0971592516
0.4283151031
0.4611466527
0.5203976035
0.2392408997
0.6276647449
0.4584776163
0.2184745669
0.2719131708
0.4780218303
0.5642826557
0.2640518546
0.4901054502
0.1852794588
0.4444383085
0.3666157424
0.1666853279
0.5310979486
0.3906943500
0.2519775033
0.3218443990
0.2875276208
0.1561230421
0.5010567307
0.4644197822
0.5502454042
0.1833168417
0.3691707253
0.3893857598
0.5109882355
0.2096976042
0.5180683732
0.3452688456
0.2615525723
0.3800143003
0.1452753991
0.5238324404
0.4729808569
0.3224581778
0.2323631793
0.4338789582
0.2536621392
0.2169303149
0.4970104694
0.5046983361
0.4303452373
0.3716889620
0.4263614118
0.2721130550
0.2533648610
0.3963227570
0.1362225860
0.4559614658
0.4294545949
0.4631398618
0.2789468467
0.7968122959
0.2636293769
0.4960769713
1.1165890694
0.2072686553
0.6349691749
0.5805150270
0.4200128019
0.4281936884
0.2330774963
0.3381099701
0.3101776540
0.3109698594
0.3256151676
0.5037054420
