0.1879560500
0.2078263015
0.1715533137
0.2250168622
0.1109613925
0.1724674106
0.2933623493
0.2027522922
0.2041069716
0.0907938108
0.2546181381
0.3586994410
0.2384391874
0.1857721806
0.1342760026
0.3351646066
0.1948195398
0.0834370181
0.2245792150
0.1987939030
0.1952841282
0.1707236469
0.2821396589
0.4082908928
0.2131579071
0.2009009272
0.3352683783
0.3405049145
0.1927441657
0.1846184880
0.2828370035
0.0571695454
0.2025812715
0.1748040617
0.5684262514
0.1933687925
0.2175489068
0.5108622313
0.8864223957
0.1030724645
0.2634960115
0.2160932273
0.1520264447
0.2872584462
0.2090214044
0.2702027261
0.2882957757
0.5493254662
0.2388822585
0.2523600161
0.2582182288
0.3666453362
0.2748498619
0.3118108213
0.1507588327
0.4172374308
0.5433712602
0.1329452693
0.2723482847
0.3642635942
0.0374043435
0.1461132467
0.1863721907
0.1452236027
0.1789831519
0.4761729538
0.1631796807
0.6697994471
0.2222993374
0.4781424105
0.2047513276
0.1715845168
0.1951776296
0.1186486334
0.0519321337
0.1628604531
0.2340464294
0.2634566724
0.2850293815
0.2932989597
0.0679414198
0.2641643286
0.2717102766
0.2089719772
0.3450299203
0.1340392083
0.2274863124
0.2438251376
0.2993878126
0.1637379229
0.1567817628
0.1959846765
0.3284801245
0.2869253159
0.3253482878
0.1178228334
0.2220763266
0.2005521506
0.1603406668
0.2915999293
0.4638507962
0.4033574164
0.2751474977
0.1208707318
0.2251714617
0.2121056169
0.3525547087
0.0970783159
0.2672257721
0.1545010358
0.3070129752
0.2342444360
0.0573313050
0.1008840427
0.1615016311
0.1837780923
0.1475410014
0.2045743018
0.2584471405
0.1433990002
0.3164449930
0.1791789532
0.1864395738
0.1268582344
0.2616379559
0.1884871572
0.2580177784
0.2410666794
0.3668612540
0.4792323709
0.4256074429
0.4457912743
0.2679775655
0.5283021331
0.1870206147
0.2023103982
0.1673898995
0.3778143227
0.2299874872
0.1644804627
0.3951162994
0.0956295580
0.2144325376
0.1377998441
0.2448756546
0.3499021530
0.2068739533
0.2309276015
0.2144481987
0.3268027306
0.1872577071
0.2934225500
0.4092926383
0.0302225333
0.1647707671
0.1891947836
0.1240209043
0.1879229695
0.2179280370
0.1944800913
0.1713428497
0.3460966945
0.3729784489
0.2496799529
0.1951849312
0.0851426795
0.1928777993
0.2074087262
0.2939976752
0.3197906315
0.3426530659
0.2695169747
0.1672849953
0.1916406751
0.1812613010
0.2671709657
0.1526982486
0.2151414752
0.2187830508
0.1978150010
0.1966032833
0.1664800793
0.3596006036
0.2549691200
0.1496677697
0.2268365026
0.0375354998
0.2363910377
0.4090482593
0.0801926255
0.1037024856
0.1908845901
0.1348390877
0.2040347904
0.1674283743
0.5207340717
0.2028941214
0.4393938482
0.1258214712
0.1993421167
0.0855317563
0.1653139591
0.2309854925
0.3293007910
0.1992772967
0.0762348250
0.2298720628
0.2893834710
0.2140895724
0.1728200614
0.0744370893
0.4338122308
0.2987758219
0.3242852986
0.1577464491
0.1992899030
0.2731150091
0.2875931859
0.2009337097
0.2726306617
0.2090271115
0.7513023615
0.1345798373
0.1658603251
0.2069730163
0.0960077718
0.1556586027
0.1546176076
0.1702077538
0.2017660290
0.1487184763
0.1150456369
0.2678153217
0.1550802141
0.1014168337
0.1984094381
0.2095691711
0.1636592299
0.2218697369
0.2120696902
0.2940262258
0.6436799765
0.2755037546
0.3338464797
0.2349782884
0.4324093759
0.1876817495
0.1643406451
0.2208058983
0.2016544640
0.4829350114
0.1943029016
0.3499969244
0.1146067157
0.4623729587
0.1808251143
0.1686155796
0.2816071808
0.2044986337
0.1671842337
0.2529512048
0.0784520134
0.1313343197
0.2625102401
0.2161582410
0.2101865858
0.2320191562
0.2628228664
0.3073721230
0.1874309331
0.0990573689
0.8349016905
0.3646580577
0.2167364806
0.2511897683
0.1772990525
0.1678880006
0.2870047390
0.4361214936
0.2434450090
0.1900600493
0.1951715350
0.2976395190
0.1018870324
0.2694998085
0.1696081311
0.2082868516
0.2292405367
0.3671771884
0.1587565243
0.2880538106
0.0683993250
0.1760947108
0.1756146401
0.4278033674
0.0914269388
0.2068683058
0.1550775617
0.2735691667
0.1687062383
0.2588843703
0.4647487402
0.1124126762
0.2489861697
0.1017995179
0.1955202967
0.2531184554
0.0822670609
0.2305236608
0.2002293766
0.1946992129
0.2189162225
0.2076439112
0.1848313808
0.1498246640
0.5979034305
0.2438957989
0.1456695646
0.4695059359
0.2682309747
0.2787102163
0.3228128254
0.1902353168
0.3762774765
0.2443307489
0.0986657366
0.1393397003
0.2519171238
0.2991187871
0.2148665637
0.2987118661
0.3509676456
0.2618195117
0.0591507182
0.3047599792
0.2015726715
0.0401323251
0.0884249955
0.1615077108
0.1964675039
0.4102966189
0.1513644755
0.1940661967
0.2317341864
0.2594688833
0.1063078716
0.2791449726
0.1530207098
0.1524767727
0.2842741311
0.1457956731
0.2686965764
0.2511005700
0.5096500516
0.2274594456
0.2435383797
0.1892695725
0.2588980198
0.2608813047
0.2713356018
0.1592594832
0.2409402430
0.1851114929
0.1171616241
0.1340029538
0.2357148975
0.2275001407
0.1647140086
0.2450252622
0.4307975173
0.2808751166
0.2389762700
1.0802301168
0.1999503374
0.5516768098
0.4267972410
0.1422142982
0.4026909769
0.2262324840
0.3984815478
0.3107488453
0.2359471321
0.1931477934
0.2990070283
