0.2096215189
0.3419715464
0.2159195542
0.4614653289
0.5051117539
0.7353691459
0.2986972630
0.3242216110
0.5883299112
0.3317064345
0.4796259701
0.2450180948
0.5718165636
0.2113081962
0.4974944293
0.2791483998
0.4740322828
0.5412763357
0.3328506351
0.3676097691
0.4924563766
0.5355414748
0.5846792459
0.3647626340
0.4272288680
0.3559634686
0.4602098763
0.5582115650
0.4623727798
0.3485736251
0.5577138662
0.3102518618
0.4985539615
0.4606451094
0.4902158976
0.4827774465
0.4493215680
0.4681696594
0.4826483130
0.3979503810
0.4886159599
0.2192395329
0.5963743329
0.3642925620
0.3609533012
0.2172935456
0.2687028050
0.4179691672
0.3574943542
0.3007476330
0.3217350543
0.2462093681
0.4524934888
0.2659938037
0.3317682445
0.2872671485
0.3560427725
0.5575004816
0.5647470951
0.2489221394
0.4944224656
0.4895314574
0.2947815061
0.2471344322
0.8242564201
0.4505533874
0.4781934321
0.3230327070
0.2727085650
0.2682835460
0.4122419357
0.3664691746
0.4711987078
0.3536650538
0.4656302631
0.6214421988
0.2786817551
0.2394133359
0.5650355220
0.3315867186
0.6386050582
0.2889302969
0.4441289604
0.4228140712
0.2727511227
0.4334061146
0.3258707821
0.5097997785
0.3461785316
0.5190762281
0.4677853882
0.3420411646
0.4657171369
0.3917927742
0.2343886197
0.3485311568
0.4005968869
0.3481115997
0.3344902396
0.5247184634
0.3289204538
0.2291548997
0.3746749759
0.5370049477
0.1947494000
0.3342426419
0.5037804246
0.5336545706
0.4829576015
0.4046883583
0.2472371608
0.2531559467
0.2508327067
0.2383426279
0.4854014814
0.3247979283
0.5252131224
0.2053727955
0.4927409589
0.6341974735
0.4417098761
0.3144619763
0.5261856318
0.3425020576
0.1970946342
0.6123762727
0.4258231521
0.4782170653
0.2480802834
0.3397766650
0.4635006785
0.4712701738
0.5245617628
0.5275315642
0.2834552824
0.2271645069
0.4402737021
0.4737851918
0.5869402289
0.6140593290
0.3206440508
0.5014663935
0.5336076021
0.4964900315
0.7229602933
0.4651945531
0.4045020640
0.3823340535
0.2479319870
0.6363016367
0.4407575727
0.2840430737
0.5667018890
0.4668259025
0.4337031841
0.4858106971
0.2875052989
0.2939764559
0.4904344082
0.5751304030
0.3613540232
0.5268892050
0.5315588117
0.3068570197
0.5470278263
0.3034945726
0.4727159441
0.2617281079
0.3752259016
0.2576915324
0.5126705170
0.3523005247
0.4349817932
0.4637474716
0.4756854177
0.2425354123
0.5287032723
0.4935584366
0.2138667256
0.3461324573
0.5309648514
0.3008032143
0.5128571391
0.5234149098
0.3188401461
0.4773972332
0.4183557928
0.3388990164
0.4080375731
0.2457094193
0.5409216881
0.5195516348
0.3069913685
0.4187180698
0.4298239052
0.2238404155
0.4219367802
0.2835312188
0.5516849756
0.4375187457
0.5326561928
0.3199477196
0.5685144067
0.4284452498
0.6944943070
0.5219803452
0.2627552152
0.5571127534
0.2274347842
0.4240845144
0.3543443084
0.5658196807
0.6081207991
0.2529878914
0.2626095116
0.5050687194
0.3875108361
0.2069085836
0.5165488720
0.4766692221
0.3102506697
0.8780683279
0.5057741404
0.5659414530
0.4620885551
0.3509980440
0.4961092472
0.4556993842
0.4134101272
0.2458591759
0.3337611258
0.7821248174
0.2582244873
0.2573727667
0.3413183391
0.8711423278
0.4462563694
0.5321179032
0.5717504025
0.5441743135
0.4834621251
0.4033151269
0.5217529535
0.2576157451
0.5717042685
0.2226391733
0.3229856193
0.5372366309
0.3488788605
0.3355969489
0.4935186505
0.2673621178
0.4747652411
0.5797601938
0.2187115550
0.2737149894
0.3130900562
0.4952687621
0.4778312743
0.4495804310
0.5925593972
0.4879315794
0.3788310587
0.4287360311
0.4586718380
0.4665434957
0.4924076796
0.4319421649
0.5814617276
0.3429811895
0.3666907251
0.5556221008
0.3342564106
0.4162167609
0.2927410603
0.3387772441
0.4560455978
0.2147554308
0.3018965423
0.3157004416
0.5120286345
0.6003010273
0.1958184689
0.4446102083
0.4464592636
0.2121615857
0.5381371975
0.4163080752
0.5736030340
0.4899407029
0.3460010588
0.5234397054
0.2665544450
0.2940121293
0.3844110966
0.4326418936
0.4712314010
0.5078070164
0.5065652132
0.2216030657
0.2717896998
0.4562149644
0.4645674229
0.5289129019
0.2837184966
0.4387605488
0.5738419294
0.2324726135
0.4121180475
0.2766278088
0.5119693875
0.3803121150
0.3432713449
0.2776495814
0.4331468642
0.4850244522
0.5084066391
0.3988871276
0.5671830773
0.3533403575
0.2667700052
0.2450156510
0.5427459478
0.2923460901
0.3756879270
0.5882921815
0.3452210724
0.6081261635
0.3454955816
0.4908104837
0.5618787408
0.3555775583
0.5034361482
0.2588288784
0.4280063212
0.3194323182
0.4506461620
0.3019283116
0.3210942149
0.5484220982
0.2120931149
0.5993831158
0.2651347518
0.4884349704
0.4481305778
0.6050567031
0.2878213525
0.3745224178
0.4619047046
0.3513823152
0.5631961226
0.2751825750
0.6654374599
0.2109158933
0.3766596913
0.3536795974
0.5081006289
0.5861499906
0.4922500253
0.4695306122
0.4829576612
0.3944224715
0.5002012849
0.2637403607
0.3113594651
0.3405753970
0.3949309886
0.2527343631
0.3708232045
0.4069521427
0.4473034441
0.3936332166
0.5646710396
0.6380664706
0.1592472941
0.5398137569
0.5149011612
0.2986021936
0.5385206938
0.5015363693
0.5077868700
0.3521980643
0.4926707745
0.3001921475
