0.3117462993
0.2177723050
0.2249487489
0.3631376326
0.1510322243
0.2032597512
0.1989318281
0.2008464485
0.2248989493
0.2717247009
0.4349639416
0.3731163144
0.1980022639
0.1571108103
0.1814137548
0.1158549711
0.1779894978
0.4770218432
0.2330449522
0.2535106242
0.3606792092
0.2952815592
0.1864033341
0.2683923244
0.3406698704
0.1792414635
0.3986908197
0.4840449989
0.1314618587
0.3244977295
0.3251501918
0.4245614409
0.2344529331
0.4529625177
0.2207429111
0.2481064349
0.2127998471
0.6114885807
0.2264416516
0.2496735603
0.3420876861
0.3899321854
0.4238842428
0.1293580532
0.2151095718
0.2803261876
0.2147694975
0.2721381485
0.1374912411
0.3699730635
0.3997089863
0.4976060688
0.4478414655
0.2406354994
0.4715855122
0.4753754735
0.2800146639
0.1588276178
0.2200860828
0.4454234242
0.2954584956
0.2093370706
0.2075584531
0.4657091498
0.2106173187
0.2901608348
0.1916781813
0.4468759000
0.1459625512
0.4767707288
0.2268681675
0.0845146403
0.1715404391
0.1792732626
0.2747164369
0.4330547452
0.3464803398
0.0057256948
0.4314496517
0.1938064843
0.2116125375
0.2679976523
0.2251455188
0.2378610969
0.3957929909
0.3358446062
0.2037070543
0.4054832160
0.2423716336
0.4636718929
0.3261052370
0.5368254185
0.2593882978
0.1600466967
0.4217903912
0.3899097741
0.3202522993
0.3994865119
0.1406533420
0.4095137119
0.5649420023
0.1926337183
0.6336279511
0.3657376170
0.1982446611
0.2626494765
0.1598834693
0.1982233673
0.4471970499
0.1996305436
0.4864997566
0.4377882183
0.1221573204
0.1677949578
0.3705173135
0.2791258693
0.2322180718
0.2394648939
0.3866069019
0.4294635057
0.3216611445
0.1403927803
0.2046023905
0.2743088603
0.1729068309
0.1768046618
0.1719104797
0.2294188589
0.1666266024
0.1976908594
0.2932941616
0.1500725746
0.1632455736
0.4199114144
2.8942677975
0.1935935020
0.2976779938
0.4205506742
0.3520990014
0.3041191995
0.3514112234
0.1073498055
0.2117788792
0.0846714154
0.2058510333
0.3763096035
0.2265839726
0.2088092864
0.2123899907
0.2702653408
0.4365642667
0.1117141172
0.2532402575
0.1844251007
0.4837432504
0.1929357201
0.1557020247
0.2235647589
0.2367577851
0.4241330624
0.5523473620
0.0587323681
0.1451256871
0.2385600656
0.1506761611
0.1379427016
0.4017059207
0.2184272557
0.1885059774
0.3596961498
0.1794077456
0.1739991456
0.3195114136
0.2378379256
0.6502708793
0.5420894623
0.4911860228
0.2108253688
0.4809954464
0.3299407065
0.2120982111
0.1806008518
0.1675211191
0.1830658913
0.1050889939
0.4603825212
0.2435380667
0.2605119646
0.1288222373
0.1485711336
0.2452248782
0.3829089403
0.2546741664
0.2060258389
0.2269961983
0.4291490614
0.5916493535
0.2388627380
0.3469850123
0.1073122546
0.1335157007
0.1198836714
0.2947789729
0.2134758532
0.4629381597
0.3586313426
0.1864230335
0.4508868158
0.1710855961
0.2767407596
0.2098161131
0.3086338639
0.4751483798
0.1529374868
0.4274908602
0.6007266045
0.1302976608
0.3732745647
0.3963255882
0.2340632826
0.1952745467
0.2577799559
0.8666385412
0.1743273586
0.1793005019
0.1326011866
0.1614646465
0.4195444584
0.3778421879
0.1994069070
0.3119195998
0.3944824338
0.1599821448
0.1633461863
0.3586752713
0.2013741285
0.1548981220
0.2794942260
0.2207426578
0.1997007728
0.1853526980
0.1310581565
0.1890482306
0.2310926169
0.0771626756
0.2073529363
0.2319865972
0.4755968750
0.3310738504
0.2165164649
0.2143722773
0.3662351370
0.4121755660
0.6958602071
0.4641460180
0.4090443254
0.2314733863
0.2863960862
0.2837555408
0.4472759664
0.2526073456
0.5886881948
0.4672526419
0.3973713517
0.2269079834
0.2164040655
0.1946609616
0.1699703634
0.3559612632
0.1507030129
0.2951569557
0.1854171753
0.2517965436
0.8006332517
0.3800468147
0.3678456545
0.0802868158
0.1642632782
0.3388409019
0.4659142196
0.4820782542
0.1443166882
0.4678767323
0.2496887147
0.2338681519
0.1762957722
0.3500516713
0.4196515977
0.1940831542
0.3623092175
0.4183506072
0.1208128184
0.2645831108
0.4049075842
0.1525637656
0.3677331209
0.4146907628
0.1725372672
1.2280613184
0.1857056171
0.4116469622
0.4583863914
0.2690998912
0.2771479487
0.4299957454
0.3027493060
0.4512566924
0.1696886271
0.2230466157
0.2871612310
0.3909979165
0.2588723600
0.2865682542
0.8981627822
0.7995024920
0.2085018009
0.2645014226
0.3675951958
0.4689348340
0.1246315762
0.2800736129
0.4949961901
0.1718936414
0.2772380412
0.1881213188
0.3918503523
0.2400466949
0.1946020871
0.2288286686
0.4152380526
0.1708281785
0.4495230317
0.1254623830
0.5063189268
0.1542448550
0.1283685565
0.1532628089
0.2560170293
0.4698694050
0.3768935800
0.6262091398
0.2162964344
0.1350064874
0.1649803966
0.1741319895
0.3981607258
0.1997660697
0.1717766672
0.2496455014
0.5312488079
0.0843033269
0.1613525301
0.1800292730
0.2867380679
0.0292516518
0.2806423008
0.4700540602
0.4543158412
0.2807131708
0.5247008204
0.1626457721
0.1940702349
0.2251457721
0.1993712783
0.2018814534
0.4549502730
0.4653550386
0.2487063408
0.4300430417
0.2908898294
0.2379882038
0.2719848752
0.1674896628
0.2898772657
0.1591271013
0.1477302313
0.3675952852
0.2412996143
0.4778727889
0.2515784204
0.1873883307
0.1384387463
0.1954576075
0.3795928061
