0.1254239231
0.2482407242
0.2738412917
0.3006789386
0.2437275946
0.1142762303
0.2816107869
0.2713809013
0.1131349504
0.3147531450
0.2909520268
0.3247987330
0.2553344667
0.1727324873
0.2292436212
0.2795293927
0.1814715862
0.0501446985
0.2718738616
0.3533518016
0.1498985142
0.3515580297
0.1686526984
0.1366820931
0.2278010547
0.2334494144
0.2537466884
0.3727276623
0.1930699050
0.2831286788
0.3206372559
0.3105993569
0.2693665624
0.5852334499
0.2986381352
0.2399903834
0.2827294469
0.6218156815
0.2776002586
0.2591862679
0.3317416906
0.2275305241
0.2973368764
0.1755652130
0.2527790666
0.3231495321
0.2771499455
0.2415569425
0.2823342979
0.2262579501
0.2171247900
0.3580705523
0.3579871953
0.2464444637
0.3274682462
0.5406685472
0.2298484147
0.2478386611
0.2743772268
0.3166917861
0.3656101823
0.1906594932
0.2317287177
0.1976262629
0.2905421853
0.2163705975
0.2236880064
0.3114885092
0.2772995532
0.4257512689
0.1856261492
0.1732493341
0.2317495942
0.2030583173
0.2620092630
0.2447077483
0.2168947309
0.3482702374
0.4596111476
0.3056013286
0.2555351853
0.1575890332
0.2136246115
0.2613935769
0.2121497095
0.3483143747
0.3278861046
0.1567012519
0.2139459550
0.3847630024
0.3356338143
0.5694295764
0.2962210476
0.1605012715
0.2334190756
0.2205133140
0.2593569160
0.0145186428
0.1756405383
0.2166073471
0.3847395182
0.2057982087
0.3455452025
0.2549715936
0.1369527280
0.3143525124
0.2117563039
0.2600790858
0.3129770458
0.1853746474
0.2959994376
0.5529205799
0.1443562508
0.0945357382
0.3107084334
0.3157575130
0.2848273814
0.2467440665
0.1233551055
0.1729973853
0.2972065508
0.2200571150
0.2174685895
0.2819335461
0.2756533921
0.3182955086
0.2444020212
0.3156396449
0.2440395206
0.2399394065
0.3431479037
0.0913322493
0.1994712353
0.2556826770
0.1370685399
0.1620428264
0.2611834407
0.2572545111
0.2622577846
0.3701238930
0.1454449147
0.2828820348
0.2492084950
0.3439127803
0.1864550412
0.3148172796
0.2396825701
0.2634435594
0.2176818401
0.2291076928
0.1434393078
0.2699790895
0.2757765055
0.2222294211
0.2585460544
0.2158966511
0.2474404126
0.3524786830
0.2804094255
0.4186697304
0.3574892879
0.2758919895
0.2860652804
0.2489684820
0.2414668500
0.1650138199
0.3415053189
0.4586383700
0.3175931275
0.2251160592
0.2578665018
0.4020536840
0.2449336052
0.2433334589
0.1792320907
0.1154712662
0.2740591764
0.1954915822
0.1786669791
0.3986978829
0.3072136939
0.1752353013
0.1755821258
0.2843397856
0.3088097870
0.4218744636
0.3391931057
0.2821854055
0.1631649137
0.2469025403
0.2657507360
0.3603200912
0.3627460003
0.2513153553
0.2413963825
0.2345613688
0.5820440650
0.2403214872
0.3397373259
0.2570392787
0.1448225230
0.2616890371
0.2542214394
0.2361584604
0.3354949653
0.2647864819
0.2705008984
0.3253955245
0.2777961493
0.2700631618
0.2723709345
0.2912014127
0.3391800225
0.1618800908
0.2906951010
0.2167998999
0.1720861793
0.2962697446
0.2649507523
0.2696723640
0.2125897557
0.2667926252
0.5026466846
0.2065523714
0.3008559942
0.3235745132
0.3481575251
0.3446483612
0.0709173083
0.2813670039
0.2260607332
0.2677201331
0.3233699799
0.1923156530
0.1706499904
0.2465469837
0.3069055378
0.2842869163
0.2312075049
0.2283230424
0.3422947228
0.1964796484
0.2659998834
0.2709473968
0.5862035751
0.3124292195
0.2741759419
0.2888763845
0.2731003463
0.2743712068
0.2417195439
0.2105742246
0.3882957995
0.5734312534
0.2683701813
0.0986095518
0.2187013030
0.4756235778
0.2489695847
0.2867071629
0.3838660419
0.5171592236
0.2044384181
0.4191046655
0.2605141401
0.2669653296
0.2941643000
0.2802158594
0.2121863216
0.2712143660
0.3364037871
0.2249624282
0.2047111988
0.5451757312
0.2096570581
0.2730096877
0.3146974444
0.2379925996
0.4077019989
0.2444810271
0.3113728464
0.1978658885
0.4372836649
0.0644747987
0.2538999617
0.2375317961
0.3125320375
0.3620861173
0.2602741122
0.2352214456
0.2454221249
0.2545107305
0.2647281885
0.2069170326
0.3194088340
0.3130701780
0.1675014794
0.1904893517
0.4556100965
0.2403228879
0.2099085599
0.5398769379
0.2380234599
0.2570352554
0.2912123203
0.2905921638
0.1765943468
0.2941013575
0.3024702072
0.2650287151
0.2281688154
0.3144100606
0.1967417598
0.5540885329
0.5008010864
0.2226850092
0.3199805319
0.4381921291
0.2184718400
0.3034221232
0.2129861563
0.1605527848
0.2549362183
0.3153064549
0.2620012462
0.2938588560
0.3779197335
0.1552560180
0.2591360807
0.1861922145
0.2419427335
0.2773495913
0.3927785754
0.2796514034
0.1549054682
0.1815358102
0.2410069257
0.2740288377
0.2663117051
0.1049513444
0.4129731059
0.2776887715
0.2214433551
0.2344340384
0.3429713249
0.3507775664
0.2313827127
0.1405607611
0.2378149331
0.1853452325
0.3743064106
0.3326255977
0.2329643071
0.2514328361
0.4244092703
0.2777227759
0.3229290843
0.5570302010
0.2561419606
0.4612235129
0.3824124038
0.2495251298
0.3489193022
0.2329636067
0.2651239634
0.2577096820
0.2711722851
0.3844398260
0.4044971764
0.2118220180
0.2658084929
0.3107729554
0.2570937574
0.3994893730
0.1370608658
0.2331893295
0.1415053606
0.2060561776
0.3167737722
0.2394282371
0.3007256687
0.2077778131
0.2763351500
0.2301643491
