0.4419576824
0.5499536395
0.3914088905
0.4062802196
0.3479884565
0.3647076786
0.1290975660
0.3622196615
0.3413583338
0.5517142415
0.5274643898
0.3883846700
0.2703223825
0.1521511525
0.3632835746
0.2674815059
0.3012907505
0.3375470340
0.3178940415
0.2811079323
0.5612802505
0.3499753177
0.4470359087
0.2609158754
0.3551656902
0.1368325800
0.3337194324
0.3012246490
0.3496982455
0.3397147954
0.2809113562
0.2095236033
0.4288883507
0.2030898482
0.3035814464
0.3162900209
0.2408344150
0.3367481530
0.5716053843
0.5540686250
0.2865591943
0.3314068615
0.2372363806
0.2223918587
0.4734229445
0.1850278825
0.2726791203
0.3499315679
0.3538853228
0.1292434484
0.3368777633
0.1982526183
0.1808045655
0.2620232701
0.0805588216
0.1863295883
0.1783937812
0.5270489454
0.5534387231
0.3012783825
0.2209520489
0.2792724073
0.2410471290
0.1543917060
0.3322966397
0.2927227616
0.4553232193
0.2248351574
0.2372151762
0.3102183640
0.5389370322
0.2380202860
0.2609468400
0.1669218540
0.2112928480
0.3066016734
0.2386702597
0.2220663279
0.1894363165
0.3059373200
0.2987158298
0.3195671737
0.2696571648
0.4272196293
0.2402235121
0.2702992558
0.4707034230
0.2537701130
0.2223806232
0.2239802033
0.2626300156
0.4446613491
0.4081329405
0.3086251915
0.2607610226
0.3209008276
0.3197687268
0.2654275298
0.3155000508
0.1848099381
0.3245791495
0.2370126098
0.2915695608
0.1745287925
0.5894038677
0.4722062647
0.4908609688
0.2912892401
0.2797434032
0.3047918379
0.1694937646
0.2609786689
0.1387689263
0.3310764134
0.6541646719
0.2528912127
0.2435907423
0.2932780683
0.3871991038
0.1972651780
0.2272277772
0.2691038549
0.6020829082
0.2926476896
0.2894565463
0.3340328634
0.2170883864
0.4699315131
0.4239933491
0.2396268100
0.3262361288
0.2109907269
0.1965659857
0.3274614811
0.2767788768
0.2974689901
0.2641267776
0.1928891838
0.3021837473
0.3009242713
0.2691289783
0.3856051266
0.4424889386
0.2759449780
0.4560588002
0.2400422543
0.6987738609
0.2009261250
0.2746843994
0.2962955236
0.3029861152
0.2802683115
0.5570307374
0.2252170593
0.2491362542
0.2526218593
0.3060642779
0.3101071715
0.3833192587
0.2862278819
0.2868334651
0.2986566424
0.1960863769
0.4159397781
0.2841888070
0.4148211479
0.5968962908
0.3657740355
0.3393402994
0.1957783401
0.2774338722
0.1878751367
0.3080934584
0.2818117142
0.3191194534
0.2355076671
0.2925460041
0.2731530666
0.3013777733
0.2268315703
0.3211016357
0.4751596749
0.1867319345
0.2118906975
0.3388002813
0.2938293219
0.2585214972
0.2497735023
0.2361757010
0.2908549607
0.2795352638
0.3177719712
0.4452340305
0.2075157762
0.2363034338
0.3757922649
0.2190583497
0.1773458719
0.5498397946
0.3231529295
0.4069074094
0.2951954305
0.3304697573
0.1567118317
0.3613179922
0.2134227008
0.2724849880
0.3188912868
0.2708558440
0.1942729354
0.2742933929
0.2357544452
0.2503545880
0.4133783281
0.2967831492
0.2940072119
0.3157317042
0.5421584845
0.2877585292
0.4571439624
0.4045196176
0.3623869419
0.3442263305
0.2763394415
0.2662703395
0.4612295032
0.3869256675
0.2952584028
0.3223334551
0.2176345438
0.3135316372
0.2488723695
0.3213458955
0.3464318216
0.3166341782
0.2797194719
0.2304874212
0.3574593067
0.2220051587
0.2773690522
0.1419595927
0.2343576998
0.4750333726
0.3121518195
0.3056529760
0.3175840378
0.3773576319
0.1520943195
0.3704253435
0.3485342860
0.2520172298
0.2788321078
0.2474959642
0.2436218411
0.3112031221
0.1554928124
0.3896009624
0.2456052005
0.2593781352
0.2892927527
0.2183105648
0.2330519259
0.3906169534
0.4270206094
0.2355101705
0.4607637525
0.3723521829
0.2576410770
0.2504610419
0.3512527943
0.3236481547
0.1984706521
0.3766232431
0.3054887056
0.3966592848
0.2498931438
0.1334879845
0.3005869389
0.3766578138
0.3593482077
0.2748249769
0.3640027344
0.3025459349
0.3852350116
0.2457064390
0.2945463359
0.2518121004
0.5781530738
0.2825442553
0.2895572484
0.3633665144
0.2984509170
0.3025451899
0.2043527961
0.1530193985
0.4799247086
0.2339704633
0.2269748300
0.4368846714
0.1956282109
0.1962421685
0.2515399158
0.2510079443
0.3097374141
0.2563800514
0.4058852196
0.5159708261
0.1957299858
0.3632633388
0.2437354326
0.5190778375
0.2724221647
0.1994130164
0.2929328978
0.1785382330
0.3351715505
0.2464672327
0.4521418810
0.3216108680
0.3502361476
0.3087167144
0.3278823197
0.4658678770
0.2820387483
0.3868885040
0.2121122181
0.3015511930
0.1557166427
0.2975568175
0.2526116669
0.2040205449
0.2446444035
0.3357170522
0.2482888997
0.3939842582
0.4132656157
0.1784382313
0.2631052732
0.1961929500
0.2361807972
0.2788611650
0.3083619177
0.2759133577
0.3142729700
0.3131540716
0.2363048196
0.2357074916
0.5212270617
0.3638474643
0.3747141659
0.1950662881
0.2851842940
0.2071238905
0.3508235216
0.1211787537
0.2068114132
0.2880969048
0.2114754468
0.2998514175
0.2640798688
0.2757805884
0.2490535676
0.2590119541
0.5005031824
0.2747886181
0.2462345958
0.3604986668
0.4296218455
0.3097015321
0.0733917952
0.3232037127
0.5733432174
0.2859541476
0.2138776332
0.1558114290
0.3343171477
0.2394610345
0.3834739327
0.2929465175
0.2531075180
0.3184604943
0.2772011459
0.3345605135
0.3201415837
