0.2644177973
0.3653832078
0.4078457355
0.5973611474
0.3446446359
0.3905588090
0.3662474751
0.2815917730
0.4090886116
0.4287939966
0.3306791186
0.2544465959
0.5671100616
0.3022037745
0.3130828738
0.2931373119
0.3431457877
0.3347676396
0.3544906378
0.3057131767
0.5107370615
0.3153359592
0.4075396359
0.4149238169
0.3866699338
0.3786726594
0.3477481306
0.3466649950
0.4434099495
0.4166486859
0.3316124678
0.3219426572
0.3927031159
0.3329899311
0.3292936683
0.4014067650
0.3377062082
0.2716553509
0.5498018861
0.2979469299
0.5639128089
0.4298225045
0.3453093767
0.3189662695
0.4299244583
0.3750019372
0.4561617076
0.3431200087
0.3658081591
0.5327708125
0.3095610440
0.4628715217
0.4076225162
0.3835528791
0.5788174272
0.3242214322
0.3081992269
0.3894939721
0.2793504596
0.3110471070
0.2825942338
0.3552799523
0.3839722276
0.2969563603
0.2261577845
0.3938631415
0.3671221137
0.3717016578
0.5086166859
0.3028658628
0.1848369837
0.3625188172
0.4177258611
0.5177732110
0.3887751698
0.2983031571
0.3418095708
0.4382406473
0.3391039371
0.5290359259
0.3434841037
0.4186959863
0.3841592371
0.3594604731
0.4194418192
0.3436522186
0.2028916180
0.4196280837
0.3240865767
0.2584369481
0.2667695880
0.3710507751
0.4172836542
0.4424616694
0.4031308293
0.3477848470
0.3617847562
0.3110148013
0.3243974149
0.3988530338
0.5099933743
0.4135342240
0.2819079757
0.3841892779
0.3627065122
0.3858660161
0.3450638652
0.3888072968
0.5057118535
0.4084045589
0.3002773821
0.2549570501
0.3691329658
0.3419807553
0.3448536694
0.3512065113
0.3626834452
0.3313743174
0.2713884413
0.3774050176
0.3873674273
0.3561490774
0.3864131272
0.3822146952
0.2784116566
0.3443151414
0.3158043027
0.5483006239
0.5083292127
0.3923786581
0.4831338525
0.3575471938
0.1519378424
0.4294683933
0.8611791134
0.3763361871
0.4245952666
0.3077034354
0.3637840152
0.2600969076
0.3478395343
0.6039794087
0.4008699656
0.3245526850
0.4013060629
0.3593894839
0.3522447944
0.3616908789
0.3069631159
0.4235264957
0.3348004222
0.2817890644
0.2990748286
0.3525762558
0.4422236681
0.3556295335
0.3375510573
0.2575849891
0.6007313132
0.3816316724
0.3841597140
0.4191426337
0.4238291085
0.3776931465
0.3626385629
0.3259873986
0.2303372771
0.3570843637
0.3670397997
0.3274713159
0.4020472467
0.3819003999
0.3888121247
0.3179853857
0.3585787416
0.3975407779
0.3503930271
0.2508512139
0.3143295348
0.6905897856
0.3671173155
0.3404547274
0.3730854988
0.4083433449
0.3114504218
0.3930903971
0.3952558637
0.4529866576
0.5702598691
0.3773735762
0.4010832012
0.5220049024
0.3583690822
0.3969916999
0.3545012176
0.5226638317
0.3862512410
0.4562055767
0.6067744493
0.3376926184
0.3558199704
0.3217923343
0.3730078340
0.3082643449
0.3142643869
0.3825589120
0.3843412399
0.3722282946
0.3650363088
0.3057580590
0.6043366790
0.3461897075
0.3949139416
0.3250466287
0.3253848553
0.4026096761
0.3565642238
0.3725959957
0.2875500023
0.3228370845
0.3981312811
0.3356500864
0.2194568664
0.3558333814
0.4888324142
0.3775882423
0.4631204903
0.2933302820
0.3978451490
0.4542265236
0.4144158661
0.4247545898
0.3843343556
0.3691408336
0.3813790977
0.5316412449
0.3928624392
0.5458998680
0.4873158932
0.3662686944
0.3818481863
0.3428317010
0.2882986069
0.4097106457
0.3736374378
0.4049169123
0.3044562340
0.3490986228
0.2695671618
0.4090138376
0.3175922334
0.4951004386
0.4109718204
0.4516592920
0.3517352641
0.4828803539
0.4350931346
0.4771607816
0.4349389076
0.5393044949
0.3602327406
0.5817593932
0.3260215223
0.3263721168
0.5135716200
0.4280112088
0.3841492534
0.3446243107
0.3612883985
0.3345864415
0.5827838778
0.3780647516
0.4506420791
0.4085657299
0.4412377775
0.3622445762
0.4614485800
0.3241212070
0.3769149780
0.2645558417
0.3285572231
0.7353157401
0.3477485478
0.4045400918
0.3011233807
0.3423145413
0.5932857394
0.3768911958
0.3610045612
0.3375698328
0.2501922846
0.3130822182
0.3439959288
0.3014660180
0.4219497144
0.3267286122
0.5364122391
0.3860792816
0.3977252841
0.3251929581
0.3541294634
0.6344333291
0.3470710516
0.3202910125
0.3332208395
0.4100424349
0.3403957188
0.3248370588
0.3928898871
0.3707268238
0.4499280751
0.3563528359
0.3935068548
0.3415407538
0.3527154922
0.2339816391
0.4300290644
0.3663569093
0.3356583118
0.3441874683
0.3131308854
0.3888549805
0.5380918980
0.3442806900
0.2942459881
0.3337730467
0.3116052747
0.3376756310
0.2475573123
0.7524406314
0.4184833169
0.5514031053
0.2396337390
0.4082838893
0.2237942517
0.5430287123
0.5246880054
0.3968224525
0.8842480183
0.4136318564
0.3342593014
0.2584648728
0.4365908504
0.3363825083
0.3853697181
0.3686901927
0.3790531754
0.3514929414
0.3112367988
0.5674769282
0.4478759170
0.3915530741
0.4276978672
0.2864890397
0.4208610952
0.3712088168
0.4087151587
0.4184127152
0.3547756970
0.4022132158
0.3776654005
0.3854584694
0.3495098948
0.3055203259
0.3679992557
0.4087059796
0.3376038671
0.2236595005
0.3779894710
0.3639062345
0.3728916645
0.3342779875
0.3394742012
0.3275858164
0.3452051282
0.5394004583
0.1491754204
0.4075312614
0.4563815594
0.5153768659
0.4409553111
0.1322381496
0.3566746414
0.3361638486
