0.8855795264
0.2737646401
0.0025482411
0.2358280718
0.1662399471
0.4472636282
0.1887293756
0.5390955806
0.1771924496
0.3248140812
0.6191863418
0.1303060204
1.9430671930
0.1462204903
0.1488312483
0.7712874413
0.3523992896
0.8119262457
0.4504305124
0.1237399727
0.1526391059
0.1681686640
0.7716508508
0.1152654663
0.1313776821
0.1378181577
0.1158730909
0.1273055971
0.1311570704
0.1770644784
0.2307509482
0.1230211854
0.2197892368
0.3181014955
0.1284731776
0.5692853332
0.7393209338
0.1541761309
0.1143813729
0.1232976839
1.4877482653
0.1321559846
0.6290673018
0.1089580953
0.1272260249
0.1246216297
0.6705563068
0.5966455936
0.1318354011
0.1918670088
0.1558669806
0.1167019457
0.1058855429
0.9472081065
0.3899847567
0.1202645153
0.1284235120
0.1519747078
0.4197152257
0.6322073340
0.3386110663
0.1614382416
0.1606788635
0.1189381927
0.4532707334
0.2730120122
0.6261821389
0.5645061731
0.1182576418
0.5076412559
0.1271289736
0.7001587749
0.4717735052
1.1557013988
0.1043227315
0.3976058662
0.1827492863
0.1211953387
0.1379179060
0.1448706836
1.5183674097
0.2066117376
0.8067070246
0.1266467273
0.1075044051
0.1249885559
0.7518472672
0.5167463422
0.1391277164
0.1186337173
0.5176185369
0.1333824545
0.4362610579
0.1498996615
0.2623971403
0.1354545951
0.1778857559
0.2416307181
0.0423569530
0.5323323011
0.1265501380
0.1515432149
0.1592387110
0.1393789649
0.3173754513
0.1493964046
0.5455517769
0.8329772949
0.1417346299
0.1253981441
0.1371583641
0.1549718529
0.5315380096
0.5290147662
0.4312600195
0.1673532575
0.1622582227
0.1020217538
0.1253759563
0.7763496041
0.6104547381
0.3565973938
0.4876452684
0.1661514640
0.4555558264
0.5646358132
0.1383655816
0.2371423244
0.4939137995
0.1192325205
0.3611507118
0.1199901253
0.1088206619
0.4538995326
0.1494122297
0.1304510236
0.1553854495
0.1406772435
0.1260439605
0.5499626994
0.4713313580
0.1090159193
0.1582911462
2.1597750187
0.0905710161
0.7569439411
0.3671598434
0.0822057873
0.1262011528
0.1184674054
0.4306988120
0.1769133061
0.1255970746
0.4266989827
0.4758449793
0.1128476709
0.5945718884
0.1402973980
0.5275413394
0.5336833596
0.1214708760
0.1301991343
0.1209913790
0.1226090416
0.4369183481
0.5415812731
0.1136784256
0.1368563771
0.8066928387
0.1313601583
0.1273822188
0.1177954823
0.7186139822
0.5495775938
0.1092903987
0.2934105694
0.1358136088
0.1286963969
0.1209060401
0.4758634567
0.1608618945
0.1086796448
0.3279729187
0.1547964811
0.1239342242
0.5224514604
0.2895328104
0.1762014329
0.1820608824
0.6498499513
0.2996659875
0.1241679043
0.1238377914
0.8250063062
0.1127096042
0.1428933144
0.1474592537
2.5870528221
0.5230149031
0.0014558624
0.1691156924
0.3586574495
0.4614917338
0.0654298440
0.2185931057
0.1963914782
1.1452103853
0.7475815415
0.1175347939
0.5235920548
0.1652920395
0.1707743108
0.1661570668
0.5140368938
0.1525793523
0.1637109667
0.5695052743
0.5656974912
0.4209910333
0.0456460789
0.8824099302
0.1300437152
0.1190966368
0.1159721240
0.7436820269
1.1588402987
0.1409417391
0.1595447659
0.7990559340
0.1626500636
0.5839767456
0.1721275151
0.1451634169
0.1396000087
0.9492637515
0.1451163739
0.2941444218
0.4723515809
0.8764584064
0.3936032951
0.7468020320
0.7599604130
0.1257967800
0.1146859154
1.1000976562
0.1585914791
0.1349626929
0.1364965886
1.5226416588
0.3450966477
0.1623131782
0.1150041074
0.4796246886
0.1362582296
0.1300858259
1.3285088539
0.6085311770
0.1420178115
0.1197343692
0.4821089804
0.1716849953
0.3053202629
0.1285086721
0.5628588796
0.6595510244
0.8603084087
0.3835755289
0.5487353802
0.1311832070
0.1487436742
0.2077421248
0.1237179637
0.3117368817
0.2675867677
0.1056286693
0.1516519338
0.1353468895
0.1291469485
0.1459193379
0.1157126129
0.1188833863
0.7336474061
0.1797750592
0.2526942790
0.1329518557
0.6899409890
0.1650352329
0.1351745576
0.5606660247
0.4668742120
0.4887409806
0.3364304006
0.7290835977
0.4973557889
0.1500242949
0.0897466913
0.1234057918
0.6417935491
0.1169832125
0.1547343284
0.3067582548
0.1130092144
0.4900948107
0.7518754005
0.3017973304
0.4815857112
0.1115767360
0.6844722629
0.3012005389
0.7503939271
0.7782411575
0.1312233657
0.5070460439
0.1369861513
0.7911822796
0.1138985604
0.0221808124
0.3398765922
0.1279512048
0.5672867894
0.1145340502
0.5332993865
0.1294394732
0.7962361574
0.1086770669
0.1266477704
0.0313941091
0.1023282111
0.8910098672
0.6773837209
0.2542807460
0.4167127907
0.1105367914
0.1232499406
0.0891851783
0.1173691377
0.1159567684
0.1297344863
0.8724115491
0.3483016193
0.5550611019
0.1320514530
0.1622813493
0.1422756314
0.1726845652
0.0097094923
0.2017819434
0.4492268860
0.7459462881
0.1415055543
0.2178933620
0.8101240396
0.1372372061
0.1375764757
0.1441754401
0.6779711843
0.5920952559
0.7818393707
0.7975821495
0.2751855552
0.6905955076
0.1364211142
0.4153363407
0.1380320340
0.5849868059
0.5550063252
0.4836182892
0.4573936462
0.1546078026
0.1206963286
0.1761249006
0.1358576417
0.1245072037
0.2657768726
0.1204022169
0.1332098842
0.8021988869
0.1431252956
0.5538099408
0.6273770928
0.1842597723
0.4235790074
0.4816058874
0.2540927529
