0.0628870279
0.1000736952
0.1485408247
0.0863913074
0.3572586179
0.0482156575
0.0712094009
0.3021237552
0.0695348084
0.0622152574
0.0087491581
0.0567944311
0.0614490248
0.1085353419
0.0450341068
0.3355045021
0.0484216511
0.0351393409
0.0203147698
0.0639455840
0.0646826699
0.1194647998
0.0737399757
0.0026065840
0.0510284118
0.0395812206
0.1218249500
0.0581073612
0.1215266511
0.0366133153
0.0549354255
0.1574697644
0.1063062549
0.1297338009
0.1415251493
0.0296770968
0.0542679690
0.0012625613
0.0289586782
0.0347997844
0.0611368716
0.0293431580
0.3029469252
0.0128192352
0.0126641421
0.0054844604
0.0009868336
0.0193664525
0.0716528818
0.1183040738
0.0291055031
0.0755043998
0.0116312020
0.0279523265
0.0509706289
0.0532090515
0.1150525883
0.0765628442
0.0670809597
0.1622419059
0.1390904337
0.1338262558
0.0376295298
0.5940241218
0.0572278909
0.0614729933
0.0350625850
0.0734663233
0.0954656526
0.2027741224
0.0263253357
0.0586188734
0.3657791615
0.1410104632
0.1846623421
0.0059238323
0.0490323827
0.0536693186
0.1689828634
0.2416199595
0.1654367894
0.0375907607
0.0132333832
0.0446731187
0.0462060161
0.0080827316
0.2540538609
0.0815224499
0.0685743988
0.1116048694
0.1355257630
0.0637400076
0.0004130687
0.0003647637
0.0407968424
0.0929554850
0.1848083287
0.1923746169
0.1160372570
0.0367690548
0.0005850684
0.2670932710
0.0497786403
0.0369767994
0.0564496778
0.0674870312
0.0150362058
0.0193391722
0.2659332752
0.0844588503
0.0451419130
0.5290268064
0.0278839562
0.0287833922
0.0356179737
0.0347250737
0.0405800417
0.0222268980
0.0020425522
0.1659630388
0.1331783086
0.0355008170
0.0450740419
0.0637865663
0.0474134386
0.0757448822
0.0928265378
0.0405894890
0.0147491144
0.0368489921
0.0974134579
0.0944277793
0.0274071209
0.1183599532
0.0774947256
0.0060734283
0.1575588584
0.0258661490
0.0308340006
0.0895463452
0.3579060137
0.0513880439
0.0399381034
0.0360020325
0.0849456638
0.0749228895
0.0003338185
0.0453573726
0.0283535905
0.0321991406
0.1122314706
0.0585256517
0.0941398814
0.1088116691
0.0157368165
0.0831008703
0.0194076318
0.0383323804
0.0685154796
0.0698606297
0.0802586377
0.2165934891
0.0504335202
0.0649540573
0.0914123729
0.0473370962
0.0275062993
0.8885574341
0.1921423823
0.0236164909
0.0824834853
0.0391014479
0.1258525997
0.1277014315
0.0370892733
0.1600231826
0.0665753111
0.1340088993
0.0347130112
0.1100116819
0.0382592119
0.1498192251
0.1653624475
0.0730073228
0.0328857750
0.0350947306
0.7539184690
0.0190955810
0.1593707353
0.1157135591
0.0738432109
0.0796837062
0.1019160524
0.0277166106
0.4322088063
0.0140533550
0.1489996612
0.0004414302
0.0643216074
0.0703026205
0.0938000977
0.4104622602
0.1423252970
0.2341135442
0.1446467340
0.1100367382
0.3519958854
0.0956023782
0.0175613891
0.0401405245
0.0382474288
0.0288222414
0.0897795781
0.0410600156
0.0766937360
0.2081342340
0.0521784462
0.0586542822
0.0271885693
0.0797693282
0.0918759480
0.2387099564
0.0089159515
0.0566239357
0.0190886986
0.0654546916
0.0246986225
0.0661598071
0.0250527374
0.1688673943
0.1407013535
0.0232820958
0.0505102165
0.0648298338
0.0501961634
0.0001025992
0.0469694734
0.0361444131
0.0550827309
0.0800741911
0.3777889311
0.1167282164
0.2249654382
0.0269582514
0.0619759746
0.1354259551
0.0942153633
0.2164129466
0.1542953253
0.0372249819
0.0355480537
0.0456430800
0.2333602607
0.1250460595
0.0345865674
0.0202588085
0.0347274467
0.0402491689
0.0260750875
0.0350588188
0.0373297371
0.0124356123
0.0621669404
0.0452890769
0.3939440250
0.0416735299
0.0105992761
0.0570434369
0.0442568064
0.1543798447
0.0299224500
0.0478162393
0.0233674366
0.0449833348
0.1048884913
0.1660666168
0.0339107551
0.0924567953
0.0577742830
0.0749598444
0.0551556684
0.0743227899
0.0384720899
0.1380103827
0.0709035620
0.0049900049
0.2693693042
0.0909916759
0.1255000830
0.0555304550
0.0815281346
0.0308260601
0.0015117103
0.2699411213
0.0276162922
0.0111918524
0.0855961293
0.1080870777
0.0799366832
0.0252685323
0.0313503444
0.3412998021
0.0710985065
0.0376569666
0.0604010113
0.1082045957
0.0335120969
0.0563302040
0.0617842525
0.0260946006
0.2010477781
0.3295919597
0.2690530419
0.0583165698
0.4827219546
0.0263971202
0.0560698062
0.0510303378
0.0560100302
0.1330739409
0.0120362714
0.0401106998
0.0824069381
0.1574084014
0.0980129167
0.0634335279
0.2156122476
0.0397814140
0.1648994237
0.0862420127
0.0909302011
0.0026988506
0.0607839860
0.2616043389
0.5277403593
0.1850707531
0.1133817509
0.1421338916
0.2035937756
0.0984762758
0.0933139771
0.0783889666
0.0291382782
0.0092591615
0.0685346648
0.1207325533
0.0126704033
0.0582316071
0.0206279233
0.0188250747
0.0196342729
0.0107754851
0.1255562752
0.2416249961
0.0185683388
0.1835124642
0.1818933487
0.0367368497
0.0368858799
0.0957957357
0.0393602513
0.0609181374
0.0799967200
0.0424190499
0.1238724887
0.0571475998
0.0050050602
0.1635377854
0.3698954284
0.4969114661
0.0558440350
0.0459916182
0.2100233734
0.0347225554
0.1655269861
0.0124230701
0.0987254009
0.1121877134
0.0926530361
0.0354117937
0.1133747771
0.0562016591
0.1038458794
0.1159072816
