0.3825258017
0.2219600827
0.3076511919
0.1384596229
0.2327514887
0.1605221927
0.1663571298
0.6967599988
0.3863467574
0.2193309069
0.9090040326
0.1442181468
0.7821363211
0.7030878663
0.5782905817
0.7018535733
0.1873737723
0.2891413569
0.1765105128
0.1764985919
0.7091238499
0.2164792567
0.3052007854
0.2710469365
0.1734768599
0.2160573453
0.2356596291
0.1396364868
0.1674865782
0.2078708410
0.2206354141
0.1620675772
0.3216927946
0.1947449893
0.7679833770
0.1556077451
0.1347613186
1.2383292913
0.2140917331
0.1333308220
0.4012162983
0.1669509113
0.6130024195
0.2108914405
0.2587064505
0.1603980213
0.1196965724
0.2227170765
0.1669351012
0.2376537770
0.7241299748
0.1455971152
0.2361284345
0.2427869886
0.1469870210
0.3022012413
0.3862155080
0.2268910259
0.3238904774
0.1660280377
0.5449010730
0.6904767156
0.1450926065
0.1949669719
0.1627872437
0.2583867908
0.6628819108
0.1367466152
0.1900210828
0.7435479760
0.1663200557
0.1760266721
0.2869846821
0.2605272532
0.2691423297
0.7360558510
0.2134747356
0.1718468517
0.1836733222
0.1679209769
0.2802103460
0.5849793553
0.2538850307
0.2480341941
0.2132056653
0.3565359712
0.3214023411
0.1907401681
0.6856219769
0.1806930751
0.2629497349
0.2682469487
0.2810574472
0.1959645301
0.2962657809
0.1926153004
0.1682206541
0.1387193203
0.0947677568
0.9438021183
0.2194921225
0.1410614401
0.1257428825
0.1373767704
0.3149481714
0.5762858987
0.1102318987
0.2077013105
0.7588965297
0.1725738794
1.1081891060
0.2451007366
0.7826929688
0.1964027435
0.2723199725
0.8984858990
1.2856471539
0.2575369179
0.9230858684
0.2262921780
0.1395096183
0.1534891129
0.1876301616
0.2062382996
0.1990880519
0.5335722566
0.2262685448
0.3558952808
0.2124064416
0.1639333218
0.1173119694
0.6850641370
0.1909876764
0.1981545389
0.1791516095
0.2500509918
0.2022931129
0.3224935830
0.2060818374
0.3406017423
0.2917928994
0.1432740539
0.1998512447
0.1423796564
0.1882338077
0.2226801962
0.2372309715
0.1241127476
0.9240787029
0.3237927556
0.1515101641
1.0217010975
0.2361660898
0.2462184429
0.4127001464
0.1537507176
0.1990962774
0.1638353020
0.2402598709
0.2895709574
0.8286132216
0.1871973127
0.3298482895
0.8947558403
0.2287104279
0.3637815416
0.1699081212
0.2138190717
0.2521090806
0.2715765536
0.2678347528
0.1700266302
0.1837433130
0.5946259499
0.0849308744
0.2437239140
0.1824970990
0.2001228780
0.1508552283
0.1605748683
0.2594533563
0.2761666775
0.6712367535
0.1940617263
0.0109034432
0.1976405829
0.4718299210
0.2382525355
0.2110164464
0.8949609995
0.1494502425
0.0916131288
0.4874446094
0.2052456290
0.2874861360
0.1647709906
0.9205446839
0.1733001769
0.1725562960
0.1755779684
0.1798743308
0.7345907688
0.2315016240
0.2008017004
0.2552471459
0.2402481884
0.1917347759
0.1976235658
0.3106908202
0.2400160879
0.2204319090
0.2803866863
0.2418102920
0.1533488333
0.2524517477
0.3085725605
0.1974772513
0.1987896711
0.1961757392
0.1635107398
0.2304589599
0.9225867391
0.1861381382
0.2023224682
0.7201547027
0.2342291325
0.1725986004
0.2663409710
0.2270720899
0.2668479681
0.8745889664
0.6491954327
0.1344159842
0.1693358272
0.1534531265
0.2023630738
0.1843065023
0.1481402218
0.2218017429
0.2558541298
0.2666249871
0.1237505302
0.1954040825
0.2409353703
0.2228819132
0.1850959212
0.2208814919
0.2616370916
0.1883947402
0.2460715473
0.2966671884
0.1674847603
0.3923517764
0.2288646102
0.2708987594
0.8479139209
0.2941983342
0.2113313675
0.2027409673
0.7042514682
0.3232405186
0.3309032321
0.2599876821
0.6837264895
0.2520029843
0.2041241825
0.3863165975
0.1766067594
0.7596530914
0.4915886521
0.6788917184
0.1910713315
0.1493685842
0.3010351658
0.2478072643
0.2622160017
0.7441049814
0.2366451621
0.2852759063
2.3081638813
0.2928124964
0.2288317233
0.2806616724
0.1703097075
0.1650754362
0.6755682230
0.3074555397
0.2628414929
0.1711346358
0.2220156491
0.1344461739
0.2508040071
0.1940939277
0.1393317282
0.2390587479
0.2645505369
0.7835505009
0.1352127343
1.0908364058
0.1708875149
0.2436541021
0.2719176412
0.1988332421
0.1894199997
0.1867760122
0.1655027419
0.1142898947
0.1843018085
0.3084960580
0.1689288169
0.6311322451
0.2118218392
0.1666668653
0.2959674001
0.2018627822
0.1369983405
0.6238329411
0.1745751053
0.1691181511
0.2855882943
0.1537998468
0.1900624633
0.1820729673
0.7012826204
0.1762230992
0.1532243043
0.1591049135
0.9470492005
0.2273844033
0.2181353867
0.2934417725
0.2003394365
0.1681150049
0.2260092646
0.4219045639
0.2595668733
0.1470232308
0.2112853825
0.2245788574
0.2255878597
0.6495184898
0.2160824537
0.2748671174
0.2441098243
0.2073343992
0.1724021882
0.9209700227
0.1787309647
0.2502319217
0.1463900805
0.2063257545
0.4094512463
0.2400136441
0.1614696085
0.2321721762
0.1936721355
0.8012917042
0.2242637426
0.1632587910
0.2332984209
0.3047421575
0.1441724449
0.1667287946
1.2663501501
0.2217802703
0.2114901990
0.5864499211
0.8263758421
0.2570655346
0.7336887121
0.1786303371
0.8719277382
0.1433831602
0.0943440720
0.2497068793
0.3055935800
1.0103859901
0.8998880386
0.2122616470
0.3406594992
0.2836027443
0.1579410136
0.5141609907
0.2310964763
