0.5053671598
0.4508195817
0.4760486186
0.4390309453
0.4443084002
0.4827048182
0.3771307170
0.4676571786
0.5092261434
0.2281946391
0.3529224098
0.4395755231
0.5014820099
0.4649628401
0.3674230278
0.4317645729
0.3963243067
0.4386489689
0.4155397117
0.5643622279
0.4487779140
0.2180999666
0.4355167449
0.4312786162
0.5536504984
0.4455229342
0.4666090608
0.3521155417
0.6570962071
0.4880867004
0.5138893127
0.5660975575
0.5196189880
0.4897031784
0.3100884259
0.5541887283
0.2885444760
0.5390772820
0.4972452521
0.6222577691
0.5363931060
0.4007264972
0.5105036497
0.4247676730
0.3049952686
0.3863658309
0.5660738945
0.4092418849
0.5797631145
0.5560749769
0.3667345345
0.5414236188
0.5150123239
0.5122175217
0.5445025563
0.5209406614
0.5512558222
0.4612634182
0.5288289785
0.4421424270
0.3612371385
0.4987867177
0.8876184225
0.4332730472
0.4268618524
0.4482623041
0.4864712358
0.4393399358
0.4240143299
0.4843625724
0.8315510750
0.6683952808
0.3570666313
0.4970299602
0.4373509884
0.3625766337
0.3280661702
0.5243250132
0.4744120538
0.3593429327
0.4683203995
0.5018959641
0.5173379779
0.3990913928
0.4602168798
0.4174969196
0.4909385741
0.4623206258
0.6131080389
0.4659501016
0.4677586854
0.4645947218
0.3102182448
0.5413163900
0.4833479524
0.6273557544
0.4037438333
0.5440558195
0.4309966862
0.3470749259
0.4988382161
0.5286910534
0.4625152647
0.4419519901
0.3871383667
0.5861102939
0.4176648855
0.4346622825
0.5121148229
0.3517098725
0.4447305202
0.5255656838
0.3697165251
0.5238506198
0.4407970905
0.5084814429
0.4801494777
0.4660308063
0.2390194833
0.4242530763
0.3470104039
0.5599827170
0.4582898319
0.5408579111
0.6052712798
0.4877040386
0.4736872017
0.5663829446
0.7270597816
0.3633231521
0.4664128721
0.3551708758
0.5380973220
0.7140436769
0.3960342109
0.5102537274
0.5665848851
0.4069624841
0.4774968028
0.4567390978
0.3882011473
0.5115936995
0.5098648667
0.3993908465
0.5065549016
0.4700903893
0.3953578472
0.0938355625
0.4747111201
0.4351889789
0.5313655138
0.5188699365
0.3511477113
0.3827705681
0.3603542745
0.4690224528
0.6309599876
0.4601013064
0.5853985548
0.4507304430
0.5100753903
0.5285646319
0.4734708369
0.4732855856
0.4684598744
0.3762767613
0.4475071728
0.3453359306
0.5301125050
0.4704788029
0.6319637299
0.5398851633
0.4398617446
0.4446668923
0.4527469575
0.4176447988
0.3483216763
0.4712428451
0.5169140100
0.5364674330
0.4699263573
0.4478449225
0.4884263575
0.4137231112
0.5379726291
0.4324260056
0.4573294222
0.5406062603
0.4527405798
0.3916938305
0.4249926805
0.4792824686
0.5528193116
0.5243780613
0.4698806107
0.4185408950
0.5118906498
0.3758178353
0.5811083317
0.4623365998
0.3884274960
0.5233646035
0.4098451734
0.5258787870
0.4481702447
0.5012274384
0.4464109242
0.4234149754
0.5402861238
0.4407305121
0.4274965525
0.3813117146
0.3766146898
0.3784261048
0.4080088139
0.3726313710
0.4521549344
0.8451408744
0.5340850353
0.5850855112
0.4290513396
0.5029917359
0.3602424264
0.5610423684
0.2996092439
0.4691848159
0.4759831727
0.4127367139
0.5339710116
0.4898155034
0.4519214332
0.4694852829
0.3982437551
0.4326518476
0.4796623886
0.4026608765
0.4340876043
0.5276430845
0.5373995304
0.3873211741
0.3865880668
0.5274493694
0.5404294133
0.3919830918
0.1640352607
0.3588582873
0.6768047810
0.4919783771
0.3466105461
0.5111394525
0.5573719740
0.6535125375
0.5022907853
0.4824853241
0.3207443357
0.5519170165
0.5001741052
0.5102141500
0.4731996357
0.4240113795
0.4137661457
0.5815840364
0.4107383192
0.5296157002
0.5889986157
0.4177809060
0.5336715579
0.5044376850
0.4353394508
0.7605592012
0.5012920499
0.1835976839
0.3723350167
0.4427997470
0.4806993306
0.2959519923
0.4448980987
0.3226000965
0.4226179719
0.4581994712
0.3134991229
0.4882718921
0.4384169579
0.4737467468
0.4360504746
0.3728020787
0.4677296579
0.4615918696
0.5172564983
0.5027726889
0.4033777714
0.3507271111
0.5269848108
0.8054845929
0.4899466038
0.4712838233
0.5458363295
0.4290384948
0.5219132900
0.3938872814
0.8289977908
0.5516469479
0.5015364289
0.5197764039
0.2978903651
0.5514729619
0.4763026237
0.6154069901
0.4698575735
0.5830298066
0.4914078712
0.3841681778
0.5668003559
0.4636111856
0.6608688235
0.2757791281
0.4370076656
0.4993904829
0.4535509646
0.5622447133
0.4790406525
0.4753151238
0.4024237990
0.4119129479
0.8381538391
0.5062331557
0.6180674434
0.4787508845
0.4949337542
0.5362872481
0.4239567518
0.5363429189
0.4676177800
0.5454994440
0.5282819867
0.5246433020
0.3756206632
0.3393900394
0.3836269677
0.1997215301
0.5784265995
0.5169010162
0.3622720242
0.3763007820
0.3865217268
0.3838001192
0.4555375874
0.5105553865
0.5328977108
0.0762104169
0.4659128189
0.4151219428
0.4552360773
0.5093030930
0.5021245480
0.3874622881
0.6271098852
0.4870616198
0.4057937860
0.4848166108
0.4486792386
0.4604881406
0.4175478518
0.5160526633
0.3780393898
0.3600247800
0.4735804796
0.4118694365
0.4329384863
0.3402687609
0.6626746058
0.4413867891
0.4224266112
0.4108372033
0.5589846373
0.5020295382
0.5433672667
0.3883027732
0.4899243414
0.6082063317
0.4703911841
0.3710658252
0.5630321503
0.5358594060
