0.3854917288
0.0466746017
0.0695329979
0.0643352568
0.0418879725
0.0666524693
0.0513042398
0.0537125878
0.1173531115
0.0585512370
6.4148707390
0.0812421367
1.5508236885
0.0744705349
0.0712543428
0.0762710199
0.0972282663
0.0786399543
0.0569472760
0.0819079131
3.1337597370
18.3597793579
0.0726618767
0.0600167997
0.1139477789
0.2279306948
39.4721527100
2.8479461670
0.0635124072
0.1004153714
0.0695708618
0.0476784855
2.5077626705
0.0791066289
2.1089689732
0.2978039384
0.0676042736
1.6953827143
0.1542710960
0.0505130030
1.2883485556
4.1167922020
0.1053224877
0.0739369839
0.0731400102
0.0556699932
0.0946224704
0.0701588243
1.0735378265
0.0704480335
0.0798396841
0.0925893486
1.1677143574
0.2740768492
0.0563740246
0.0676471069
4.2338919640
1.7017016411
2.8773188591
2.9950530529
3.3253843784
0.0662643015
0.9935498834
0.0655152202
0.0850731432
1.7296403646
0.1159952879
0.0595338084
0.0522311106
0.3714788258
1.4479820728
0.0489762053
0.2535217404
3.4318571091
0.0570427254
0.0499625541
0.0621642359
0.1270475835
0.0562061593
0.0577370897
0.0883699581
1.3783963919
0.0678188503
0.0642952770
0.0607669055
0.0724999532
2.2563686371
0.1576008052
0.2877851725
1.8997664452
0.0603259094
0.0908915848
0.0648636892
2.7496385574
0.0644037649
0.0426746942
0.1011474729
1.0610338449
0.0522535965
0.0769289806
0.0342285931
19.6907253265
2.1859683990
0.0524668172
0.0768201947
0.6811698079
0.0566150695
0.0847784579
0.0445944630
0.0521277003
1.1228775978
0.9450904131
0.1311613172
1.9251873493
0.0659158528
3.6187093258
1.8789860010
0.9212079048
0.0506779626
17.7804851532
0.0583594441
1.7116940022
0.7256770134
0.0946545079
0.0511906072
2.6345875263
6.4659919739
2.6188590527
0.0888223797
0.0400053784
0.0787578523
0.0631666183
1.0409626961
0.0563443564
0.3897497356
0.0671504587
10.3002719879
1.6799710989
0.0710228682
0.0813716054
0.0722902939
0.0692659616
0.0679482371
4.1466002464
0.0863300264
0.0646727830
0.0583954826
1.0927695036
0.5952105522
0.9170389771
0.0649651587
0.0510482825
0.0623245426
0.0561916865
0.0455867834
0.0970186219
1.1246073246
0.0905954465
0.0664753020
0.1041869596
0.1260710955
0.1185943037
2.6145341396
1.4613269567
0.0635175705
0.0866479501
0.0859236717
1.3779911995
0.0520288125
0.0529817119
0.0632596686
0.0625542700
0.0871323347
0.0636719018
0.0678881332
0.1002411470
0.0681622103
4.3853216171
0.0681414306
0.0520697050
0.1189636439
0.0660933554
2.6892161369
13.3335819244
0.0369350091
0.9244713187
0.1167396754
0.0420533046
0.0507358946
0.0925104469
0.4280944765
0.2248793989
0.0696439743
4.3277444839
0.3245784044
1.7000983953
0.0849561840
0.8248963356
0.0843993202
0.0520157330
0.0633953884
0.0755756721
0.0585760064
2.2460062504
0.0439552367
0.1318391562
0.1081737131
0.1155579984
1.2924679518
1.3915336132
0.0590368770
0.0567913279
0.2126301378
0.0837869868
0.0589551739
0.0523902737
2.2521049976
0.1201007217
0.0322815143
0.0555089936
0.3232623935
0.5335404873
0.2825938165
0.0652055368
0.0406200737
1.0126664639
1.6638122797
0.8247602582
0.0854401290
3.1184234619
0.2699385285
0.0940169692
0.8691172004
1.8117425442
1.6757873297
0.0749963894
0.1152097061
0.0515627451
1.7687375546
4.3227252960
0.0809914321
0.0485911034
0.0493385717
0.0552446730
1.8691692352
0.0792782307
4.2194347382
0.2469948232
0.9135922790
1.9240442514
0.0628202632
3.5371410847
0.1022586823
0.0619184636
0.1294776350
4.0040168762
0.0739154369
0.0748794377
0.2184599787
0.0613788925
0.0825799331
0.0683133453
1.0873657465
3.2692661285
0.0589223430
0.0629688203
0.0602842905
4.2245845795
2.4069018364
1.5657392740
2.3496356010
0.0574981272
0.0524332039
0.0734888539
0.0668693557
0.0568182357
0.9018776417
0.0505934395
0.0483780019
2.6302475929
0.0628995970
0.0813962370
0.8667433262
0.0686807036
2.6534192562
0.0493439957
0.0509684533
0.1143989414
0.1060153767
0.0699904710
1.4673544168
0.0639040768
1.2959766388
0.0595244765
0.9876159430
0.0641790926
0.0527959988
7.6619462967
0.0606640354
0.0689015090
0.0497220345
3.5835278034
0.1403518021
0.0617790706
0.0636846870
0.0655971617
1.5557947159
0.1466673762
1.7690335512
0.0581946447
0.0609698705
1.7598042488
0.0593504831
0.0800905749
0.0767171532
0.9606230855
0.1102416664
0.3223786652
2.9890477657
1.0435532331
0.0454745963
0.0521870889
1.6148233414
0.0658080950
0.0663746968
0.0605434105
0.0460081212
0.0577068478
0.0623157509
0.2415990084
0.1160002053
0.1444281489
0.0674415901
3.9795682430
0.0796596557
0.0329837166
0.0514653325
0.0703747794
0.0619624630
0.0603562035
0.1208887994
0.2242162228
0.6920228004
0.0750326514
1.9570962191
0.0416585952
0.0694939047
0.0469649769
1.3362394571
0.1036762372
0.0776764974
0.0481972098
3.6606888771
1.3040176630
2.5603816509
0.0578851365
3.1239085197
0.0693121552
0.0753331408
0.0875314251
1.3665614128
0.2811006606
5.5681362152
2.1998026371
0.0779771730
0.8018541932
0.0541473962
0.0457324646
2.0241019726
5.9896936417
0.0762465969
0.0969444588
0.0520621166
0.0680067986
3.4668211937
0.6087585688
0.2430349588
0.1657586545
1.7612695694
0.0437235646
3.5775229931
0.8630586863
0.0602693036
0.0593199059
