0.0614914000
0.0986871719
0.0540118441
0.0514907092
0.1382150054
0.3878538907
0.1023290679
0.2242821902
0.0486612953
0.0477836542
0.0044670086
0.0913532153
0.0025460536
0.0726842731
0.0009616872
0.0534328669
0.0722150877
3.5242605209
0.0583485626
0.0795879811
0.0806396082
2.5991222858
0.0372557938
0.8700003028
0.0360353924
0.0651525930
0.1544651687
0.0566522367
0.2036592960
0.4046984315
0.0535258017
0.0687000453
0.1094996333
0.0506383143
0.0913487449
0.0441491976
0.0361804739
0.1071485132
0.5158721209
0.1035498977
0.0027522459
0.0306973681
0.0743143484
0.1208171174
0.0577674285
0.0392994732
0.0881042928
0.0326141417
0.5355122089
0.0330350846
0.0904915035
0.0021152068
0.0637961328
0.8370167017
0.0865050033
1.8375052214
0.1010052338
0.0480366535
0.0379805230
0.1047792360
0.0884235874
0.0695038661
0.0754433423
0.0119102178
0.0681682378
0.0381652899
0.0679069832
0.0417826734
0.0503862798
0.1084023416
0.0574155822
0.0284289047
0.0782352686
1.8032107353
0.0592731871
0.0645233318
0.1730865091
0.0770936683
0.0414267257
0.0624230988
0.1159746945
0.1079489365
0.0713735968
0.3226555884
0.0520825498
0.0575836003
0.0312782153
0.3773221076
0.0461378433
0.9846599102
3.6553015709
0.0481746122
0.0543088131
0.0525012799
0.0031223029
0.0993225724
0.0563992374
0.1511029601
0.0616071783
0.0671872646
0.0448983163
0.0715757757
0.0501094684
0.2492274344
0.1856984347
0.0228258073
0.0951993838
0.5803623199
0.0891652778
0.0770319626
0.0494405963
0.0993724242
0.8510669470
0.0451785140
0.0502731428
0.0824642405
0.0849300176
0.0783679038
0.0933999047
0.0517400466
0.0605510473
0.3373789489
0.0791961104
0.0738504380
0.1007465124
0.0330194980
0.0466371551
0.0492335297
0.0547851138
0.0572524145
0.0418292433
0.0659990311
0.0229552239
0.1620958596
0.0733084455
0.2192811370
0.0758478194
0.1549477875
0.0842038095
0.1471173167
0.1046874449
0.0837637186
0.0651495457
0.0621195883
0.0646407157
0.0919566676
4.7141795158
0.1959352791
0.1110730395
1.2840135098
0.0338994823
0.0638761222
0.0258840472
0.0737208873
0.0029765214
0.2155056596
0.0840334147
2.7543842793
0.0976320133
0.0498674735
0.0197048597
0.0486819856
0.0558180958
0.0565394424
0.1290273070
0.0529971682
0.0998177081
0.0902543142
0.1092498675
0.0829909518
0.0927708745
0.0886451825
0.0297640208
0.0973506048
0.0922786966
0.0535978116
0.0812213048
0.2020497471
0.3055179417
0.0730099902
0.1012555510
0.0501256660
0.0745523125
0.0069062300
0.0342567377
0.0354758166
0.0595963113
0.0688949004
0.0564903021
0.0509039573
0.0248278249
0.2396549881
0.0769335404
0.0726477280
0.0510956831
0.0870183855
0.1398106664
0.0664328784
3.8079636097
0.0825717077
0.0661318824
0.0664330199
1.5677510500
0.1183085591
0.0596290454
0.0714319944
0.2423444986
0.3887813687
0.0376743712
0.0676807016
0.1343914419
0.1136696264
0.1748350859
0.0634954497
0.0942128524
1.3296257257
0.3901467919
0.0495585948
0.0770327225
0.0907687619
0.1219883338
0.0605348498
0.0542164370
0.1414703727
0.0594636798
0.2041981071
0.1291795224
0.1242874414
0.0631153658
0.0617408976
0.0858232751
0.0573721677
0.1258075386
0.0343175307
0.0603602231
0.0600448176
0.0169620086
0.0545794591
0.0939983353
0.0745563656
1.7159597874
1.4394004345
0.0786163658
2.0078294277
0.0971788839
0.0407698974
0.0629136488
0.0754803419
0.2180623412
0.0847082660
0.1361435503
0.0841328353
0.0615745746
0.0718054771
0.0788037702
0.0969723314
0.0033891962
0.1598614901
0.1625986248
0.0685761496
0.0577219166
2.4921250343
0.0455638170
2.0460715294
0.1172296852
0.0411698632
4.7429432869
0.0319318362
3.2933959961
1.0496366024
0.1045758799
0.0828798264
0.6839180589
0.0009528624
0.0866667405
0.0388330854
0.1681183577
0.0665150061
0.1200571731
0.0389613472
0.0995625257
0.1214060336
0.0661515221
0.2329058349
0.0038373992
0.0790484622
0.0437462516
0.0270184539
0.0554843172
0.0540937372
0.0854013711
0.0873074383
0.1473235041
0.0689372718
0.0996881351
0.1345879883
0.0519744232
0.4141176343
0.0688310415
0.0363783911
0.1126350686
0.0610638298
0.1921447068
0.0309637990
0.0666259900
0.0576080531
0.0915875882
0.1832596362
0.0946925506
0.0804972798
0.1029898822
0.0365733951
3.7949006557
0.1235253662
0.1091160625
0.0683059692
0.1736414433
0.0253121424
0.0635256395
0.1135696471
0.0858814120
0.0289153419
0.0848638937
0.0513780452
0.0469164141
0.0607754961
2.8585240841
0.0656420290
0.0477810577
0.0360665843
3.5341174603
0.0361807421
0.0527413562
0.0154049313
0.1488520503
0.0378348902
0.0727992877
0.0854080096
0.1141058803
0.1564118117
0.0554419607
0.0018032668
0.0575129613
0.0022206274
0.0705604553
0.0698691234
0.0630116910
0.0922341123
0.0684206337
0.1762079000
0.1212656796
0.0863214508
0.0338911563
3.1908965111
0.7705530524
0.0925286859
0.0535906665
0.0555583574
2.2654678822
0.0540477484
0.0707450733
0.1049358323
0.1580141485
0.0278023481
0.0885741785
0.0597541146
1.1146678925
0.0665805340
2.9194619656
0.0212622564
0.0564612597
0.0540273301
0.0440823175
0.0903486460
0.0508335717
0.3017024398
0.1040853113
0.0726920813
0.1606266052
0.0764026865
0.0530824400
0.0967440158
0.0512312762
0.0541788451
