0.1425134689
0.0603618547
0.1097283512
0.1491401792
0.1808165163
0.0465379730
0.2226814777
0.2058931887
0.2054641694
0.2432785034
0.1837578714
0.1703485101
0.3403341174
0.2359967083
0.0889458731
0.2434297353
0.1353565305
0.2001418173
0.2012461722
0.0117954453
0.1749961972
0.2127732188
0.1734316051
0.1973336190
0.1541736722
0.2050568610
0.1601571143
0.1808138937
0.1350562721
0.3889599741
0.2456319779
0.1365950257
0.2468259335
0.2374555469
0.1644400209
0.2514336109
0.1524668932
0.0702427104
0.0530843474
0.1938146651
0.1763654202
0.0131142316
0.2213011384
0.1789558977
0.3807679415
0.0859593824
0.2311165631
0.2831484973
0.1318653822
0.4065940082
0.1903074533
0.1700833440
0.0939531624
0.1775139719
0.1219625399
0.2221004069
0.1568185687
0.0781505480
0.1698338389
0.1501854509
0.2783961296
0.2067700028
0.2231091261
0.1828492433
0.1905160844
0.2283619791
0.1176938042
0.8211681843
0.1535768807
0.2001706064
0.1707605422
0.2107785642
0.1454499662
0.1213346720
0.0929251984
0.3623019755
0.1365035623
0.1570392400
0.1244966686
0.1728243828
0.1984508932
0.2355493456
0.3397935927
0.1582474560
0.0503874756
0.0682326555
0.2074803412
0.1380640566
0.2782579362
0.1320620775
0.3350440860
0.2298961729
0.2623225152
0.0020915922
0.1337085962
0.2664715946
0.1471894830
0.1674153656
0.1525738239
0.0850475505
0.3030805886
0.1820409000
0.0530587621
0.2525026798
0.2157359421
0.1485550255
0.1583619714
0.1304619759
0.0708484724
0.2591891885
0.1450125873
0.2359567583
0.0876398087
0.0995911211
0.1722159684
0.0440105833
0.1908013523
0.2812244892
0.1775907129
0.0082412623
0.0266487263
0.1300718933
0.1253975183
0.2374771982
0.6097103953
0.7058766484
0.0223285649
0.2164050043
0.1400395483
0.0971678123
0.1364264786
0.3683981597
0.1820776463
0.2242511660
0.1226837859
0.2022008747
0.2278546244
0.0968289822
0.2789416909
0.0943270326
0.1475699544
0.1789577901
0.1019136906
0.1315620840
0.2670452297
0.0714983568
0.0984885320
0.1181806102
0.6975657344
0.1295897663
0.2175492048
0.1821719557
0.1809892952
0.0983951241
0.0593342893
0.2406945676
0.0437696539
0.3451966941
0.1246669665
0.0988059863
0.0358909667
0.1088264361
0.0780675039
0.1746221185
0.2641374469
0.0433764979
0.1039246172
1.0010291338
0.0704572350
0.1442245990
0.1278188229
0.2203398943
0.1300126314
0.0947510451
0.0105099101
0.2326267064
0.1772516370
0.2189883590
0.2070484310
0.3608397543
0.1826217920
0.0839306414
0.0767942667
0.2854440510
0.1054922193
0.1735743284
0.3165447712
0.0808278173
0.1808355153
0.1806918383
0.0997604430
0.6196537018
0.0497480333
0.2067205012
0.2617882490
0.1880302280
0.1531336755
0.2781002522
0.0316693857
0.2632353008
0.0858866796
0.2470480204
0.1314069778
0.3334692419
0.1126715466
0.1816275120
0.1110889614
0.1163040251
0.0699528530
0.1010691226
0.2517919838
0.1179300845
0.2108067423
0.1761922836
0.1432010233
0.1711003035
0.0717713833
0.2876468599
0.0930323675
0.1966303885
0.1658976525
0.1496958435
0.2174795568
0.2556887567
0.0347526781
0.2187983394
0.1539331526
0.1613128930
0.2406082153
0.0572496578
0.1239037663
0.0041263960
0.1676726788
0.2007386386
0.1269077212
0.0603873730
0.1317333877
0.0816263631
0.0573407002
0.1032175869
0.0508292168
0.3580317795
0.0872387663
0.2661384642
0.1661858559
0.0178118683
0.2670455873
0.2207114398
0.1462273151
0.3218789697
0.2982183993
0.1879630983
0.2067326307
0.1641518325
0.3058614433
0.0854886845
0.1000179872
0.1667385250
0.1541691273
0.8980658054
0.0809364840
0.1439188719
0.2042488754
0.5558462739
0.1736316681
0.2826586366
0.0766983479
0.7862784266
0.2076556981
0.1840125769
0.0929566100
0.1085694507
0.1306473315
0.2055692822
0.1208905354
0.2206068784
0.1192498580
0.7395394444
0.1589423418
0.2952308059
0.0936688855
0.1400365978
0.1715379953
0.2385375351
0.1841660440
0.0782030076
0.2463449836
0.1760585308
0.1567791998
0.0752975345
0.3254114687
0.1931148320
0.0757802203
0.2314044386
0.1713025272
0.0589220859
0.1893874854
0.1405975074
0.3993893564
0.1843367964
0.1623004824
0.1197933257
0.2241654694
0.0691848174
0.0459294096
0.1206688434
0.2588562965
0.1808134615
0.3072112799
0.1958509386
0.0178524815
0.1064516306
0.2366828918
0.2377568334
0.2171370536
0.0387266912
0.2008351833
0.2214623690
0.0885734037
0.2662835121
0.0991091579
0.1070107371
0.0586929433
0.1645254046
0.0794776008
0.1661086679
0.1181597561
0.1588992923
0.4749678373
0.3066479862
0.0144665195
0.1148952842
0.1248823926
0.1708003134
0.0838506669
0.2062302977
0.2475889325
0.1515184194
0.2501160204
0.1080325097
0.1293430626
0.1495164633
0.1621237844
0.2432874590
0.1554831266
0.0446202345
0.2826768756
0.0602014698
0.1371955723
0.1656865776
0.1876872778
0.0637825802
0.2302311659
0.1077557132
0.1395144314
0.0797208697
0.4986951053
0.0326141380
0.2522431016
0.0534089580
0.0369473547
0.2079172432
0.2889383435
0.2057897002
0.2355856746
0.1001123488
0.1725076139
0.2720112801
0.1206729338
0.1329675317
0.2372554988
0.0352627747
0.1601756215
0.1147138178
0.1740356088
0.1162909344
0.0931448191
0.1661941856
0.1723930836
0.1728145331
0.1019230783
0.0176805146
0.0448440723
0.1941315681
