0.2458078712
0.2688097060
0.1451984793
0.5552025437
0.2108124346
0.3010497689
0.5708841681
0.3945097029
0.3654583097
0.4004854560
0.2801004946
0.4442041218
0.3386553228
0.5070909262
0.3391408026
0.1732860059
0.3917374611
0.1393585056
0.2156003714
0.1991685182
0.3692167997
0.3718961775
0.4109190702
0.1454619169
0.6221261621
0.5168423057
0.2057884783
0.2597243488
0.2651735544
0.4165453613
0.2823977172
0.4144808650
0.3483647704
0.3557116091
0.3287265301
0.1329051554
0.2165606618
0.7492409348
0.4327540994
0.3204788268
0.1877575517
0.4145506918
0.2970386446
0.4902058542
0.3048182428
0.3670437932
0.2338799834
0.2015988231
0.4879228175
0.3182516694
0.3579181731
0.2924723625
0.3544513583
0.3876525164
0.1989071518
0.3684433103
0.2115540951
0.9487006664
0.3984275758
0.1999590844
0.1985656321
0.7920048237
0.1891206950
0.4132241011
0.3573912084
0.4323990047
0.4517422020
0.3403142691
0.1374163777
0.3164954484
0.3137842119
0.2640271485
0.3345944285
0.3643873930
0.4655142725
0.1735691279
0.1315512359
0.2031285018
0.5205991864
0.7462015152
0.3988157809
0.3080415428
0.2917532921
0.1948430091
0.5945087671
0.1456272602
0.4206463993
0.1864309013
0.1864432544
0.1544051766
0.3301206529
0.5114675760
0.3460583687
0.4479975998
0.7370629311
0.3759276569
0.2461311370
0.3481334448
0.5321888924
0.3596013188
0.4232721627
0.3274598420
0.5316427350
0.3890045583
0.4172106385
0.4452097118
0.1469769031
0.3891707659
0.3519536257
0.4798575640
0.3016344011
0.3904388547
0.5740284324
0.5856313705
0.3734184802
0.5079321861
0.2386701256
0.4315870106
0.3997099102
0.3039200008
0.3732509017
0.2607311308
0.2022093087
0.4351418316
0.7809534073
0.1619985849
0.2194951922
0.3232547641
0.4044529200
0.2961465120
0.4688005745
0.3916098773
0.3471257687
0.3977143168
0.2539418638
0.3773467839
0.1679304689
0.2413289547
0.2739105523
0.4000001550
0.2530134320
0.1500252485
0.3243945837
0.2443897426
0.1830919683
0.6064431071
0.5809995532
0.3977209330
0.4213267863
0.1062808856
0.3301106691
0.4328446686
0.1608592570
0.4057268500
0.4158642292
0.2824668586
0.2290967107
0.4259296358
0.5563838482
0.4510481954
0.3209819794
0.3268402517
0.2521011233
0.4513630569
0.1386568397
0.4308533370
0.3282731771
0.3032690585
0.4671655297
0.5437772870
0.4484515190
0.4449915290
0.1266790032
0.3076809049
0.3537040949
0.5476778150
0.2789759040
0.3334962130
0.4238598347
0.1428939253
0.1820226014
0.2382138371
0.3817979395
0.3455078006
0.3031084538
0.1727640033
0.3962536156
0.6320174336
0.4411289394
0.1052717119
0.6320411563
0.1507221162
0.4219110310
0.4405932426
0.4093569815
0.3994143009
0.2748075128
0.4497295618
0.1601733267
0.3045336008
0.7324733138
0.4167281091
0.1963995695
0.1323404759
0.2670557499
0.3443069756
0.4268747270
0.1344853193
0.4569159448
0.3274046183
0.4059160054
0.4340264201
0.6848828793
0.2354839295
0.3524377644
0.1500484347
0.3109273911
0.1980152279
0.3123838007
0.3658637106
0.2808588743
0.3413063288
0.3004834652
0.1636047065
0.3935419917
0.4433725476
0.2924706936
1.8014723063
0.4597698450
0.2113196999
0.4113512635
0.1336791366
0.4664383531
0.2089854032
0.3956794739
0.5372389555
0.2502627075
0.4523234367
0.3758305609
0.1191621944
0.4113570452
0.4814001024
0.4425289631
0.4512772560
0.3582640290
0.8814731836
0.2478679270
0.3903697133
0.3823429644
0.1698591560
1.0278238058
0.2947471738
0.2727086246
0.4869565070
0.3118776679
0.2667213678
0.1354878992
0.2416868955
0.3997624218
0.2494107485
0.1710916013
0.4258213043
0.4362103343
0.4356988966
0.4111969173
0.4714794159
0.4553886056
0.2972803116
0.4661120176
0.3277952075
0.4905326962
0.5223480463
0.1995211840
0.3078243136
0.3455165029
0.3681273460
0.3409917057
0.3132999241
0.3525641859
0.3529821038
0.1292431951
0.8060268760
0.1986964941
0.2965708673
0.3454978764
1.0350679159
0.2202328444
0.5175143480
0.1819911450
0.2205730081
0.5936359167
0.5003955364
0.3708300889
0.2077444047
0.3237358630
0.2196201831
0.4131067097
0.4677659273
0.4295268059
0.3623056114
0.4248227179
0.3987672031
0.2632225752
0.1489352137
0.1967375427
0.5486663580
0.5181047320
0.2053566426
0.3992523849
0.4108240902
0.3980141282
0.5004372597
0.3542780876
0.5297028422
0.1561633945
0.2164989710
0.1907873005
0.2850489914
0.4390286505
0.4292588234
0.3582226932
1.4601006508
0.2538725734
0.4231608808
0.1895162910
0.4395994246
0.2178927511
0.2216676921
0.4640557468
0.4248436093
0.1248293817
0.1653366089
0.5811808705
0.2992046177
0.1529930383
0.5157933235
0.1738295704
0.3114628494
0.2866981328
0.1707040071
0.3772800565
0.5284727812
0.2522365153
0.4313647747
0.9414113760
0.4256258905
0.2109292448
0.4550057650
0.3323412538
0.1914296597
0.1474089473
0.4061461687
0.4826282859
0.5484622717
0.6411848664
0.5523316264
0.3989403546
0.3810478747
0.3938267529
0.2393539995
0.3814427853
0.2104402483
0.1657716036
0.2086770386
0.3076006770
0.1633974314
0.3781892061
0.4617133737
0.2603589594
0.2024116963
0.6920388937
0.3613637388
0.3906066120
0.2101669163
0.5457463264
0.2340499759
0.4001267552
0.3931634426
0.1560641229
0.8785709143
0.3007712960
0.5733454227
0.4102656841
0.4875524044
