0.2345064878
0.1558272541
0.2241933346
0.1202909201
0.2176443040
0.2049980313
0.0833355263
0.0620120503
0.2157870829
0.0761099607
0.2300449014
0.1123914942
0.2172879726
0.7950404286
0.1420300901
0.2296544462
0.0977785140
0.2236539423
0.3587096334
0.2274274081
0.1654404402
0.0738974735
0.1379364729
0.1693786234
0.1260789931
0.1621189415
0.2717353702
0.3812222779
0.4064072967
0.0876640230
0.4002303183
0.1649067700
0.4456920028
0.0779946372
0.1192541942
0.2047462463
0.2351737767
0.5696226358
0.1142792180
0.1715118885
0.2662565410
0.0959180668
0.1648008227
0.0973393321
0.3867545724
0.0088435048
0.2637661994
0.2107721865
0.0003297820
0.3529594839
0.1053151935
0.2388101518
0.0699429885
0.1120324209
0.3121287823
0.2315456718
0.2138269395
0.6925517917
0.1791307330
0.1902614832
0.1377149969
1.0375503302
0.3067579269
0.2452135980
0.1124908999
0.0754339993
0.0596673973
0.0142707173
0.2296622545
0.3785796165
0.0588383079
0.1282933801
0.1510944366
0.0394399539
0.5468199253
0.2249613851
0.1473439485
0.2425586730
0.1512609422
0.6428472400
0.2012245804
0.1035575420
0.2975168228
0.1983721703
0.0297646411
0.3935507536
0.2550975680
0.2567422092
0.2227051258
0.2153679878
0.0230197702
0.4083774686
0.0065362477
0.4191260934
0.7843957543
0.3760315776
0.2526871860
0.3888327479
0.3925864100
0.2226609141
0.1359169185
0.3370418549
0.0633596629
0.2776486278
0.1291563064
0.1440782547
0.2067796886
0.1153933853
0.5057326555
0.2472627461
0.1421847492
0.1898257285
0.1731194109
0.7134951949
0.1674280167
0.1503462195
0.2387812436
0.2392939627
0.1979222149
0.1934772283
0.1458360404
0.1871163547
0.2210965604
0.0737080649
0.1477587223
0.1153007224
0.0346588716
0.1577483118
0.2040278018
0.4052940309
0.1759010255
0.1542945355
0.0201182384
0.2948710620
0.1224151701
0.2850262225
0.1601914167
0.2692676187
0.0044795531
0.2855263948
0.3352001309
0.2165830433
0.4548164904
0.3384498060
0.1987513900
0.6024053693
0.1433875561
0.0985004604
0.2649126947
0.1211801171
0.1078713238
0.1986564249
0.2256641239
0.3754011095
0.1154414117
0.3394416869
0.2001113445
0.1614176333
0.3601441383
0.2502728701
0.1323245317
0.2003699243
0.1544287205
0.0575248376
0.1951659471
0.0941033810
0.0561282188
0.2097465992
0.4165544510
0.3910359740
0.5376032591
0.1456999034
0.1265176088
0.1138028502
0.1516889781
0.4343569875
0.1875550896
0.0580259115
0.1141053066
0.1577123553
0.1763377637
0.1288865060
0.1465360969
0.3513852060
0.1061000079
0.2863568366
0.2083920240
0.5539697409
0.3083152473
0.2002166212
0.1378777176
0.2804271579
0.3174542785
0.1958089024
0.1303617954
0.0655733645
0.1763454527
0.1734467149
0.2432842106
0.1483666152
1.5979608297
0.1099158227
0.1999864429
0.1897753328
0.0824263319
0.1106236055
0.1560657322
0.2181772143
0.2839422524
0.2021714002
0.0449716784
0.0300804432
0.5132579803
0.2696890533
0.2157752961
0.2131173462
0.0197954271
0.2716439366
0.1082522720
0.2513582408
0.2411706597
0.0410953537
0.2008548677
0.2055755854
0.1043638214
0.4255029261
0.1396967173
0.5938699841
0.3373985291
0.2537204623
0.4150044322
0.3681654632
0.7302803993
0.0831838995
0.0276909824
0.2449186593
0.1401353776
0.1207102910
0.2810240388
0.1338787973
0.1486390829
0.0412416570
0.2775505781
0.4985723495
0.1638091803
0.5948168635
0.0332266837
0.0178982727
0.1650705487
0.1723056436
0.1853983551
0.2650682628
0.3263958991
0.5158259273
0.1341358274
0.1214152277
0.1516747922
0.0298953280
0.1643400192
0.0344684459
0.1856861413
0.0724517256
0.2113442421
0.0756069794
0.3282520771
0.1586495638
0.1852167547
0.5209518075
0.0362099446
0.1579260677
0.3324337006
0.4742600620
0.1958960891
0.0218859557
0.2116709352
0.1390205473
0.2548975348
0.1842149198
0.1385238022
0.0202183742
0.2384864390
0.2842653692
0.2064227760
0.3248412311
0.3569415510
0.0244332477
0.2626935244
0.0900806189
0.2227701992
0.1969339252
0.4937308133
0.1373987645
0.4985419512
0.3909567893
0.0671044365
0.2646433115
0.2482572794
0.2720341384
0.0881773904
0.0360130705
0.1807231903
0.1273287684
0.3171614707
0.2190786749
0.1895811856
0.3273094296
0.4233078659
0.5442441106
0.0247663464
0.0572569445
0.1344972849
0.6580439806
0.2057051659
0.2118110359
0.1850790530
0.2642721534
0.2349134237
0.3200820982
0.2253699005
0.2268454731
0.1700887680
0.1684170067
0.2585418820
0.5998200774
0.2190591991
0.6191177964
0.1015596911
0.2919855714
0.2292460650
0.2847320437
0.2006882131
0.2129736096
0.1959556341
0.0671090335
0.2342537940
0.0304335952
0.2046889812
0.2054611444
0.1118983105
0.2130601406
0.1550339013
0.1383742988
0.2007150054
0.0306139514
1.2313296795
0.1336598247
0.2226530612
0.1654939651
0.1620181799
0.1615615934
0.1885866374
0.1288715303
0.3116401732
0.4891820252
0.5453448296
0.2893225551
0.3092699945
0.1929147393
0.1702383906
0.1260368228
0.3640519083
0.1989181638
0.3775211871
0.3481989503
0.0313877948
0.1637747586
0.1393207014
0.2561413050
0.2762620151
0.2109980583
0.3729786277
0.0973976552
0.2195346355
0.2242748439
0.2111673504
0.1390119493
0.1666093618
0.2571392059
0.2035887241
1.3821861744
0.1277571023
0.2052206397
0.2319395989
0.2916100025
